State,County,Agency,Ori,total aggravated-assault crimes (2015-2023),total aggravated-assault cleared crimes (2015-2023),total aggravated-assault actual crimes (2015-2023),total violent-crime crimes (2015-2023),total violent-crime cleared crimes (2015-2023),total violent-crime actual crimes (2015-2023),total arson crimes (2015-2023),total arson cleared crimes (2015-2023),total arson actual crimes (2015-2023),total human-trafficing crimes (2015-2023),total human-trafficing cleared crimes (2015-2023),total human-trafficing actual crimes (2015-2023),total rape-legacy crimes (2015-2023),total rape-legacy cleared crimes (2015-2023),total rape-legacy actual crimes (2015-2023),total homicide crimes (2015-2023),total homicide cleared crimes (2015-2023),total homicide actual crimes (2015-2023),total burglary crimes (2015-2023),total burglary cleared crimes (2015-2023),total burglary actual crimes (2015-2023),total motor-vehicle-theft crimes (2015-2023),total motor-vehicle-theft cleared crimes (2015-2023),total motor-vehicle-theft actual crimes (2015-2023),total larceny crimes (2015-2023),total larceny cleared crimes (2015-2023),total larceny actual crimes (2015-2023),total rape crimes (2015-2023),total rape cleared crimes (2015-2023),total rape actual crimes (2015-2023),total property-crime crimes (2015-2023),total property-crime cleared crimes (2015-2023),total property-crime actual crimes (2015-2023),Latitude,Longitude
Florida,ALACHUA,Alachua County Sheriff's Office,FL0010000,4755,1733,3022,6377,2206,4171,127,21,106,0,0,0,11,2,9,43,17,26,3506,403,3103,1073,211,862,9516,1192,8324,689,163,526,14095,1806,12289,29.643612,-82.2908
Florida,ALACHUA,Gainesville Police Department,FL0010100,5719,2093,3626,8737,2989,5748,62,12,50,0,0,0,7,0,7,50,24,26,3791,722,3069,2893,530,2363,29225,5928,23297,1173,295,878,35909,7180,28729,29.67574,-82.357221
Florida,ALACHUA,High Springs Police Department,FL0010400,138,45,93,170,53,117,1,0,1,0,0,0,0,0,0,0,0,0,163,25,138,28,11,17,540,107,433,20,6,14,731,143,588,29.67574,-82.357221
Florida,ALACHUA,University of Florida,FL0010600,58,25,33,140,52,88,1,0,1,0,0,0,5,1,4,0,0,0,214,35,179,139,29,110,2274,280,1994,58,17,41,2627,344,2283,29.67574,-82.357221
Florida,ALACHUA,Alachua Police Department,FL0010800,285,85,200,358,108,250,6,0,6,0,0,0,0,0,0,3,1,2,292,28,264,109,13,96,1381,164,1217,30,9,21,1782,205,1577,29.67574,-82.357221
Florida,ALACHUA,Santa Fe College,FL0012700,4,2,2,6,2,4,0,0,0,0,0,0,0,0,0,0,0,0,8,3,5,2,0,2,135,28,107,1,0,1,145,31,114,29.680899,-82.43032
Florida,ALACHUA,"Department of Corrections, Office of the Inspector General: Alachua County",FL0012900,0,0,0,0,0,0,0,0,0,0,0,0,0,0,0,0,0,0,0,0,0,0,0,0,0,0,0,0,0,0,0,0,0,,
Florida,ALACHUA,Division of Alcoholic Beverages and Tobacco: Alachua County,FL0015000,0,0,0,0,0,0,0,0,0,0,0,0,0,0,0,0,0,0,0,0,0,0,0,0,0,0,0,0,0,0,0,0,0,30.423128,-84.28066
Florida,ALACHUA,Florida Game Commission: Alachua County,FL0018000,0,0,0,0,0,0,0,0,0,0,0,0,0,0,0,0,0,0,0,0,0,0,0,0,0,0,0,0,0,0,0,0,0,29.722952,-82.417946
Florida,ALACHUA,Highway Patrol: Alachua County,FL0019000,40,14,26,40,14,26,0,0,0,0,0,0,0,0,0,0,0,0,6,3,3,43,13,30,32,11,21,0,0,0,81,27,54,29.67574,-82.357221
Florida,ALACHUA,"Department of Agriculture and Consumer Services, Office of Agricultural Law Enforcement: ",FL001A00X,0,0,0,0,0,0,0,0,0,0,0,0,0,0,0,0,0,0,0,0,0,0,0,0,0,0,0,0,0,0,0,0,0,,
Florida,BAKER,Baker County Sheriff's Office,FL0020000,1079,442,637,1211,486,725,6,3,3,0,0,0,3,1,2,12,5,7,665,193,472,219,66,153,1984,556,1428,56,13,43,2868,815,2053,30.294596,-82.12483
Florida,BAKER,"Department of Corrections, Office of the Inspector General: Baker County",FL002040X,0,0,0,0,0,0,0,0,0,0,0,0,0,0,0,0,0,0,0,0,0,0,0,0,0,0,0,0,0,0,0,0,0,30.426645,-84.249504
Florida,BAKER,Division of Alcoholic Beverages and Tobacco: Baker County,FL002500X,0,0,0,0,0,0,0,0,0,0,0,0,0,0,0,0,0,0,0,0,0,0,0,0,0,0,0,0,0,0,0,0,0,30.423128,-84.28066
Florida,BAKER,Florida Game Commission: Baker County,FL0028000,0,0,0,0,0,0,0,0,0,0,0,0,0,0,0,0,0,0,0,0,0,0,0,0,0,0,0,0,0,0,0,0,0,30.324442,-82.302284
Florida,BAKER,Highway Patrol: Baker County,FL0029000,7,2,5,7,2,5,0,0,0,0,0,0,0,0,0,0,0,0,0,0,0,0,0,0,3,1,2,0,0,0,3,1,2,30.324442,-82.302284
Florida,BAKER,"Department of Agriculture and Consumer Services, Office of Agricultural Law Enforcement:",FL002A00X,0,0,0,0,0,0,0,0,0,0,0,0,0,0,0,0,0,0,0,0,0,0,0,0,0,0,0,0,0,0,0,0,0,,
Florida,BAY,Bay County Sheriff's Office,FL0030000,3313,1433,1880,4194,1814,2380,62,31,31,0,0,0,0,0,0,51,25,26,4869,1669,3200,1980,792,1188,15531,5111,10420,539,246,293,22380,7572,14808,30.237563,-85.631348
Florida,BAY,Panama City Police Department,FL0030100,2470,972,1498,3294,1336,1958,70,33,37,0,0,0,0,0,0,36,17,19,4594,2287,2307,2132,906,1226,17541,7739,9802,196,77,119,24267,10932,13335,30.17504,-85.64405
Florida,BAY,Mexico Beach Police Department,FL0030400,25,4,21,30,6,24,2,1,1,0,0,0,0,0,0,0,0,0,58,4,54,8,1,7,192,19,173,2,1,1,258,24,234,30.237563,-85.631348
Florida,BAY,Springfield Police Department,FL0030500,426,165,261,564,215,349,10,5,5,0,0,0,0,0,0,3,1,2,526,116,410,253,79,174,1639,286,1353,75,30,45,2418,481,1937,30.237563,-85.631348
Florida,BAY,Panama City Beach Police Department,FL0030600,895,387,508,1289,553,736,9,3,6,0,0,0,0,0,0,17,8,9,1021,385,636,62,19,43,7771,2730,5041,182,81,101,8854,3134,5720,30.228601,-85.889694
Florida,BAY,Lynn Haven Police Department,FL0030700,317,147,170,406,183,223,4,2,2,0,0,0,0,0,0,2,1,1,362,98,264,197,74,123,2439,694,1745,53,24,29,2998,866,2132,30.237333,-85.64769
Florida,BAY,Florida State University: Panama City,FL0031100,2,1,1,4,2,2,2,1,1,0,0,0,0,0,0,0,0,0,2,0,2,0,0,0,23,1,22,0,0,0,25,1,24,30.439632,-84.29678
Florida,BAY,Northwest Florida Beaches International Airport,FL0031300,0,0,0,0,0,0,0,0,0,0,0,0,0,0,0,0,0,0,0,0,0,7,2,5,21,1,20,0,0,0,28,3,25,30.20508,-85.68739
Florida,BAY,"Department of Corrections, Office of the Inspector General: Bay County",FL0031600,0,0,0,0,0,0,0,0,0,0,0,0,0,0,0,0,0,0,0,0,0,0,0,0,0,0,0,0,0,0,0,0,0,30.426645,-84.249504
Florida,BAY,Parker Police Department,FL0032600,148,62,86,211,94,117,6,3,3,0,0,0,0,0,0,3,2,1,349,166,183,111,49,62,977,390,587,41,20,21,1437,605,832,30.128723,-85.605316
Florida,BAY,Division of Alcoholic Beverages and Tobacco: Bay County,FL0035000,0,0,0,0,0,0,0,0,0,0,0,0,0,0,0,0,0,0,0,0,0,0,0,0,0,0,0,0,0,0,0,0,0,30.423128,-84.28066
Florida,BAY,Florida Game Commission: Bay County,FL0038000,0,0,0,0,0,0,0,0,0,0,0,0,0,0,0,0,0,0,0,0,0,0,0,0,0,0,0,0,0,0,0,0,0,30.275774,-85.60808
Florida,BAY,Highway Patrol: Bay County,FL0039000,13,6,7,13,6,7,0,0,0,0,0,0,0,0,0,0,0,0,0,0,0,8,4,4,151,74,77,0,0,0,159,78,81,30.24214,-85.57792
Florida,BAY,"Department of Agriculture and Consumer Services, Office of Agricultural Law Enforcement: ",FL003A00X,0,0,0,0,0,0,0,0,0,0,0,0,0,0,0,0,0,0,0,0,0,0,0,0,0,0,0,0,0,0,0,0,0,,
Florida,BRADFORD,Bradford County Sheriff's Office,FL0040000,504,230,274,596,269,327,8,4,4,0,0,0,0,0,0,3,1,2,668,210,458,140,55,85,940,353,587,60,26,34,1748,618,1130,29.952386,-82.16729
Florida,BRADFORD,Starke Police Department,FL0040100,478,239,239,559,270,289,8,4,4,0,0,0,0,0,0,7,3,4,105,25,80,103,30,73,1274,457,817,14,7,7,1482,512,970,29.938774,-82.11314
Florida,BRADFORD,Lawtey Police Department,FL0040300,37,20,17,37,20,17,2,1,1,0,0,0,0,0,0,0,0,0,26,9,17,0,0,0,34,16,18,0,0,0,60,25,35,29.952386,-82.16729
Florida,BRADFORD,"Department of Corrections, Office of the Inspector General: Bradford County",FL0040500,0,0,0,0,0,0,0,0,0,0,0,0,0,0,0,0,0,0,0,0,0,0,0,0,0,0,0,0,0,0,0,0,0,30.426645,-84.249504
Florida,BRADFORD,Division of Alcoholic Beverages and Tobacco: Bradford County,FL004500X,0,0,0,0,0,0,0,0,0,0,0,0,0,0,0,0,0,0,0,0,0,0,0,0,0,0,0,0,0,0,0,0,0,30.423128,-84.28066
Florida,BRADFORD,Florida Game Commission: Bradford County,FL0048000,0,0,0,0,0,0,0,0,0,0,0,0,0,0,0,0,0,0,0,0,0,0,0,0,0,0,0,0,0,0,0,0,0,29.952386,-82.16729
Florida,BRADFORD,Highway Patrol: Bradford County,FL0049000,0,0,0,0,0,0,0,0,0,0,0,0,0,0,0,0,0,0,0,0,0,3,1,2,9,1,8,0,0,0,12,2,10,29.967255,-82.10308
Florida,BRADFORD,"Department of Agriculture and Consumer Services, Office of Agricultural Law Enforcement: ",FL004A00X,0,0,0,0,0,0,0,0,0,0,0,0,0,0,0,0,0,0,0,0,0,0,0,0,0,0,0,0,0,0,0,0,0,,
Florida,BREVARD,Brevard County Sheriff's Office,FL0050000,5706,2180,3526,7082,2607,4475,138,35,103,0,0,0,0,0,0,79,35,44,6351,1218,5133,2644,534,2110,23017,4348,18669,613,192,421,32012,6100,25912,28.607767,-80.81862
Florida,BREVARD,Cocoa Police Department,FL0050200,1734,599,1135,2404,763,1641,36,7,29,0,0,0,0,0,0,34,15,19,1428,231,1197,619,101,518,7341,1523,5818,124,34,90,9388,1855,7533,28.355743,-80.74711
Florida,BREVARD,Cocoa Beach Police Department,FL0050300,476,186,290,566,204,362,1,0,1,0,0,0,0,0,0,6,3,3,332,51,281,182,24,158,2719,263,2456,31,3,28,3233,338,2895,28.318039,-80.61011
Florida,BREVARD,Indialantic Police Department,FL0050500,39,18,21,51,23,28,3,0,3,0,0,0,0,0,0,0,0,0,82,17,65,21,5,16,367,99,268,1,0,1,470,121,349,28.090782,-80.56948
Florida,BREVARD,Indian Harbour Beach Police Department,FL0050600,56,22,34,81,31,50,2,0,2,0,0,0,0,0,0,4,2,2,115,21,94,42,6,36,716,127,589,5,1,4,873,154,719,28.145796,-80.59706
Florida,BREVARD,Melbourne Police Department,FL0050700,4209,1307,2902,5648,1656,3992,98,18,80,0,0,0,0,0,0,48,22,26,3622,604,3018,1129,185,944,17007,2838,14169,487,78,409,21758,3627,18131,28.298304,-80.700333
Florida,BREVARD,Melbourne Beach Police Department,FL0050800,22,8,14,23,8,15,0,0,0,0,0,0,0,0,0,0,0,0,56,15,41,14,3,11,174,26,148,0,0,0,244,44,200,28.068369,-80.56342
Florida,BREVARD,Rockledge Police Department,FL0050900,605,263,342,741,304,437,29,6,23,0,0,0,0,0,0,10,5,5,576,109,467,276,44,232,2356,383,1973,54,13,41,3208,536,2672,28.33072,-80.723785
Florida,BREVARD,Satellite Beach Police Department,FL0051000,57,21,36,81,25,56,0,0,0,0,0,0,0,0,0,1,0,1,153,28,125,49,9,40,481,61,420,16,3,13,683,98,585,28.173058,-80.60233
Florida,BREVARD,Titusville Police Department,FL0051100,2519,873,1646,3432,1158,2274,59,10,49,0,0,0,0,0,0,47,16,31,2677,489,2188,1326,221,1105,8255,1532,6723,366,120,246,12258,2242,10016,28.529774,-80.81442
Florida,BREVARD,Palm Bay Police Department,FL0051200,3104,1069,2035,4036,1323,2713,58,9,49,0,0,0,0,0,0,55,20,35,2809,492,2317,1070,227,843,10275,1554,8721,434,91,343,14154,2273,11881,27.999031,-80.68493
Florida,BREVARD,Melbourne Village Police Department,FL0051500,2,1,1,2,1,1,0,0,0,0,0,0,0,0,0,0,0,0,2,1,1,5,1,4,135,59,76,0,0,0,142,61,81,28.089233,-80.66412
Florida,BREVARD,West Melbourne Police Department,FL0051600,306,98,208,409,127,282,12,4,8,0,0,0,0,0,0,5,3,2,546,122,424,235,49,186,4143,1131,3012,24,7,17,4924,1302,3622,28.072985,-80.6708
Florida,BREVARD,Melbourne International Airport,FL0051800,3,1,2,3,1,2,0,0,0,0,0,0,0,0,0,0,0,0,3,0,3,23,2,21,34,9,25,0,0,0,60,11,49,28.096294,-80.62855
Florida,BREVARD,"Department of Corrections, Office of the Inspector General: Brevard County",FL0052000,0,0,0,0,0,0,0,0,0,0,0,0,0,0,0,0,0,0,0,0,0,0,0,0,0,0,0,0,0,0,0,0,0,,
Florida,BREVARD,Division of Alcoholic Beverages and Tobacco: Brevard County,FL0055000,0,0,0,0,0,0,0,0,0,0,0,0,0,0,0,0,0,0,0,0,0,0,0,0,0,0,0,0,0,0,0,0,0,30.423128,-84.28066
Florida,BREVARD,Florida Game Commission: Brevard County,FL0058000,0,0,0,0,0,0,0,0,0,0,0,0,0,0,0,0,0,0,0,0,0,0,0,0,0,0,0,0,0,0,0,0,0,28.615356,-80.80744
Florida,BREVARD,Highway Patrol: Brevard County,FL0059000,17,6,11,17,6,11,0,0,0,0,0,0,0,0,0,0,0,0,0,0,0,8,4,4,6,2,4,0,0,0,14,6,8,28.543722,-81.31053
Florida,BREVARD,"Department of Agriculture and Consumer Services, Office of Agricultural Law Enforcement:",FL005A00X,0,0,0,0,0,0,0,0,0,0,0,0,0,0,0,0,0,0,0,0,0,0,0,0,0,0,0,0,0,0,0,0,0,,
Florida,BROWARD,Broward County Sheriff's Office,FL0060000,1917,595,1322,2691,755,1936,17,2,15,0,0,0,0,0,0,44,11,33,790,82,708,533,101,432,3372,210,3162,166,26,140,4695,393,4302,26.193535,-80.476683
Florida,BROWARD,Dania Police Department,FL0060100,1123,403,720,1795,572,1223,17,2,15,0,0,0,0,0,0,31,11,20,1144,146,998,874,117,757,5317,448,4869,130,21,109,7335,711,6624,26.193535,-80.476683
Florida,BROWARD,Deerfield Beach Police Department,FL0060200,1638,509,1129,2689,788,1901,20,5,15,0,0,0,0,0,0,30,12,18,2138,316,1822,1756,313,1443,11058,1605,9453,230,50,180,14952,2234,12718,26.193535,-80.476683
Florida,BROWARD,Fort Lauderdale Police Department,FL0060300,5397,1744,3653,9132,2437,6695,126,17,109,0,0,0,0,0,0,189,68,121,10242,1083,9159,6020,735,5285,46137,4481,41656,701,200,501,62399,6299,56100,26.121895,-80.15851
Florida,BROWARD,Hallandale Police Department,FL0060400,1081,348,733,1738,471,1267,18,1,17,0,0,0,0,0,0,31,10,21,1198,121,1077,861,98,763,6927,767,6160,122,28,94,8986,986,8000,25.981018,-80.14207
Florida,BROWARD,Hollywood Police Department,FL0060500,2737,1075,1662,4473,1445,3028,36,4,32,0,0,0,0,0,0,91,37,54,4577,592,3985,3243,208,3035,22440,2782,19658,325,67,258,30260,3582,26678,26.010834,-80.17272
Florida,BROWARD,Plantation Police Department,FL0060600,1377,442,935,2292,672,1620,17,1,16,0,0,0,0,0,0,24,9,15,2202,270,1932,2103,248,1855,17227,2086,15141,111,38,73,21532,2604,18928,26.127132,-80.24233
Florida,BROWARD,Pompano Beach Police Department,FL0060700,4425,1413,3012,7543,2102,5441,64,9,55,0,0,0,0,0,0,80,26,54,4892,559,4333,4332,830,3502,22303,3146,19157,521,84,437,31527,4535,26992,26.193535,-80.476683
Florida,BROWARD,Pembroke Pines Police Department,FL0060800,1859,590,1269,2794,883,1911,30,4,26,0,0,0,0,0,0,31,13,18,2205,367,1838,1675,146,1529,20645,3747,16898,210,63,147,24525,4260,20265,26.00853,-80.27197
Florida,BROWARD,Wilton Manors Police Department,FL0060900,353,133,220,550,195,355,10,4,6,0,0,0,0,0,0,5,2,3,593,90,503,203,16,187,2515,388,2127,27,8,19,3311,494,2817,26.154964,-80.13936
Florida,BROWARD,Cooper City Police Department,FL0061000,139,51,88,280,94,186,3,0,3,0,0,0,0,0,0,2,1,1,395,92,303,207,39,168,2524,494,2030,62,13,49,3126,625,2501,26.0444,-80.28743
Florida,BROWARD,Coconut Creek Police Department,FL0061100,513,214,299,814,319,495,7,2,5,0,0,0,0,0,0,11,5,6,877,143,734,765,143,622,6396,1394,5002,124,55,69,8038,1680,6358,26.25963,-80.18973
Florida,BROWARD,Davie Police Department,FL0061200,1823,724,1099,2603,907,1696,59,6,53,1,0,1,8,1,7,13,5,8,2013,226,1787,1848,158,1690,16456,2015,14441,233,61,172,20317,2399,17918,26.103151,-80.28184
Florida,BROWARD,Hillsboro Beach Police Department,FL0061400,6,2,4,10,3,7,0,0,0,0,0,0,0,0,0,0,0,0,29,7,22,14,5,9,104,11,93,0,0,0,147,23,124,26.193535,-80.476683
Florida,BROWARD,Lauderdale-by-the-Sea Police Department,FL0061600,89,35,54,133,44,89,3,1,2,0,0,0,0,0,0,1,0,1,132,19,113,72,18,54,637,107,530,12,1,11,841,144,697,26.193535,-80.476683
Florida,BROWARD,Lauderdale Lakes Police Department,FL0061700,1576,476,1100,2408,662,1746,27,5,22,0,0,0,0,0,0,24,8,16,1193,133,1060,976,160,816,6695,1045,5650,120,16,104,8864,1338,7526,26.193535,-80.476683
Florida,BROWARD,Lauderhill Police Department,FL0061800,3056,647,2409,4479,830,3649,54,10,44,0,0,0,0,0,0,97,28,69,3040,236,2804,1890,178,1712,10328,633,9695,221,27,194,15258,1047,14211,26.164854,-80.23237
Florida,BROWARD,Lighthouse Point Police Department,FL0062000,72,31,41,127,49,78,0,0,0,0,0,0,0,0,0,2,1,1,170,41,129,171,43,128,1458,370,1088,11,5,6,1799,454,1345,26.193535,-80.476683
Florida,BROWARD,Margate Police Department,FL0062100,734,297,437,1055,385,670,21,5,16,0,0,0,0,0,0,12,6,6,899,115,784,696,96,600,5395,1119,4276,43,10,33,6990,1330,5660,26.193535,-80.476683
Florida,BROWARD,Miramar Police Department,FL0062200,2749,1252,1497,3966,1664,2302,38,8,30,0,0,0,0,0,0,46,20,26,1841,267,1574,1795,242,1553,12454,2226,10228,368,153,215,16090,2735,13355,26.193535,-80.476683
Florida,BROWARD,North Lauderdale Police Department,FL0062300,1282,430,852,1970,618,1352,15,2,13,0,0,0,0,0,0,29,6,23,1136,209,927,808,151,657,4539,890,3649,158,31,127,6483,1250,5233,26.193535,-80.476683
Florida,BROWARD,Oakland Park Police Department,FL0062400,1427,502,925,2320,755,1565,20,3,17,0,0,0,0,0,0,24,6,18,2107,315,1792,1144,217,927,9057,1164,7893,162,36,126,12308,1696,10612,26.193535,-80.476683
Florida,BROWARD,Sea Ranch Lakes Police Department,FL0062600,0,0,0,4,2,2,0,0,0,0,0,0,0,0,0,0,0,0,1,0,1,5,1,4,124,37,87,0,0,0,130,38,92,26.201649,-80.096054
Florida,BROWARD,Sunrise Police Department,FL0062700,1248,519,729,2034,750,1284,20,7,13,0,0,0,0,0,0,32,15,17,1674,256,1418,1380,177,1203,14829,2774,12055,137,40,97,17883,3207,14676,26.131817,-80.33324
Florida,BROWARD,Coral Springs Police Department,FL0062800,1153,458,695,1975,685,1290,18,4,14,0,0,0,9,3,6,16,8,8,1471,256,1215,1181,202,979,14930,3432,11498,280,64,216,17582,3890,13692,26.264788,-80.26626
Florida,BROWARD,Pembroke Park Police Department,FL0063000,231,64,167,396,102,294,8,1,7,0,0,0,0,0,0,11,5,6,275,22,253,219,21,198,1247,69,1178,19,5,14,1741,112,1629,26.193535,-80.476683
Florida,BROWARD,Tamarac Police Department,FL0063100,907,316,591,1486,473,1013,9,2,7,0,0,0,0,0,0,23,8,15,1299,191,1108,984,181,803,6748,787,5961,114,19,95,9031,1159,7872,26.193535,-80.476683
Florida,BROWARD,Fort Lauderdale Airport Police,FL0063200,27,10,17,51,20,31,0,0,0,0,0,0,0,0,0,10,5,5,38,2,36,406,85,321,1707,153,1554,1,0,1,2151,240,1911,26.193535,-80.476683
Florida,BROWARD,Parkland Police Department,FL0063300,101,42,59,169,67,102,5,0,5,0,0,0,0,0,0,34,17,17,199,38,161,206,44,162,1040,116,924,11,1,10,1445,198,1247,26.318777,-80.25127
Florida,NOT SPECIFIED,Seminole Tribal,FL0063400,522,211,311,926,334,592,8,2,6,0,0,0,27,5,22,9,4,5,289,57,232,509,99,410,5848,1215,4633,82,13,69,6646,1371,5275,26.193535,-80.476683
Florida,BROWARD,Southwest Ranches Police Department,FL006380X,78,32,46,96,37,59,0,0,0,0,0,0,0,0,0,0,0,0,104,8,96,125,8,117,692,40,652,7,2,5,921,56,865,,
Florida,BROWARD,West Park Police Department,FL006410X,710,217,493,963,276,687,10,0,10,0,0,0,0,0,0,23,9,14,547,58,489,434,53,381,2101,280,1821,54,11,43,3082,391,2691,,
Florida,BROWARD,"Department of Corrections, Office of the Inspector General: Broward County",FL0064400,0,0,0,0,0,0,0,0,0,0,0,0,0,0,0,0,0,0,0,0,0,0,0,0,0,0,0,0,0,0,0,0,0,30.426645,-84.249504
Florida,BROWARD,Division of Alcoholic Beverages and Tobacco: Broward County,FL0065000,0,0,0,0,0,0,0,0,0,0,0,0,0,0,0,0,0,0,0,0,0,0,0,0,0,0,0,0,0,0,0,0,0,30.423128,-84.28066
Florida,BROWARD,Department of Insurance: Broward County,FL0067000,0,0,0,0,0,0,0,0,0,0,0,0,0,0,0,0,0,0,0,0,0,0,0,0,0,0,0,0,0,0,0,0,0,30.4355,-84.2806
Florida,BROWARD,Florida Game Commission: Broward County,FL0068000,0,0,0,0,0,0,0,0,0,0,0,0,0,0,0,0,0,0,0,0,0,0,0,0,0,0,0,0,0,0,0,0,0,26.810623,-80.16293
Florida,BROWARD,Weston Police Department,FL006880X,172,60,112,305,92,213,14,2,12,0,0,0,0,0,0,4,1,3,389,58,331,294,43,251,1947,252,1695,55,6,49,2630,353,2277,,
Florida,BROWARD,Highway Patrol: Broward County,FL0069000,159,72,87,159,72,87,0,0,0,0,0,0,0,0,0,0,0,0,0,0,0,27,12,15,85,37,48,0,0,0,112,49,63,26.193535,-80.476683
Florida,BROWARD,Port Everglades Police Department,FL006990X,74,30,44,121,42,79,0,0,0,0,0,0,0,0,0,0,0,0,19,2,17,13,2,11,335,35,300,45,11,34,367,39,328,,
Florida,BROWARD,"Department of Agriculture and Consumer Services, Office of Agricultural Law Enforcement: ",FL006A00X,0,0,0,0,0,0,0,0,0,0,0,0,0,0,0,0,0,0,0,0,0,0,0,0,0,0,0,0,0,0,0,0,0,,
Florida,CALHOUN,Calhoun County Sheriff's Office,FL0070000,237,111,126,267,126,141,2,1,1,0,0,0,0,0,0,12,6,6,202,66,136,61,18,43,301,95,206,12,6,6,564,179,385,30.443209,-85.04472
Florida,CALHOUN,Altha Police Department,FL0070100,4,2,2,4,2,2,0,0,0,0,0,0,0,0,0,0,0,0,2,1,1,0,0,0,2,1,1,0,0,0,4,2,2,30.388801,-85.197915
Florida,CALHOUN,Blountstown Police Department,FL0070200,96,45,51,103,48,55,4,2,2,0,0,0,0,0,0,0,0,0,81,27,54,27,11,16,295,84,211,0,0,0,403,122,281,30.388801,-85.197915
Florida,CALHOUN,"Department of Corrections, Office of the Inspector General: Calhoun County",FL007030X,0,0,0,0,0,0,0,0,0,0,0,0,0,0,0,0,0,0,0,0,0,0,0,0,0,0,0,0,0,0,0,0,0,30.426645,-84.249504
Florida,CALHOUN,Division of Alcoholic Beverages and Tobacco: Calhoun County,FL007500X,0,0,0,0,0,0,0,0,0,0,0,0,0,0,0,0,0,0,0,0,0,0,0,0,0,0,0,0,0,0,0,0,0,30.423128,-84.28066
Florida,CALHOUN,Florida Game Commission: Calhoun County,FL0078000,0,0,0,0,0,0,0,0,0,0,0,0,0,0,0,0,0,0,0,0,0,0,0,0,0,0,0,0,0,0,0,0,0,30.443165,-85.03998
Florida,CALHOUN,Highway Patrol: Calhoun County,FL0079000,6,3,3,6,3,3,0,0,0,0,0,0,0,0,0,0,0,0,0,0,0,0,0,0,0,0,0,0,0,0,0,0,0,30.24214,-85.57792
Florida,CALHOUN,"Department of Agriculture and Consumer Services, Office of Agricultural Law Enforcement: ",FL007A00X,0,0,0,0,0,0,0,0,0,0,0,0,0,0,0,0,0,0,0,0,0,0,0,0,0,0,0,0,0,0,0,0,0,,
Florida,CHARLOTTE,Charlotte County Sheriff's Office,FL0080000,3460,1479,1981,4087,1722,2365,66,20,46,0,0,0,42,14,28,25,11,14,2858,698,2160,1155,316,839,15294,4042,11252,391,159,232,19307,5056,14251,26.868933,-81.941077
Florida,CHARLOTTE,"Department of Corrections, Office of the Inspector General: Charlotte County",FL0080100,0,0,0,0,0,0,0,0,0,0,0,0,0,0,0,0,0,0,0,0,0,0,0,0,0,0,0,0,0,0,0,0,0,,
Florida,CHARLOTTE,Punta Gorda Police Department,FL0080200,132,62,70,176,83,93,4,2,2,0,0,0,0,0,0,4,2,2,161,45,116,105,29,76,1893,517,1376,4,2,2,2159,591,1568,26.925983,-82.04725
Florida,CHARLOTTE,Division of Alcoholic Beverages and Tobacco: Charlotte County,FL008500X,0,0,0,0,0,0,0,0,0,0,0,0,0,0,0,0,0,0,0,0,0,0,0,0,0,0,0,0,0,0,0,0,0,,
Florida,CHARLOTTE,Florida Game Commission: Charlotte County,FL0088000,0,0,0,0,0,0,0,0,0,0,0,0,0,0,0,0,0,0,0,0,0,0,0,0,0,0,0,0,0,0,0,0,0,26.868933,-81.941077
Florida,CHARLOTTE,Highway Patrol: Charlotte County,FL0089000,96,48,48,96,48,48,0,0,0,0,0,0,0,0,0,0,0,0,0,0,0,10,5,5,12,6,6,0,0,0,22,11,11,27.049711,-82.399666
Florida,CHARLOTTE,"Department of Agriculture and Consumer Services, Office of Agricultural Law Enforcement: ",FL008A00X,0,0,0,0,0,0,0,0,0,0,0,0,0,0,0,0,0,0,0,0,0,0,0,0,0,0,0,0,0,0,0,0,0,,
Florida,CITRUS,Citrus County Sheriff's Office,FL0090000,3354,1277,2077,4226,1637,2589,101,30,71,0,0,0,0,0,0,55,27,28,3251,611,2640,1506,427,1079,12545,2793,9752,398,174,224,17302,3831,13471,28.834253,-82.32872
Florida,CITRUS,"Department of Corrections, Office of the Inspector General: Citrus County",FL0090300,0,0,0,0,0,0,0,0,0,0,0,0,0,0,0,0,0,0,0,0,0,0,0,0,0,0,0,0,0,0,0,0,0,,
Florida,CITRUS,Division of Alcoholic Beverages and Tobacco: Citrus County,FL009500X,0,0,0,0,0,0,0,0,0,0,0,0,0,0,0,0,0,0,0,0,0,0,0,0,0,0,0,0,0,0,0,0,0,30.423128,-84.28066
Florida,CITRUS,Florida Game Commission: Citrus County,FL0098000,0,0,0,0,0,0,0,0,0,0,0,0,0,0,0,0,0,0,0,0,0,0,0,0,0,0,0,0,0,0,0,0,0,28.843628,-82.524796
Florida,CITRUS,Highway Patrol: Citrus County,FL0099000,18,9,9,18,9,9,0,0,0,0,0,0,0,0,0,0,0,0,0,0,0,22,11,11,3,1,2,0,0,0,25,12,13,28.843628,-82.524796
Florida,CITRUS,"Department of Agriculture and Consumer Services, Office of Agricultural Law Enforcement: ",FL009A00X,0,0,0,0,0,0,0,0,0,0,0,0,0,0,0,0,0,0,0,0,0,0,0,0,0,0,0,0,0,0,0,0,0,,
Florida,CLAY,Clay County Sheriff's Office,FL0100000,3321,1262,2059,4983,1948,3035,121,33,88,0,0,0,0,0,0,41,19,22,4086,959,3127,1489,477,1012,18357,4577,13780,898,400,498,23932,6013,17919,29.987115,-81.858147
Florida,CLAY,Green Cove Springs Police Department,FL0100100,263,107,156,403,154,249,3,0,3,0,0,0,0,0,0,8,4,4,205,34,171,73,20,53,944,167,777,96,32,64,1222,221,1001,29.993206,-81.67696
Florida,CLAY,Orange Park Police Department,FL0100200,185,79,106,308,128,180,5,3,2,0,0,0,0,0,0,1,0,1,205,51,154,104,31,73,954,212,742,66,27,39,1263,294,969,29.987115,-81.858147
Florida,CLAY,"Department of Corrections, Office of the Inspector General: Clay County",FL0100500,0,0,0,0,0,0,0,0,0,0,0,0,0,0,0,0,0,0,0,0,0,0,0,0,0,0,0,0,0,0,0,0,0,,
Florida,CLAY,Clay County School Board,FL0101200,8,4,4,11,5,6,0,0,0,0,0,0,0,0,0,0,0,0,3,1,2,0,0,0,84,18,66,3,1,2,87,19,68,,
Florida,CLAY,Division of Alcoholic Beverages and Tobacco: Clay County,FL010500X,0,0,0,0,0,0,0,0,0,0,0,0,0,0,0,0,0,0,0,0,0,0,0,0,0,0,0,0,0,0,0,0,0,30.423128,-84.28066
Florida,CLAY,Florida Game Commission: Clay County,FL0108000,0,0,0,0,0,0,0,0,0,0,0,0,0,0,0,0,0,0,0,0,0,0,0,0,0,0,0,0,0,0,0,0,0,29.987115,-81.858147
Florida,CLAY,Highway Patrol: Clay County,FL0109000,4,2,2,22,11,11,0,0,0,0,0,0,0,0,0,0,0,0,0,0,0,0,0,0,1,0,1,0,0,0,1,0,1,29.659754,-81.656166
Florida,CLAY,"Department of Agriculture and Consumer Services, Office of Agricultural Law Enforcement: ",FL010A00X,0,0,0,0,0,0,0,0,0,0,0,0,0,0,0,0,0,0,0,0,0,0,0,0,0,0,0,0,0,0,0,0,0,,
Florida,COLLIER,Collier County Sheriff's Office,FL0110000,7277,2045,5232,9653,2631,7022,114,24,90,21,1,20,154,26,128,84,36,48,4680,685,3995,2302,406,1896,26460,3849,22611,860,187,673,33442,4940,28502,26.118712,-81.400884
Florida,COLLIER,Naples Police Department,FL0110100,141,56,85,203,78,125,5,2,3,0,0,0,0,0,0,8,2,6,343,64,279,172,35,137,2750,610,2140,30,11,19,3265,709,2556,26.152243,-81.78984
Florida,COLLIER,Marco Island Police Department,FL0110300,112,54,58,150,69,81,0,0,0,0,0,0,9,2,7,0,0,0,97,8,89,70,12,58,744,68,676,30,11,19,911,88,823,25.937738,-81.71461
Florida,COLLIER,"Department of Corrections, Office of the Inspector General: Collier County",FL0110600,0,0,0,0,0,0,0,0,0,0,0,0,0,0,0,0,0,0,0,0,0,0,0,0,0,0,0,0,0,0,0,0,0,,
Florida,COLLIER,Division of Alcoholic Beverages and Tobacco: Collier County,FL011500X,0,0,0,0,0,0,0,0,0,0,0,0,0,0,0,0,0,0,0,0,0,0,0,0,0,0,0,0,0,0,0,0,0,30.423128,-84.28066
Florida,COLLIER,Florida Game Commission: Collier County,FL0118000,0,0,0,0,0,0,0,0,0,0,0,0,0,0,0,0,0,0,0,0,0,0,0,0,0,0,0,0,0,0,0,0,0,26.158545,-81.75276
Florida,COLLIER,Highway Patrol: Collier County,FL0119000,44,19,25,44,19,25,0,0,0,0,0,0,0,0,0,0,0,0,0,0,0,40,18,22,100,37,63,0,0,0,140,55,85,26.13852,-81.76764
Florida,COLLIER,"Department of Agriculture and Consumer Services, Office of Agricultural Law Enforcement: ",FL011A00X,0,0,0,0,0,0,0,0,0,0,0,0,0,0,0,0,0,0,0,0,0,0,0,0,0,0,0,0,0,0,0,0,0,,
Florida,COLUMBIA,Columbia County Sheriff's Office,FL0120000,1617,700,917,1965,841,1124,29,13,16,0,0,0,0,0,0,21,10,11,2998,604,2394,436,134,302,3910,935,2975,178,74,104,7344,1673,5671,30.221333,-82.623168
Florida,COLUMBIA,Lake City Police Department,FL0120100,1186,343,843,1483,420,1063,11,2,9,0,0,0,0,0,0,20,6,14,916,130,786,211,37,174,5047,986,4061,56,11,45,6174,1153,5021,30.221333,-82.623168
Florida,COLUMBIA,"Department of Corrections, Office of the Inspector General: Columbia County",FL0120500,0,0,0,0,0,0,0,0,0,0,0,0,0,0,0,0,0,0,0,0,0,0,0,0,0,0,0,0,0,0,0,0,0,30.426645,-84.249504
Florida,COLUMBIA,Division of Alcoholic Beverages and Tobacco: Columbia County,FL012500X,0,0,0,0,0,0,0,0,0,0,0,0,0,0,0,0,0,0,0,0,0,0,0,0,0,0,0,0,0,0,0,0,0,30.423128,-84.28066
Florida,COLUMBIA,Florida Game Commission: Columbia County,FL0128000,0,0,0,0,0,0,0,0,0,0,0,0,0,0,0,0,0,0,0,0,0,0,0,0,0,0,0,0,0,0,0,0,0,30.186502,-82.60419
Florida,COLUMBIA,Highway Patrol: Columbia County,FL0129000,184,88,96,184,88,96,0,0,0,0,0,0,0,0,0,0,0,0,0,0,0,68,8,60,13,6,7,0,0,0,81,14,67,30.221333,-82.623168
Florida,COLUMBIA,"Department of Agriculture and Consumer Services, Office of Agricultural Law Enforcement: ",FL012A00X,0,0,0,0,0,0,0,0,0,0,0,0,0,0,0,0,0,0,0,0,0,0,0,0,0,0,0,0,0,0,0,0,0,,
Florida,MIAMI-DADE,Miami-Dade County Police Department,FL0130000,39609,9839,29770,57228,13994,43234,596,198,398,18,1,17,781,128,653,962,275,687,29217,3023,26194,27654,2502,25152,206962,21792,185170,4790,1374,3416,263833,27317,236516,25.796967,-80.3427
Florida,MIAMI-DADE,Bal Harbour Village Police Department,FL0130100,11,5,6,16,7,9,0,0,0,0,0,0,0,0,0,0,0,0,50,13,37,15,1,14,637,157,480,2,1,1,702,171,531,25.88693,-80.12664
Florida,MIAMI-DADE,Coral Gables Police Department,FL0130200,388,166,222,666,270,396,25,11,14,0,0,0,0,0,0,8,3,5,1168,164,1004,558,105,453,8030,1171,6859,72,24,48,9756,1440,8316,25.746216,-80.26053
Florida,MIAMI-DADE,Florida City Police Department,FL0130300,1925,477,1448,2621,574,2047,3,0,3,0,0,0,0,0,0,23,1,22,677,69,608,363,40,323,5375,703,4672,41,6,35,6415,812,5603,25.44781,-80.48214
Florida,MIAMI-DADE,Hialeah Police Department,FL0130400,3023,941,2082,4746,1443,3303,139,32,107,0,0,0,0,0,0,59,24,35,3175,387,2788,4114,266,3848,27909,4001,23908,281,87,194,35198,4654,30544,25.873285,-80.26692
Florida,MIAMI-DADE,Homestead Police Department,FL0130500,4234,1256,2978,6903,1777,5126,63,12,51,0,0,0,0,0,0,43,10,33,2659,312,2347,1207,151,1056,14794,2219,12575,268,12,256,18660,2682,15978,25.610494,-80.499045
Florida,MIAMI-DADE,Miami Police Department,FL0130600,20023,6345,13678,29933,8686,21247,400,32,368,2,1,1,59,16,43,545,194,351,15767,1689,14078,13015,1050,11965,93180,8381,84799,1092,388,704,121962,11120,110842,25.7779,-80.197876
Florida,MIAMI-DADE,Miami Beach Police Department,FL0130700,4963,1583,3380,8448,2386,6062,80,16,64,0,0,0,0,0,0,56,22,34,4856,545,4311,3574,331,3243,46775,3525,43250,672,101,571,55205,4401,50804,25.782001,-80.13255
Florida,MIAMI-DADE,Miami Shores Police Department,FL0130800,124,39,85,303,87,216,4,1,3,0,0,0,0,0,0,4,1,3,516,65,451,234,27,207,3060,415,2645,23,5,18,3810,507,3303,25.866932,-80.1936
Florida,MIAMI-DADE,Miami Springs Police Department,FL0130900,284,104,180,425,145,280,7,1,6,0,0,0,0,0,0,1,0,1,478,70,408,308,33,275,2138,199,1939,20,5,15,2924,302,2622,25.821129,-80.28441
Florida,MIAMI-DADE,North Miami Beach Police Department,FL0131000,1517,444,1073,2483,668,1815,29,10,19,0,0,0,0,0,0,32,9,23,1580,177,1403,1016,166,850,7817,487,7330,170,57,113,10413,830,9583,25.610494,-80.499045
Florida,MIAMI-DADE,Doral Police Department,FL0131100,833,346,487,1087,416,671,3,0,3,4,2,2,27,4,23,6,1,5,986,111,875,906,123,783,13391,2878,10513,95,18,77,15283,3112,12171,25.821465,-80.33212
Florida,MIAMI-DADE,Opa Locka Police Department,FL0131200,1828,519,1309,2409,601,1808,15,2,13,0,0,0,0,0,0,44,10,34,1086,90,996,686,57,629,3487,172,3315,44,7,37,5259,319,4940,25.610494,-80.499045
Florida,MIAMI-DADE,Surfside Police Department,FL0131300,56,21,35,78,31,47,2,0,2,0,0,0,0,0,0,0,0,0,88,21,67,60,12,48,904,146,758,6,1,5,1052,179,873,25.88142,-80.123146
Florida,MIAMI-DADE,Biscayne Park Police Department,FL0131400,38,18,20,48,20,28,2,0,2,0,0,0,0,0,0,0,0,0,119,11,108,31,6,25,256,14,242,0,0,0,406,31,375,25.879982,-80.18564
Florida,MIAMI-DADE,El Portal Police Department,FL0131500,15,4,11,38,12,26,0,0,0,0,0,0,0,0,0,0,0,0,104,6,98,30,3,27,200,4,196,3,1,2,334,13,321,25.855116,-80.1871
Florida,MIAMI-DADE,Hialeah Gardens Police Department,FL0131600,286,80,206,360,96,264,12,2,10,0,0,0,0,0,0,4,2,2,394,46,348,479,28,451,3875,828,3047,14,2,12,4748,902,3846,25.610494,-80.499045
Florida,MIAMI-DADE,North Bay Village Police Department,FL0131700,117,51,66,151,61,90,1,0,1,0,0,0,0,0,0,0,0,0,85,19,66,169,30,139,623,73,550,13,3,10,877,122,755,25.610494,-80.499045
Florida,MIAMI-DADE,North Miami Police Department,FL0131800,2739,678,2061,4461,1090,3371,38,1,37,0,0,0,0,0,0,41,13,28,2430,252,2178,1884,109,1775,13611,1307,12304,310,106,204,17925,1668,16257,25.889427,-80.18439
Florida,MIAMI-DADE,South Miami Police Department,FL0131900,534,215,319,731,269,462,3,0,3,0,0,0,15,3,12,5,2,3,792,90,702,168,31,137,3413,429,2984,50,13,37,4373,550,3823,25.610494,-80.499045
Florida,MIAMI-DADE,Virginia Gardens Police Department,FL0132000,22,9,13,31,10,21,0,0,0,0,0,0,0,0,0,1,0,1,28,0,28,30,3,27,204,6,198,0,0,0,262,9,253,25.809643,-80.30219
Florida,MIAMI-DADE,West Miami Police Department,FL0132100,58,5,53,81,8,73,0,0,0,0,0,0,0,0,0,0,0,0,124,11,113,63,5,58,511,41,470,3,0,3,698,57,641,25.762386,-80.29583
Florida,MIAMI-DADE,Bay Harbor Islands Police Department,FL0132200,26,12,14,42,17,25,1,0,1,0,0,0,0,0,0,0,0,0,47,13,34,74,15,59,351,59,292,4,0,4,472,87,385,25.887064,-80.131256
Florida,MIAMI-DADE,Golden Beach Police Department,FL0132400,2,1,1,5,2,3,0,0,0,0,0,0,0,0,0,0,0,0,36,13,23,34,13,21,47,6,41,2,1,1,117,32,85,25.95715,-80.12103
Florida,MIAMI-DADE,Indian Creek Village Police Department,FL0132500,0,0,0,0,0,0,0,0,0,0,0,0,0,0,0,0,0,0,1,0,1,0,0,0,4,0,4,0,0,0,5,0,5,25.877441,-80.12941
Florida,MIAMI-DADE,Medley Police Department,FL0132700,116,43,73,135,49,86,0,0,0,0,0,0,0,0,0,0,0,0,187,17,170,226,15,211,947,101,846,4,1,3,1360,133,1227,25.840729,-80.31719
Florida,MIAMI-DADE,Sweetwater Police Department,FL0132900,141,40,101,201,53,148,0,0,0,0,0,0,0,0,0,0,0,0,240,41,199,230,23,207,3173,855,2318,6,3,3,3643,919,2724,25.764063,-80.37266
Florida,MIAMI-DADE,"Department of Law Enforcement: Miami-Dade County, Miami",FL0133000,0,0,0,1,0,1,0,0,0,0,0,0,0,0,0,0,0,0,0,0,0,0,0,0,0,0,0,1,0,1,0,0,0,25.782417,-80.37511
Florida,MIAMI-DADE,Florida International University,FL0133100,36,12,24,100,33,67,0,0,0,0,0,0,0,0,0,0,0,0,121,17,104,61,2,59,1449,49,1400,35,10,25,1631,68,1563,25.610494,-80.499045
Florida,MIAMI-DADE,Miami-Dade County Public Schools,FL0133700,609,281,328,922,411,511,34,13,21,0,0,0,0,0,0,0,0,0,1224,228,996,73,22,51,2061,314,1747,74,26,48,3358,564,2794,25.831606,-80.20033
Florida,NOT SPECIFIED,Miccosukee Tribal,FL0133900,85,40,45,100,44,56,0,0,0,0,0,0,0,0,0,2,1,1,47,7,40,62,13,49,1601,616,985,5,1,4,1710,636,1074,25.610494,-80.499045
Florida,MIAMI-DADE,Key Biscayne Police Department,FL0134300,26,11,15,38,16,22,1,0,1,0,0,0,0,0,0,0,0,0,95,27,68,116,16,100,933,107,826,1,0,1,1144,150,994,25.691172,-80.16555
Florida,MIAMI-DADE,"Department of Corrections, Office of the Inspector General: Miami-Dade County",FL0134700,0,0,0,0,0,0,0,0,0,0,0,0,0,0,0,0,0,0,0,0,0,0,0,0,0,0,0,0,0,0,0,0,0,,
Florida,MIAMI-DADE,Division of Alcoholic Beverages and Tobacco: Miami-Dade County,FL0135000,0,0,0,0,0,0,0,0,0,0,0,0,0,0,0,0,0,0,0,0,0,0,0,0,0,0,0,0,0,0,0,0,0,30.423128,-84.28066
Florida,MIAMI-DADE,Sunny Isles Beach Police Department,FL0135100,219,100,119,351,149,202,2,0,2,0,0,0,6,1,5,1,0,1,191,29,162,216,39,177,2321,439,1882,56,24,32,2728,507,2221,25.942732,-80.12123
Florida,MIAMI-DADE,Cutler Bay Police Department,FL013670X,691,210,481,1154,344,810,12,7,5,0,0,0,15,6,9,9,4,5,903,103,800,616,50,566,9199,1710,7489,104,35,69,10718,1863,8855,25.5714,-80.36777
Florida,MIAMI-DADE,Department of Insurance: Miami-Dade County,FL0137000,0,0,0,0,0,0,0,0,0,0,0,0,0,0,0,0,0,0,0,0,0,0,0,0,0,0,0,0,0,0,0,0,0,30.4355,-84.2806
Florida,MIAMI-DADE,Florida Game Commission: Miami-Dade County,FL0138100,0,0,0,0,0,0,0,0,0,0,0,0,0,0,0,0,0,0,0,0,0,0,0,0,0,0,0,0,0,0,0,0,0,25.610494,-80.499045
Florida,MIAMI-DADE,Highway Patrol: Miami-Dade County,FL0139000,309,144,165,310,144,166,2,1,1,0,0,0,0,0,0,0,0,0,0,0,0,67,31,36,190,66,124,0,0,0,257,97,160,25.781937,-80.375046
Florida,MIAMI-DADE,Aventura Police Department,FL0139100,387,133,254,700,192,508,11,2,9,0,0,0,4,1,3,4,2,2,730,51,679,316,13,303,15284,3211,12073,37,4,33,16330,3275,13055,25.955603,-80.13054
Florida,MIAMI-DADE,Village of Pinecrest Police Department,FL0139200,103,40,63,170,49,121,0,0,0,0,0,0,0,0,0,0,0,0,463,32,431,167,3,164,2581,292,2289,9,1,8,3211,327,2884,25.652876,-80.32996
Florida,MIAMI-DADE,Miami Lakes Police Department,FL0139300,213,67,146,364,110,254,4,2,2,0,0,0,5,1,4,12,6,6,338,29,309,574,42,532,3565,277,3288,45,10,35,4477,348,4129,25.917233,-80.309105
Florida,MIAMI-DADE,Palmetto Bay Police Department,FL013950X,269,75,194,464,123,341,9,3,6,0,0,0,12,6,6,0,0,0,659,60,599,291,20,271,4283,369,3914,57,19,38,5233,449,4784,25.572676,-80.36435
Florida,MIAMI-DADE,Miami Gardens Police Department,FL0139700,4392,1227,3165,6526,1741,4785,109,13,96,0,0,0,0,0,0,176,49,127,3231,367,2864,2927,330,2597,19186,1500,17686,200,89,111,25344,2197,23147,25.927366,-80.22583
Florida,MIAMI-DADE,"Department of Agriculture and Consumer Services, Office of Agricultural Law Enforcement: ",FL013A00X,0,0,0,0,0,0,0,0,0,0,0,0,0,0,0,0,0,0,0,0,0,0,0,0,0,0,0,0,0,0,0,0,0,,
Florida,DESOTO,Desoto County Sheriff's Office,FL0140000,839,360,479,1045,438,607,28,7,21,0,0,0,0,0,0,8,4,4,1250,246,1004,373,115,258,2675,559,2116,116,48,68,4298,920,3378,27.190581,-81.806253
Florida,DESOTO,Arcadia Police Department,FL0140100,575,253,322,693,304,389,7,3,4,0,0,0,0,0,0,25,14,11,1158,450,708,106,39,67,823,313,510,32,14,18,2087,802,1285,27.190581,-81.806253
Florida,DESOTO,"Department of Corrections, Office of the Inspector General: DeSoto County",FL0140200,0,0,0,0,0,0,0,0,0,0,0,0,0,0,0,0,0,0,0,0,0,0,0,0,0,0,0,0,0,0,0,0,0,,
Florida,DESOTO,Division of Alcoholic Beverages and Tobacco: DeSoto County,FL014500X,0,0,0,0,0,0,0,0,0,0,0,0,0,0,0,0,0,0,0,0,0,0,0,0,0,0,0,0,0,0,0,0,0,30.423128,-84.28066
Florida,DESOTO,Florida Game Commission: DeSoto County,FL0148000,0,0,0,0,0,0,0,0,0,0,0,0,0,0,0,0,0,0,0,0,0,0,0,0,0,0,0,0,0,0,0,0,0,27.21457,-81.857864
Florida,DESOTO,Highway Patrol: DeSoto County,FL0149000,0,0,0,0,0,0,0,0,0,0,0,0,0,0,0,0,0,0,0,0,0,0,0,0,0,0,0,0,0,0,0,0,0,27.225067,-81.85528
Florida,DESOTO,"Department of Agriculture and Consumer Services, Office of Agricultural Law Enforcement: ",FL014A00X,0,0,0,0,0,0,0,0,0,0,0,0,0,0,0,0,0,0,0,0,0,0,0,0,0,0,0,0,0,0,0,0,0,,
Florida,DIXIE,Dixie County Sheriff's Office,FL0150000,671,249,422,781,281,500,18,3,15,0,0,0,0,0,0,16,8,8,825,149,676,158,45,113,735,128,607,72,16,56,1718,322,1396,29.580899,-83.195666
Florida,DIXIE,Cross City Police Department,FL0150100,58,13,45,66,14,52,2,1,1,0,0,0,0,0,0,2,1,1,89,23,66,14,4,10,139,24,115,3,0,3,242,51,191,29.580899,-83.195666
Florida,DIXIE,"Department of Corrections, Office of the Inspector General: Dixie County",FL0150300,0,0,0,0,0,0,0,0,0,0,0,0,0,0,0,0,0,0,0,0,0,0,0,0,0,0,0,0,0,0,0,0,0,30.426645,-84.249504
Florida,DIXIE,Division of Alcoholic Beverages and Tobacco: Dixie County,FL015500X,0,0,0,0,0,0,0,0,0,0,0,0,0,0,0,0,0,0,0,0,0,0,0,0,0,0,0,0,0,0,0,0,0,30.423128,-84.28066
Florida,DIXIE,Florida Game Commission: Dixie County,FL0158000,0,0,0,0,0,0,0,0,0,0,0,0,0,0,0,0,0,0,0,0,0,0,0,0,0,0,0,0,0,0,0,0,0,29.580899,-83.195666
Florida,DIXIE,Highway Patrol: Dixie County,FL0159000,4,2,2,4,2,2,0,0,0,0,0,0,0,0,0,0,0,0,0,0,0,4,0,4,4,0,4,0,0,0,8,0,8,29.580899,-83.195666
Florida,DIXIE,"Department of Agriculture and Consumer Services, Office of Agricultural Law Enforcement: ",FL015A00X,0,0,0,0,0,0,0,0,0,0,0,0,0,0,0,0,0,0,0,0,0,0,0,0,0,0,0,0,0,0,0,0,0,,
Florida,DUVAL,Duval County Sheriff's Office,FL0160000,14057,4155,9902,17011,4766,12245,187,41,146,14,3,11,884,146,738,339,108,231,5711,601,5110,4614,628,3986,42745,4584,38161,999,168,831,53070,5813,47257,30.316431,-81.39872
Florida,DUVAL,Atlantic Beach Police Department,FL0160100,366,135,231,482,174,308,6,1,5,0,0,0,11,5,6,3,1,2,370,71,299,170,25,145,1819,273,1546,44,19,25,2359,369,1990,30.333538,-81.4022
Florida,DUVAL,Jacksonville Beach Police Department,FL0160300,689,223,466,1043,282,761,11,3,8,0,0,0,0,0,0,7,1,6,564,64,500,485,63,422,5639,742,4897,135,21,114,6688,869,5819,30.288599,-81.40567
Florida,DUVAL,Neptune Beach Police Department,FL0160400,115,53,62,150,63,87,0,0,0,0,0,0,0,0,0,2,1,1,153,32,121,80,12,68,938,177,761,2,1,1,1171,221,950,30.323698,-81.39605
Florida,DUVAL,"Department of Law Enforcement: Duval County, Jacksonville",FL0160500,2,1,1,6,3,3,0,0,0,0,0,0,0,0,0,0,0,0,0,0,0,6,2,4,2,1,1,4,2,2,8,3,5,30.335827,-81.66703
Florida,DUVAL,University of North Florida,FL0160600,14,4,10,47,13,34,0,0,0,0,0,0,0,0,0,0,0,0,52,1,51,12,1,11,480,15,465,27,7,20,544,17,527,30.335245,-81.648113
Florida,DUVAL,Jacksonville Aviation Authority,FL0160700,23,11,12,23,11,12,0,0,0,0,0,0,0,0,0,0,0,0,10,2,8,366,59,307,223,33,190,0,0,0,599,94,505,30.335245,-81.648113
Florida,DUVAL,Duval County Schools,FL0161100,843,381,462,959,429,530,26,9,17,0,0,0,0,0,0,2,1,1,598,81,517,68,16,52,1793,240,1553,43,18,25,2459,337,2122,30.340302,-81.57326
Florida,DUVAL,"Department of Corrections, Office of the Inspector General: DeSoto County",FL0162900,0,0,0,0,0,0,0,0,0,0,0,0,0,0,0,0,0,0,0,0,0,0,0,0,0,0,0,0,0,0,0,0,0,,
Florida,DUVAL,Division of Alcoholic Beverages and Tobacco: Duval County,FL0165000,0,0,0,0,0,0,0,0,0,0,0,0,0,0,0,0,0,0,0,0,0,0,0,0,0,0,0,0,0,0,0,0,0,30.423128,-84.28066
Florida,DUVAL,Department of Insurance: Duval County,FL0167000,0,0,0,0,0,0,0,0,0,0,0,0,0,0,0,0,0,0,0,0,0,0,0,0,0,0,0,0,0,0,0,0,0,30.4355,-84.2806
Florida,DUVAL,Florida Game Commission: Duval County,FL0168000,0,0,0,0,0,0,0,0,0,0,0,0,0,0,0,0,0,0,0,0,0,0,0,0,0,0,0,0,0,0,0,0,0,30.334911,-81.664505
Florida,DUVAL,Highway Patrol: Duval County,FL0169000,47,16,31,49,17,32,0,0,0,0,0,0,0,0,0,0,0,0,0,0,0,146,52,94,251,94,157,0,0,0,397,146,251,30.297928,-81.77027
Florida,DUVAL,"Department of Agriculture and Consumer Services, Office of Agricultural Law Enforcement: ",FL016A00X,0,0,0,0,0,0,0,0,0,0,0,0,0,0,0,0,0,0,0,0,0,0,0,0,0,0,0,0,0,0,0,0,0,,
Florida,ESCAMBIA,Escambia County Sheriff's Office,FL0170000,9846,3458,6388,13816,4564,9252,112,24,88,0,0,0,0,0,0,204,91,113,11555,1615,9940,4189,895,3294,43694,9341,34353,1325,297,1028,59438,11851,47587,30.611648,-87.338948
Florida,ESCAMBIA,Pensacola Police Department,FL0170100,2538,1015,1523,3402,1284,2118,39,12,27,0,0,0,0,0,0,40,18,22,2474,583,1891,898,268,630,14993,4608,10385,252,61,191,18365,5459,12906,30.611648,-87.338948
Florida,ESCAMBIA,"Department of Law Enforcement: Escambia County, Pensacola",FL0170300,4,2,2,10,5,5,0,0,0,0,0,0,0,0,0,0,0,0,0,0,0,0,0,0,2,1,1,6,3,3,2,1,1,30.426098,-87.21845
Florida,ESCAMBIA,University of West Florida,FL0170400,10,4,6,35,10,25,0,0,0,0,0,0,0,0,0,0,0,0,29,2,27,7,1,6,260,26,234,22,5,17,296,29,267,30.542934,-87.21819
Florida,ESCAMBIA,"Department of Corrections, Office of the Inspector General: Escambia County",FL0171000,0,0,0,0,0,0,0,0,0,0,0,0,0,0,0,0,0,0,0,0,0,0,0,0,0,0,0,0,0,0,0,0,0,,
Florida,ESCAMBIA,Division of Alcoholic Beverages and Tobacco: Escambia County,FL0175000,0,0,0,0,0,0,0,0,0,0,0,0,0,0,0,0,0,0,0,0,0,0,0,0,0,0,0,0,0,0,0,0,0,30.423128,-84.28066
Florida,ESCAMBIA,Department of Insurance: Escambia County,FL0177000,0,0,0,0,0,0,0,0,0,0,0,0,0,0,0,0,0,0,0,0,0,0,0,0,0,0,0,0,0,0,0,0,0,30.4355,-84.2806
Florida,ESCAMBIA,Florida Game Commission: Escambia County,FL0178000,0,0,0,0,0,0,0,0,0,0,0,0,0,0,0,0,0,0,0,0,0,0,0,0,0,0,0,0,0,0,0,0,0,30.418161,-87.1951
Florida,ESCAMBIA,Highway Patrol: Escambia County,FL0179000,57,22,35,57,22,35,0,0,0,0,0,0,0,0,0,0,0,0,0,0,0,46,23,23,75,36,39,0,0,0,121,59,62,30.611648,-87.338948
Florida,ESCAMBIA,Pensacola State College,FL0179100,10,4,6,16,7,9,1,0,1,0,0,0,0,0,0,0,0,0,29,5,24,3,0,3,149,15,134,4,2,2,181,20,161,30.48097,-87.20537
Florida,ESCAMBIA,"Department of Agriculture and Consumer Services, Office of Agricultural Law Enforcement: ",FL017A00X,0,0,0,0,0,0,0,0,0,0,0,0,0,0,0,0,0,0,0,0,0,0,0,0,0,0,0,0,0,0,0,0,0,,
Florida,FLAGLER,Flagler County Sheriff's Office,FL0180000,1945,804,1141,2383,934,1449,33,8,25,0,0,0,0,0,0,24,11,13,1586,219,1367,643,150,493,8305,1575,6730,256,65,191,10534,1944,8590,29.457785,-81.26104
Florida,FLAGLER,Bunnell Police Department,FL0180100,297,115,182,332,123,209,1,0,1,0,0,0,0,0,0,2,0,2,119,16,103,84,11,73,479,74,405,12,4,8,682,101,581,29.474903,-81.286337
Florida,"FLAGLER, VOLUSIA",Flagler Beach Police Department,FL0180200,48,19,29,72,26,46,3,1,2,0,0,0,0,0,0,2,1,1,110,25,85,40,13,27,444,72,372,11,2,9,594,110,484,29.474903,-81.286337
Florida,FLAGLER,"Department of Corrections, Office of the Inspector General: Flagler County",FL0180500,0,0,0,0,0,0,0,0,0,0,0,0,0,0,0,0,0,0,0,0,0,0,0,0,0,0,0,0,0,0,0,0,0,,
Florida,FLAGLER,Division of Alcoholic Beverages and Tobacco: Flagler County,FL0185000,0,0,0,0,0,0,0,0,0,0,0,0,0,0,0,0,0,0,0,0,0,0,0,0,0,0,0,0,0,0,0,0,0,30.423128,-84.28066
Florida,FLAGLER,Florida Game Commission: Flagler County,FL0188000,0,0,0,0,0,0,0,0,0,0,0,0,0,0,0,0,0,0,0,0,0,0,0,0,0,0,0,0,0,0,0,0,0,29.474903,-81.286337
Florida,FLAGLER,Highway Patrol: Flagler County,FL0189000,0,0,0,0,0,0,0,0,0,0,0,0,0,0,0,0,0,0,0,0,0,10,5,5,3,0,3,0,0,0,13,5,8,28.543722,-81.31053
Florida,FLAGLER,"Department of Agriculture and Consumer Services, Office of Agricultural Law Enforcement: ",FL018A00X,0,0,0,0,0,0,0,0,0,0,0,0,0,0,0,0,0,0,0,0,0,0,0,0,0,0,0,0,0,0,0,0,0,,
Florida,FRANKLIN,Franklin County Sheriff's Office,FL0190000,326,144,182,366,163,203,6,3,3,0,0,0,0,0,0,6,3,3,312,98,214,57,25,32,918,242,676,29,14,15,1287,365,922,29.810176,-84.799174
Florida,FRANKLIN,Apalachicola Police Department,FL0190100,26,13,13,26,13,13,0,0,0,0,0,0,0,0,0,0,0,0,38,4,34,12,2,10,151,9,142,0,0,0,201,15,186,29.810176,-84.799174
Florida,FRANKLIN,Carrabelle Police Department,FL0190200,15,7,8,19,9,10,0,0,0,0,0,0,0,0,0,0,0,0,50,10,40,10,5,5,57,17,40,4,2,2,117,32,85,29.810176,-84.799174
Florida,FRANKLIN,"Department of Corrections, Office of the Inspector General: Franklin County",FL019040X,0,0,0,0,0,0,0,0,0,0,0,0,0,0,0,0,0,0,0,0,0,0,0,0,0,0,0,0,0,0,0,0,0,,
Florida,FRANKLIN,Division of Alcoholic Beverages and Tobacco: Franklin County,FL019500X,0,0,0,0,0,0,0,0,0,0,0,0,0,0,0,0,0,0,0,0,0,0,0,0,0,0,0,0,0,0,0,0,0,30.423128,-84.28066
Florida,FRANKLIN,Florida Game Commission: Franklin County,FL0198000,0,0,0,0,0,0,0,0,0,0,0,0,0,0,0,0,0,0,0,0,0,0,0,0,0,0,0,0,0,0,0,0,0,29.846487,-84.66904
Florida,FRANKLIN,Highway Patrol: Franklin County,FL0199000,0,0,0,0,0,0,0,0,0,0,0,0,0,0,0,0,0,0,0,0,0,0,0,0,0,0,0,0,0,0,0,0,0,29.810176,-84.799174
Florida,FRANKLIN,"Department of Agriculture and Consumer Services, Office of Agricultural Law Enforcement: ",FL019A00X,0,0,0,0,0,0,0,0,0,0,0,0,0,0,0,0,0,0,0,0,0,0,0,0,0,0,0,0,0,0,0,0,0,,
Florida,GADSDEN,Gadsden County Sheriff's Office,FL0200000,701,260,441,868,315,553,16,4,12,0,0,0,0,0,0,9,4,5,1105,211,894,130,35,95,1226,280,946,109,36,73,2461,526,1935,30.579169,-84.612783
Florida,GADSDEN,Quincy Police Department,FL0200100,309,115,194,395,133,262,9,3,6,0,0,0,0,0,0,12,5,7,540,35,505,51,9,42,763,149,614,15,3,12,1354,193,1161,30.58813,-84.578804
Florida,GADSDEN,Chattahoochee Police Department,FL0200200,139,58,81,177,74,103,0,0,0,0,0,0,0,0,0,11,5,6,114,28,86,157,24,133,303,51,252,15,5,10,574,103,471,30.705803,-84.84638
Florida,GADSDEN,Havana Police Department,FL0200300,22,11,11,28,14,14,0,0,0,0,0,0,0,0,0,0,0,0,95,61,34,32,7,25,113,36,77,4,2,2,240,104,136,30.625616,-84.413826
Florida,GADSDEN,Gretna Police Department,FL0200400,40,17,23,51,18,33,2,1,1,0,0,0,0,0,0,2,1,1,93,30,63,2,1,1,87,32,55,3,0,3,182,63,119,30.579169,-84.612783
Florida,GADSDEN,Midway Police Department,FL0200500,13,5,8,25,10,15,0,0,0,0,0,0,0,0,0,0,0,0,37,6,31,18,4,14,84,12,72,8,4,4,139,22,117,30.579169,-84.612783
Florida,GADSDEN,"Department of Corrections, Office of the Inspector General: Gadsden County",FL0200800,0,0,0,0,0,0,0,0,0,0,0,0,0,0,0,0,0,0,0,0,0,0,0,0,0,0,0,0,0,0,0,0,0,30.426645,-84.249504
Florida,GADSDEN,Division of Alcoholic Beverages and Tobacco: Gadsden County,FL020500X,0,0,0,0,0,0,0,0,0,0,0,0,0,0,0,0,0,0,0,0,0,0,0,0,0,0,0,0,0,0,0,0,0,30.423128,-84.28066
Florida,GADSDEN,Florida Game Commission: Gadsden County,FL0208000,0,0,0,0,0,0,0,0,0,0,0,0,0,0,0,0,0,0,0,0,0,0,0,0,0,0,0,0,0,0,0,0,0,30.579169,-84.612783
Florida,GADSDEN,Highway Patrol: Gadsden County,FL0209000,62,31,31,62,31,31,0,0,0,0,0,0,0,0,0,0,0,0,0,0,0,18,9,9,15,5,10,0,0,0,33,14,19,30.579169,-84.612783
Florida,GADSDEN,"Department of Agriculture and Consumer Services, Office of Agricultural Law Enforcement: ",FL020A00X,0,0,0,0,0,0,0,0,0,0,0,0,0,0,0,0,0,0,0,0,0,0,0,0,0,0,0,0,0,0,0,0,0,,
Florida,GILCHRIST,Gilchrist County Sheriff's Office,FL0210000,138,55,83,171,67,104,2,0,2,0,0,0,0,0,0,0,0,0,219,44,175,69,26,43,239,43,196,17,4,13,527,113,414,29.723456,-82.795801
Florida,GILCHRIST,Trenton Police Department,FL0210200,31,10,21,40,13,27,2,1,1,0,0,0,0,0,0,3,1,2,46,14,32,6,2,4,87,24,63,1,0,1,139,40,99,29.61405,-82.81698
Florida,GILCHRIST,"Department of Corrections, Office of the Inspector General: Gilchrist County",FL0210700,0,0,0,0,0,0,0,0,0,0,0,0,0,0,0,0,0,0,0,0,0,0,0,0,0,0,0,0,0,0,0,0,0,30.426645,-84.249504
Florida,GILCHRIST,Division of Alcoholic Beverages and Tobacco: Gilchrist County,FL021500X,0,0,0,0,0,0,0,0,0,0,0,0,0,0,0,0,0,0,0,0,0,0,0,0,0,0,0,0,0,0,0,0,0,30.423128,-84.28066
Florida,GILCHRIST,Florida Game Commission: Gilchrist County,FL0218000,0,0,0,0,0,0,0,0,0,0,0,0,0,0,0,0,0,0,0,0,0,0,0,0,0,0,0,0,0,0,0,0,0,29.723456,-82.795801
Florida,GILCHRIST,Highway Patrol: Gilchrist County,FL0219000,8,4,4,8,4,4,0,0,0,0,0,0,0,0,0,0,0,0,0,0,0,0,0,0,0,0,0,0,0,0,0,0,0,29.723456,-82.795801
Florida,GILCHRIST,"Department of Agriculture and Consumer Services, Office of Agricultural Law Enforcement: ",FL021A00X,0,0,0,0,0,0,0,0,0,0,0,0,0,0,0,0,0,0,0,0,0,0,0,0,0,0,0,0,0,0,0,0,0,,
Florida,GLADES,Glades County Sheriff's Office,FL0220000,262,101,161,290,112,178,0,0,0,0,0,0,0,0,0,2,1,1,269,47,222,90,11,79,608,63,545,18,8,10,967,121,846,26.95481,-81.19082
Florida,GLADES,"Department of Corrections, Office of the Inspector General: Glades County",FL0220200,0,0,0,0,0,0,0,0,0,0,0,0,0,0,0,0,0,0,0,0,0,0,0,0,0,0,0,0,0,0,0,0,0,,
Florida,GLADES,Division of Alcoholic Beverages and Tobacco: Glades County,FL022500X,0,0,0,0,0,0,0,0,0,0,0,0,0,0,0,0,0,0,0,0,0,0,0,0,0,0,0,0,0,0,0,0,0,30.423128,-84.28066
Florida,GLADES,Florida Game Commission: Glades County,FL0228000,0,0,0,0,0,0,0,0,0,0,0,0,0,0,0,0,0,0,0,0,0,0,0,0,0,0,0,0,0,0,0,0,0,26.95481,-81.19082
Florida,GLADES,Highway Patrol: Glades County,FL0229000,0,0,0,0,0,0,0,0,0,0,0,0,0,0,0,0,0,0,0,0,0,0,0,0,6,3,3,0,0,0,6,3,3,27.446318,-82.49824
Florida,GLADES,"Department of Agriculture and Consumer Services, Office of Agricultural Law Enforcement: ",FL022A00X,0,0,0,0,0,0,0,0,0,0,0,0,0,0,0,0,0,0,0,0,0,0,0,0,0,0,0,0,0,0,0,0,0,,
Florida,GULF,Gulf County Sheriff's Office,FL0230000,410,187,223,454,206,248,13,5,8,0,0,0,0,0,0,4,2,2,402,52,350,64,18,46,700,131,569,34,14,20,1166,201,965,29.907257,-85.256537
Florida,GULF,Port St. Joe Police Department,FL0230100,138,62,76,153,69,84,0,0,0,0,0,0,0,0,0,0,0,0,130,40,90,14,5,9,177,35,142,1,0,1,321,80,241,29.812017,-85.30212
Florida,GULF,"Department of Corrections, Office of the Inspector General: Gulf County",FL0230300,0,0,0,0,0,0,0,0,0,0,0,0,0,0,0,0,0,0,0,0,0,0,0,0,0,0,0,0,0,0,0,0,0,30.426645,-84.249504
Florida,GULF,Division of Alcoholic Beverages and Tobacco: Gulf County,FL023500X,0,0,0,0,0,0,0,0,0,0,0,0,0,0,0,0,0,0,0,0,0,0,0,0,0,0,0,0,0,0,0,0,0,30.423128,-84.28066
Florida,GULF,Florida Game Commission: Gulf County,FL0238000,0,0,0,0,0,0,0,0,0,0,0,0,0,0,0,0,0,0,0,0,0,0,0,0,0,0,0,0,0,0,0,0,0,29.815681,-85.28942
Florida,GULF,Highway Patrol: Gulf County,FL0239000,0,0,0,0,0,0,0,0,0,0,0,0,0,0,0,0,0,0,0,0,0,0,0,0,0,0,0,0,0,0,0,0,0,30.24214,-85.57792
Florida,GULF,"Department of Agriculture and Consumer Services, Office of Agricultural Law Enforcement: ",FL023A00X,0,0,0,0,0,0,0,0,0,0,0,0,0,0,0,0,0,0,0,0,0,0,0,0,0,0,0,0,0,0,0,0,0,,
Florida,HAMILTON,Hamilton County Sheriff's Office,FL0240000,372,145,227,458,174,284,15,4,11,0,0,0,2,1,1,15,6,9,517,87,430,126,39,87,968,144,824,36,14,22,1611,270,1341,30.491226,-82.951069
Florida,HAMILTON,Jasper Police Department,FL0240100,58,23,35,82,33,49,0,0,0,0,0,0,0,0,0,0,0,0,134,27,107,43,15,28,340,75,265,4,2,2,517,117,400,30.518003,-82.94588
Florida,HAMILTON,Jennings Police Department,FL0240200,9,4,5,9,4,5,0,0,0,0,0,0,0,0,0,0,0,0,10,1,9,2,0,2,36,10,26,0,0,0,48,11,37,30.491226,-82.951069
Florida,HAMILTON,White Springs Police Department,FL0240300,80,39,41,91,43,48,2,0,2,0,0,0,0,0,0,3,1,2,50,13,37,23,9,14,153,48,105,4,2,2,226,70,156,30.491226,-82.951069
Florida,HAMILTON,"Department of Corrections, Office of the Inspector General: Hamilton County",FL024130X,0,0,0,0,0,0,0,0,0,0,0,0,0,0,0,0,0,0,0,0,0,0,0,0,0,0,0,0,0,0,0,0,0,30.426645,-84.249504
Florida,HAMILTON,Division of Alcoholic Beverages and Tobacco: Hamilton County,FL024500X,0,0,0,0,0,0,0,0,0,0,0,0,0,0,0,0,0,0,0,0,0,0,0,0,0,0,0,0,0,0,0,0,0,30.423128,-84.28066
Florida,HAMILTON,Florida Game Commission: Hamilton County,FL0248000,0,0,0,0,0,0,0,0,0,0,0,0,0,0,0,0,0,0,0,0,0,0,0,0,0,0,0,0,0,0,0,0,0,30.491226,-82.951069
Florida,HAMILTON,Highway Patrol: Hamilton County,FL0249000,4,1,3,4,1,3,0,0,0,0,0,0,0,0,0,0,0,0,0,0,0,11,5,6,6,3,3,0,0,0,17,8,9,30.491226,-82.951069
Florida,HAMILTON,"Department of Agriculture and Consumer Services, Office of Agricultural Law Enforcement: ",FL024A00X,0,0,0,0,0,0,0,0,0,0,0,0,0,0,0,0,0,0,0,0,0,0,0,0,0,0,0,0,0,0,0,0,0,,
Florida,HARDEE,Hardee County Sheriff's Office,FL0250000,517,222,295,628,254,374,8,4,4,0,0,0,0,0,0,2,0,2,743,162,581,275,97,178,1681,466,1215,69,21,48,2699,725,1974,27.492846,-81.82158
Florida,HARDEE,Bowling Green Police Department,FL0250100,78,37,41,97,43,54,0,0,0,0,0,0,0,0,0,2,1,1,238,83,155,57,23,34,276,67,209,7,1,6,571,173,398,27.492846,-81.82158
Florida,HARDEE,Wauchula Police Department,FL0250200,155,62,93,191,73,118,0,0,0,0,0,0,0,0,0,0,0,0,366,90,276,65,16,49,763,196,567,18,5,13,1194,302,892,27.546947,-81.812836
Florida,HARDEE,"Department of Corrections, Office of the Inspector General: Hardee County",FL0250400,0,0,0,0,0,0,0,0,0,0,0,0,0,0,0,0,0,0,0,0,0,0,0,0,0,0,0,0,0,0,0,0,0,,
Florida,HARDEE,Division of Alcoholic Beverages and Tobacco: Hardee County,FL025500X,0,0,0,0,0,0,0,0,0,0,0,0,0,0,0,0,0,0,0,0,0,0,0,0,0,0,0,0,0,0,0,0,0,30.423128,-84.28066
Florida,HARDEE,Florida Game Commission: Hardee County,FL0258000,0,0,0,0,0,0,0,0,0,0,0,0,0,0,0,0,0,0,0,0,0,0,0,0,0,0,0,0,0,0,0,0,0,27.547436,-81.81255
Florida,HARDEE,Highway Patrol: Hardee County,FL0259000,0,0,0,0,0,0,0,0,0,0,0,0,0,0,0,0,0,0,0,0,0,0,0,0,0,0,0,0,0,0,0,0,0,27.446318,-82.49824
Florida,HARDEE,"Department of Agriculture and Consumer Services, Office of Agricultural Law Enforcement: ",FL025A00X,0,0,0,0,0,0,0,0,0,0,0,0,0,0,0,0,0,0,0,0,0,0,0,0,0,0,0,0,0,0,0,0,0,,
Florida,HENDRY,Hendry County Sheriff's Office,FL0260000,1043,398,645,1418,535,883,46,12,34,0,0,0,0,0,0,41,18,23,2051,313,1738,300,49,251,2737,561,2176,124,43,81,5088,923,4165,26.539967,-81.152114
Florida,HENDRY,Clewiston Police Department,FL0260100,247,86,161,343,123,220,8,3,5,0,0,0,0,0,0,7,3,4,438,92,346,74,13,61,1518,490,1028,10,4,6,2030,595,1435,26.752415,-80.935234
Florida,HENDRY,"Department of Corrections, Office of the Inspector General: Hendry County",FL0260500,0,0,0,0,0,0,0,0,0,0,0,0,0,0,0,0,0,0,0,0,0,0,0,0,0,0,0,0,0,0,0,0,0,,
Florida,HENDRY,Division of Alcoholic Beverages and Tobacco: Hendry County,FL026500X,0,0,0,0,0,0,0,0,0,0,0,0,0,0,0,0,0,0,0,0,0,0,0,0,0,0,0,0,0,0,0,0,0,30.423128,-84.28066
Florida,HENDRY,Florida Game Commission: Hendry County,FL0268000,0,0,0,0,0,0,0,0,0,0,0,0,0,0,0,0,0,0,0,0,0,0,0,0,0,0,0,0,0,0,0,0,0,26.539967,-81.152114
Florida,HENDRY,Highway Patrol: Hendry County,FL0269000,0,0,0,0,0,0,0,0,0,0,0,0,0,0,0,0,0,0,0,0,0,2,1,1,2,1,1,0,0,0,4,2,2,27.446318,-82.49824
Florida,HENDRY,"Department of Agriculture and Consumer Services, Office of Agricultural Law Enforcement: ",FL026A00X,0,0,0,0,0,0,0,0,0,0,0,0,0,0,0,0,0,0,0,0,0,0,0,0,0,0,0,0,0,0,0,0,0,,
Florida,HERNANDO,Hernando County Sheriff's Office,FL0270000,4452,1749,2703,5919,2324,3595,175,37,138,0,0,0,61,24,37,81,34,47,4410,859,3551,2101,678,1423,20858,5217,15641,758,312,446,27369,6754,20615,28.567911,-82.464835
Florida,HERNANDO,Brooksville Police Department,FL0270100,468,193,275,615,246,369,12,4,8,0,0,0,5,2,3,2,1,1,307,67,240,133,38,95,2278,681,1597,61,25,36,2718,786,1932,28.552889,-82.400085
Florida,HERNANDO,"Department of Corrections, Office of the Inspector General: Hernando County",FL0270500,0,0,0,0,0,0,0,0,0,0,0,0,0,0,0,0,0,0,0,0,0,0,0,0,0,0,0,0,0,0,0,0,0,,
Florida,HERNANDO,Division of Alcoholic Beverages and Tobacco: Hernando County,FL027500X,0,0,0,0,0,0,0,0,0,0,0,0,0,0,0,0,0,0,0,0,0,0,0,0,0,0,0,0,0,0,0,0,0,30.423128,-84.28066
Florida,HERNANDO,Florida Game Commission: Hernando County,FL0278000,0,0,0,0,0,0,0,0,0,0,0,0,0,0,0,0,0,0,0,0,0,0,0,0,0,0,0,0,0,0,0,0,0,28.633165,-82.351074
Florida,HERNANDO,Highway Patrol: Hernando County,FL0279000,22,11,11,22,11,11,0,0,0,0,0,0,0,0,0,0,0,0,0,0,0,9,1,8,14,6,8,0,0,0,23,7,16,28.595318,-82.40073
Florida,HERNANDO,"Department of Agriculture and Consumer Services, Office of Agricultural Law Enforcement: ",FL027A00X,0,0,0,0,0,0,0,0,0,0,0,0,0,0,0,0,0,0,0,0,0,0,0,0,0,0,0,0,0,0,0,0,0,,
Florida,HIGHLANDS,Highlands County Sheriff's Office,FL0280000,1815,774,1041,2494,1075,1419,62,11,51,0,0,0,0,0,0,52,27,25,3459,797,2662,772,224,548,10588,2861,7727,270,110,160,14819,3882,10937,27.493254,-81.43645
Florida,HIGHLANDS,Lake Placid Police Department,FL0280200,72,26,46,95,31,64,7,3,4,0,0,0,0,0,0,0,0,0,121,29,92,14,0,14,587,123,464,7,1,6,722,152,570,27.322466,-81.41154
Florida,HIGHLANDS,Sebring Police Department,FL0280300,413,170,243,587,224,363,7,1,6,0,0,0,0,0,0,20,5,15,791,153,638,116,31,85,2926,779,2147,51,14,37,3833,963,2870,27.4978,-81.44039
Florida,HIGHLANDS,"Department of Corrections, Office of the Inspector General: Highlands County",FL0280600,0,0,0,0,0,0,0,0,0,0,0,0,0,0,0,0,0,0,0,0,0,0,0,0,0,0,0,0,0,0,0,0,0,,
Florida,HIGHLANDS,Division of Alcoholic Beverages and Tobacco: Highlands County,FL028500X,0,0,0,0,0,0,0,0,0,0,0,0,0,0,0,0,0,0,0,0,0,0,0,0,0,0,0,0,0,0,0,0,0,30.423128,-84.28066
Florida,HIGHLANDS,Florida Game Commission: Highlands County,FL0288000,0,0,0,0,0,0,0,0,0,0,0,0,0,0,0,0,0,0,0,0,0,0,0,0,0,0,0,0,0,0,0,0,0,27.342627,-81.340921
Florida,HIGHLANDS,Highway Patrol: Highlands County,FL0289000,0,0,0,0,0,0,0,0,0,0,0,0,0,0,0,0,0,0,0,0,0,0,0,0,0,0,0,0,0,0,0,0,0,27.342627,-81.340921
Florida,HIGHLANDS,"Department of Agriculture and Consumer Services, Office of Agricultural Law Enforcement: ",FL028A00X,0,0,0,0,0,0,0,0,0,0,0,0,0,0,0,0,0,0,0,0,0,0,0,0,0,0,0,0,0,0,0,0,0,,
Florida,HILLSBOROUGH,Hillsborough County Sheriff's Office,FL0290000,14297,6244,8053,19729,8256,11473,354,75,279,0,0,0,0,0,0,336,148,188,15797,3034,12763,8496,2115,6381,73531,17048,56483,2217,897,1320,97824,22197,75627,27.90659,-82.349568
Florida,HILLSBOROUGH,Plant City Police Department,FL0290100,1514,525,989,1980,674,1306,57,13,44,0,0,0,0,0,0,27,10,17,1232,201,1031,844,205,639,7791,1590,6201,119,47,72,9867,1996,7871,27.90659,-82.349568
Florida,HILLSBOROUGH,Tampa Police Department,FL0290200,17306,6487,10819,23324,8346,14978,468,111,357,32,4,28,203,26,177,406,122,284,10891,2074,8817,5799,1173,4626,48885,9491,39394,1265,437,828,65575,12738,52837,27.947796,-82.45798
Florida,HILLSBOROUGH,Temple Terrace Police Department,FL0290300,570,224,346,853,300,553,4,0,4,0,0,0,0,0,0,15,5,10,1142,220,922,363,65,298,3945,871,3074,80,22,58,5450,1156,4294,27.90659,-82.349568
Florida,HILLSBOROUGH,"Department of Law Enforcement: Hillsborough County, Tampa",FL0290500,3,1,2,5,1,4,0,0,0,0,0,0,0,0,0,0,0,0,0,0,0,0,0,0,10,1,9,2,0,2,10,1,9,27.981207,-82.51362
Florida,HILLSBOROUGH,Tampa International Airport,FL0290600,56,23,33,62,25,37,0,0,0,0,0,0,0,0,0,0,0,0,70,24,46,675,220,455,2561,408,2153,3,1,2,3306,652,2654,27.90659,-82.349568
Florida,HILLSBOROUGH,University of South Florida: Tampa,FL0290700,37,16,21,91,33,58,3,0,3,0,0,0,0,0,0,0,0,0,173,23,150,72,9,63,1696,160,1536,29,8,21,1941,192,1749,28.054474,-82.41377
Florida,HILLSBOROUGH,"Department of Corrections, Office of the Inspector General: Hillsborough County",FL0291800,0,0,0,0,0,0,0,0,0,0,0,0,0,0,0,0,0,0,0,0,0,0,0,0,0,0,0,0,0,0,0,0,0,,
Florida,HILLSBOROUGH,Division of Alcoholic Beverages and Tobacco: Hillsborough County,FL0295000,0,0,0,0,0,0,0,0,0,0,0,0,0,0,0,0,0,0,0,0,0,0,0,0,0,0,0,0,0,0,0,0,0,30.423128,-84.28066
Florida,HILLSBOROUGH,Department of Insurance: Hillsborough County,FL0297000,0,0,0,0,0,0,0,0,0,0,0,0,0,0,0,0,0,0,0,0,0,0,0,0,0,0,0,0,0,0,0,0,0,30.4355,-84.2806
Florida,HILLSBOROUGH,Florida Game Commission: Hillsborough County,FL0298000,0,0,0,0,0,0,0,0,0,0,0,0,0,0,0,0,0,0,0,0,0,0,0,0,0,0,0,0,0,0,0,0,0,27.89341,-82.53147
Florida,HILLSBOROUGH,Highway Patrol: Hillsborough County,FL0299000,289,133,156,289,133,156,2,1,1,0,0,0,0,0,0,0,0,0,4,2,2,106,29,77,171,59,112,0,0,0,281,90,191,27.90659,-82.349568
Florida,HILLSBOROUGH,"Department of Agriculture and Consumer Services, Office of Agricultural Law Enforcement: ",FL029A00X,0,0,0,0,0,0,0,0,0,0,0,0,0,0,0,0,0,0,0,0,0,0,0,0,0,0,0,0,0,0,0,0,0,,
Florida,HOLMES,Holmes County Sheriff's Office,FL0300000,634,272,362,743,318,425,6,3,3,0,0,0,0,0,0,6,2,4,648,239,409,177,72,105,1214,429,785,88,40,48,2039,740,1299,30.793148,-85.67843
Florida,HOLMES,Bonifay Police Department,FL0300100,64,30,34,72,34,38,10,5,5,0,0,0,0,0,0,2,1,1,68,34,34,46,23,23,104,52,52,0,0,0,218,109,109,30.78491,-85.679924
Florida,HOLMES,"Department of Corrections, Office of the Inspector General: Holmes County",FL0300200,0,0,0,0,0,0,0,0,0,0,0,0,0,0,0,0,0,0,0,0,0,0,0,0,0,0,0,0,0,0,0,0,0,,
Florida,HOLMES,Division of Alcoholic Beverages and Tobacco: Holmes County,FL030500X,0,0,0,0,0,0,0,0,0,0,0,0,0,0,0,0,0,0,0,0,0,0,0,0,0,0,0,0,0,0,0,0,0,30.423128,-84.28066
Florida,HOLMES,Florida Game Commission: Holmes County,FL0308000,0,0,0,0,0,0,0,0,0,0,0,0,0,0,0,0,0,0,0,0,0,0,0,0,0,0,0,0,0,0,0,0,0,30.275774,-85.60808
Florida,HOLMES,Highway Patrol: Holmes County,FL0309000,0,0,0,0,0,0,0,0,0,0,0,0,0,0,0,0,0,0,0,0,0,11,5,6,0,0,0,0,0,0,11,5,6,30.24214,-85.57792
Florida,HOLMES,"Department of Agriculture and Consumer Services, Office of Agricultural Law Enforcement: ",FL030A00X,0,0,0,0,0,0,0,0,0,0,0,0,0,0,0,0,0,0,0,0,0,0,0,0,0,0,0,0,0,0,0,0,0,,
Florida,INDIAN RIVER,Indian River County Sheriff's Office,FL0310000,2066,706,1360,2495,826,1669,27,7,20,0,0,0,0,0,0,43,18,25,2146,186,1960,868,95,773,10682,1613,9069,163,47,116,13696,1894,11802,27.666946,-80.42692
Florida,INDIAN RIVER,Fellsmere Police Department,FL0310100,80,30,50,103,37,66,0,0,0,0,0,0,0,0,0,1,0,1,133,40,93,46,14,32,420,57,363,1,0,1,599,111,488,27.766813,-80.60363
Florida,INDIAN RIVER,Sebastian Police Department,FL0310200,295,125,170,401,167,234,3,0,3,0,0,0,0,0,0,0,0,0,352,55,297,134,36,98,2437,510,1927,51,21,30,2923,601,2322,27.817184,-80.47476
Florida,INDIAN RIVER,Vero Beach Police Department,FL0310300,395,171,224,519,201,318,3,0,3,0,0,0,0,0,0,9,3,6,569,112,457,155,43,112,2379,470,1909,52,12,40,3103,625,2478,27.638018,-80.3945
Florida,INDIAN RIVER,Indian River Shores Police Department,FL0310400,4,1,3,4,1,3,0,0,0,0,0,0,0,0,0,0,0,0,17,0,17,17,10,7,86,9,77,0,0,0,120,19,101,27.700638,-80.574803
Florida,INDIAN RIVER,"Department of Corrections, Office of the Inspector General: Indian River County",FL0310600,0,0,0,0,0,0,0,0,0,0,0,0,0,0,0,0,0,0,0,0,0,0,0,0,0,0,0,0,0,0,0,0,0,,
Florida,INDIAN RIVER,Division of Alcoholic Beverages and Tobacco: Indian River County,FL031500X,0,0,0,0,0,0,0,0,0,0,0,0,0,0,0,0,0,0,0,0,0,0,0,0,0,0,0,0,0,0,0,0,0,,
Florida,INDIAN RIVER,Florida Game Commission: Indian River County,FL0318000,0,0,0,0,0,0,0,0,0,0,0,0,0,0,0,0,0,0,0,0,0,0,0,0,0,0,0,0,0,0,0,0,0,27.590832,-80.62875
Florida,INDIAN RIVER,Highway Patrol: Indian River County,FL0319000,0,0,0,0,0,0,0,0,0,0,0,0,0,0,0,0,0,0,0,0,0,4,1,3,3,1,2,0,0,0,7,2,5,27.700638,-80.574803
Florida,INDIAN RIVER,"Department of Agriculture and Consumer Services, Office of Agricultural Law Enforcement: ",FL031A00X,0,0,0,0,0,0,0,0,0,0,0,0,0,0,0,0,0,0,0,0,0,0,0,0,0,0,0,0,0,0,0,0,0,,
Florida,JACKSON,Jackson County Sheriff's Office,FL0320000,591,256,335,752,310,442,20,10,10,0,0,0,0,0,0,15,7,8,678,96,582,202,63,139,2542,517,2025,122,42,80,3422,676,2746,30.789124,-85.208764
Florida,JACKSON,Marianna Police Department,FL0320100,698,218,480,788,241,547,13,5,8,0,0,0,0,0,0,8,3,5,458,90,368,90,24,66,975,216,759,43,7,36,1523,330,1193,30.789124,-85.208764
Florida,JACKSON,Cottondale Police Department,FL0320200,0,0,0,0,0,0,0,0,0,0,0,0,0,0,0,0,0,0,0,0,0,0,0,0,0,0,0,0,0,0,0,0,0,30.789124,-85.208764
Florida,JACKSON,Graceville Police Department,FL0320300,52,15,37,59,18,41,0,0,0,0,0,0,0,0,0,4,2,2,124,6,118,24,6,18,129,13,116,1,0,1,277,25,252,30.789124,-85.208764
Florida,JACKSON,Sneads Police Department,FL0320500,19,8,11,21,9,12,2,1,1,0,0,0,0,0,0,0,0,0,39,7,32,26,12,14,41,15,26,0,0,0,106,34,72,30.789124,-85.208764
Florida,JACKSON,"Department of Corrections, Office of the Inspector General: Jackson County",FL0320800,0,0,0,0,0,0,0,0,0,0,0,0,0,0,0,0,0,0,0,0,0,0,0,0,0,0,0,0,0,0,0,0,0,30.426645,-84.249504
Florida,JACKSON,Jackson County School District,FL0320900,18,9,9,21,10,11,0,0,0,0,0,0,0,0,0,0,0,0,2,0,2,0,0,0,9,3,6,3,1,2,11,3,8,,
Florida,JACKSON,Division of Alcoholic Beverages and Tobacco: Jackson County,FL0325000,0,0,0,0,0,0,0,0,0,0,0,0,0,0,0,0,0,0,0,0,0,0,0,0,0,0,0,0,0,0,0,0,0,30.423128,-84.28066
Florida,JACKSON,Florida Game Commission: Jackson County,FL0328000,0,0,0,0,0,0,0,0,0,0,0,0,0,0,0,0,0,0,0,0,0,0,0,0,0,0,0,0,0,0,0,0,0,30.784529,-85.295876
Florida,JACKSON,Highway Patrol: Jackson County,FL0329000,27,11,16,27,11,16,0,0,0,0,0,0,0,0,0,0,0,0,0,0,0,74,37,37,7,2,5,0,0,0,81,39,42,30.784529,-85.295876
Florida,JACKSON,"Department of Agriculture and Consumer Services, Office of Agricultural Law Enforcement: ",FL032A00X,0,0,0,0,0,0,0,0,0,0,0,0,0,0,0,0,0,0,0,0,0,0,0,0,0,0,0,0,0,0,0,0,0,,
Florida,JEFFERSON,Jefferson County Sheriff's Office,FL0330000,884,362,522,965,387,578,11,4,7,0,0,0,3,0,3,3,1,2,499,110,389,125,39,86,707,164,543,53,13,40,1331,313,1018,30.504297,-83.88124
Florida,JEFFERSON,Monticello Police Department,FL0330100,147,76,71,161,82,79,0,0,0,0,0,0,0,0,0,4,2,2,191,55,136,12,5,7,230,54,176,2,1,1,433,114,319,30.424558,-83.890859
Florida,JEFFERSON,"Department of Corrections, Office of the Inspector General: Jefferson County",FL033020X,0,0,0,0,0,0,0,0,0,0,0,0,0,0,0,0,0,0,0,0,0,0,0,0,0,0,0,0,0,0,0,0,0,30.426645,-84.249504
Florida,JEFFERSON,Division of Alcoholic Beverages and Tobacco: Jefferson County,FL033500X,0,0,0,0,0,0,0,0,0,0,0,0,0,0,0,0,0,0,0,0,0,0,0,0,0,0,0,0,0,0,0,0,0,30.423128,-84.28066
Florida,JEFFERSON,Florida Game Commission: Jefferson County,FL0338000,0,0,0,0,0,0,0,0,0,0,0,0,0,0,0,0,0,0,0,0,0,0,0,0,0,0,0,0,0,0,0,0,0,30.545736,-83.870155
Florida,JEFFERSON,Highway Patrol: Jefferson County,FL0339000,8,4,4,8,4,4,0,0,0,0,0,0,0,0,0,0,0,0,0,0,0,15,7,8,10,5,5,0,0,0,25,12,13,30.453127,-84.24729
Florida,JEFFERSON,"Department of Agriculture and Consumer Services, Office of Agricultural Law Enforcement: ",FL033A00X,0,0,0,0,0,0,0,0,0,0,0,0,0,0,0,0,0,0,0,0,0,0,0,0,0,0,0,0,0,0,0,0,0,,
Florida,LAFAYETTE,Lafayette County Sheriff's Office,FL0340000,205,83,122,221,90,131,7,3,4,0,0,0,0,0,0,2,1,1,148,47,101,24,8,16,202,69,133,11,5,6,374,124,250,29.990066,-83.17851
Florida,LAFAYETTE,"Department of Corrections, Office of the Inspector General: Lafayette County",FL0340300,0,0,0,0,0,0,0,0,0,0,0,0,0,0,0,0,0,0,0,0,0,0,0,0,0,0,0,0,0,0,0,0,0,30.426645,-84.249504
Florida,LAFAYETTE,Division of Alcoholic Beverages and Tobacco: Lafayette County,FL034500X,0,0,0,0,0,0,0,0,0,0,0,0,0,0,0,0,0,0,0,0,0,0,0,0,0,0,0,0,0,0,0,0,0,,
Florida,LAFAYETTE,Florida Game Commission: Lafayette County,FL0348000,0,0,0,0,0,0,0,0,0,0,0,0,0,0,0,0,0,0,0,0,0,0,0,0,0,0,0,0,0,0,0,0,0,29.990066,-83.17851
Florida,LAFAYETTE,Highway Patrol: Lafayette County,FL0349000,0,0,0,0,0,0,0,0,0,0,0,0,0,0,0,0,0,0,0,0,0,0,0,0,0,0,0,0,0,0,0,0,0,29.990066,-83.17851
Florida,LAFAYETTE,"Department of Agriculture and Consumer Services, Office of Agricultural Law Enforcement: ",FL034A00X,0,0,0,0,0,0,0,0,0,0,0,0,0,0,0,0,0,0,0,0,0,0,0,0,0,0,0,0,0,0,0,0,0,,
Florida,LAKE,Lake County Sheriff's Office,FL0350000,3301,1173,2128,4377,1548,2829,92,19,73,0,0,0,0,0,0,65,30,35,4178,475,3703,1721,291,1430,10909,1380,9529,631,230,401,16808,2146,14662,28.801252,-81.73048
Florida,LAKE,Eustis Police Department,FL0350100,272,106,166,448,141,307,14,2,12,0,0,0,0,0,0,11,3,8,747,86,661,318,60,258,3214,624,2590,37,7,30,4279,770,3509,28.764113,-81.712282
Florida,LAKE,Leesburg Police Department,FL0350200,1202,406,796,1695,510,1185,17,4,13,0,0,0,15,3,12,23,11,12,1491,199,1292,573,108,465,7057,1485,5572,172,36,136,9121,1792,7329,28.764113,-81.712282
Florida,LAKE,Clermont Police Department,FL0350300,537,161,376,755,223,532,8,1,7,0,0,0,0,0,0,9,4,5,881,118,763,334,60,274,5444,1185,4259,90,27,63,6659,1363,5296,28.764113,-81.712282
Florida,LAKE,Fruitland Park Police Department,FL0350400,139,55,84,169,66,103,0,0,0,0,0,0,0,0,0,4,2,2,360,70,290,23,6,17,609,133,476,17,6,11,992,209,783,28.764113,-81.712282
Florida,LAKE,Groveland Police Department,FL0350500,164,57,107,224,74,150,0,0,0,0,0,0,0,0,0,0,0,0,346,51,295,107,19,88,870,158,712,42,14,28,1323,228,1095,28.561514,-81.8591
Florida,LAKE,Howey-In-the-Hills Police Department,FL0350600,17,8,9,19,9,10,0,0,0,0,0,0,0,0,0,0,0,0,42,17,25,4,2,2,80,37,43,2,1,1,126,56,70,28.71339,-81.77265
Florida,LAKE,Mascotte Police Department,FL0350700,252,98,154,326,125,201,4,0,4,0,0,0,0,0,0,8,4,4,454,86,368,58,14,44,535,143,392,28,10,18,1047,243,804,28.578428,-81.89611
Florida,LAKE,Minneola Police Department,FL0350800,111,38,73,163,51,112,2,1,1,0,0,0,0,0,0,0,0,0,183,27,156,77,15,62,554,55,499,26,8,18,814,97,717,28.801252,-81.73048
Florida,LAKE,Mount Dora Police Department,FL0351000,373,115,258,514,145,369,2,1,1,0,0,0,0,0,0,8,2,6,621,83,538,140,22,118,2581,460,2121,45,9,36,3342,565,2777,28.807991,-81.64475
Florida,LAKE,Tavares Police Department,FL0351100,399,123,276,496,150,346,0,0,0,0,0,0,0,0,0,9,4,5,696,89,607,137,18,119,1233,193,1040,38,10,28,2066,300,1766,28.764113,-81.712282
Florida,LAKE,Umatilla Police Department,FL0351200,37,17,20,46,19,27,4,1,3,0,0,0,0,0,0,0,0,0,174,36,138,36,5,31,445,93,352,4,1,3,655,134,521,28.764113,-81.712282
Florida,LAKE,Lady Lake Police Department,FL0351300,196,97,99,233,113,120,0,0,0,0,0,0,0,0,0,0,0,0,191,43,148,186,44,142,1586,521,1065,18,9,9,1963,608,1355,28.931673,-81.929245
Florida,LAKE,Astatula Police Department,FL0351400,15,4,11,19,6,13,0,0,0,0,0,0,0,0,0,0,0,0,28,0,28,12,3,9,20,7,13,4,2,2,60,10,50,28.764113,-81.712282
Florida,LAKE,"Department of Corrections, Office of the Inspector General: Lake County",FL035170X,0,0,0,0,0,0,0,0,0,0,0,0,0,0,0,0,0,0,0,0,0,0,0,0,0,0,0,0,0,0,0,0,0,30.426645,-84.249504
Florida,LAKE,Division of Alcoholic Beverages and Tobacco: Lake County,FL035500X,0,0,0,0,0,0,0,0,0,0,0,0,0,0,0,0,0,0,0,0,0,0,0,0,0,0,0,0,0,0,0,0,0,30.423128,-84.28066
Florida,LAKE,Florida Game Commission: Lake County,FL0358000,0,0,0,0,0,0,0,0,0,0,0,0,0,0,0,0,0,0,0,0,0,0,0,0,0,0,0,0,0,0,0,0,0,28.764113,-81.712282
Florida,LAKE,Highway Patrol: Lake County,FL0359000,13,4,9,13,4,9,0,0,0,0,0,0,0,0,0,0,0,0,0,0,0,0,0,0,6,3,3,0,0,0,6,3,3,28.764113,-81.712282
Florida,LAKE,"Department of Agriculture and Consumer Services, Office of Agricultural Law Enforcement: ",FL035A00X,0,0,0,0,0,0,0,0,0,0,0,0,0,0,0,0,0,0,0,0,0,0,0,0,0,0,0,0,0,0,0,0,0,,
Florida,LEE,Lee County Sheriff's Office,FL0360000,9247,3007,6240,13757,4303,9454,314,57,257,0,0,0,0,0,0,233,88,145,9198,1465,7733,4356,780,3576,33041,6139,26902,1799,567,1232,46595,8384,38211,26.528137,-81.86337
Florida,LEE,Fort Myers Police Department,FL0360100,3841,1036,2805,5352,1374,3978,48,8,40,0,0,0,0,0,0,117,49,68,2250,289,1961,1380,187,1193,11471,2111,9360,351,79,272,15101,2587,12514,26.639778,-81.868385
Florida,LEE,Cape Coral Police Department,FL0360200,1753,655,1098,2276,833,1443,32,6,26,0,0,0,7,3,4,40,21,19,3219,422,2797,1170,223,947,14973,2445,12528,164,65,99,19362,3090,16272,26.551527,-81.892457
Florida,LEE,Sanibel Police Department,FL0360300,27,10,17,35,13,22,5,2,3,0,0,0,0,0,0,0,0,0,99,5,94,6,1,5,326,48,278,8,3,5,431,54,377,26.551527,-81.892457
Florida,LEE,Lee County Port Authority,FL0360400,4,2,2,4,2,2,0,0,0,0,0,0,0,0,0,0,0,0,0,0,0,15,4,11,266,42,224,0,0,0,281,46,235,26.551527,-81.892457
Florida,LEE,"Department of Law Enforcement: Lee County, Fort Myers",FL0360500,2,1,1,2,1,1,0,0,0,0,0,0,0,0,0,0,0,0,0,0,0,0,0,0,0,0,0,0,0,0,0,0,0,26.591562,-81.86315
Florida,LEE,Florida Gulf Coast University,FL0360700,22,10,12,45,17,28,0,0,0,0,0,0,0,0,0,0,0,0,13,4,9,10,2,8,277,22,255,20,6,14,300,28,272,26.463182,-81.777
Florida,LEE,Florida Southwestern State College,FL0361300,4,2,2,10,4,6,0,0,0,0,0,0,0,0,0,0,0,0,4,0,4,0,0,0,64,7,57,6,2,4,68,7,61,26.556858,-81.88869
Florida,LEE,"Department of Corrections, Office of the Inspector General: Lee County",FL0361400,0,0,0,0,0,0,0,0,0,0,0,0,0,0,0,0,0,0,0,0,0,0,0,0,0,0,0,0,0,0,0,0,0,,
Florida,LEE,Division of Alcoholic Beverages and Tobacco: Lee County,FL0365000,0,0,0,0,0,0,0,0,0,0,0,0,0,0,0,0,0,0,0,0,0,0,0,0,0,0,0,0,0,0,0,0,0,30.423128,-84.28066
Florida,LEE,Department of Insurance: Lee County,FL0367000,0,0,0,0,0,0,0,0,0,0,0,0,0,0,0,0,0,0,0,0,0,0,0,0,0,0,0,0,0,0,0,0,0,30.4355,-84.2806
Florida,LEE,Florida Game Commission: Lee County,FL0368000,0,0,0,0,0,0,0,0,0,0,0,0,0,0,0,0,0,0,0,0,0,0,0,0,0,0,0,0,0,0,0,0,0,26.647001,-81.86873
Florida,LEE,Highway Patrol: Lee County,FL0369000,57,27,30,57,27,30,1,0,1,0,0,0,0,0,0,0,0,0,30,15,15,18,9,9,46,17,29,0,0,0,94,41,53,26.591562,-81.86315
Florida,LEE,"Department of Agriculture and Consumer Services, Office of Agricultural Law Enforcement: ",FL036A00X,0,0,0,0,0,0,0,0,0,0,0,0,0,0,0,0,0,0,0,0,0,0,0,0,0,0,0,0,0,0,0,0,0,,
Florida,LEON,Leon County Sheriff's Office,FL0370000,2716,716,2000,3332,854,2478,45,5,40,0,0,0,0,0,0,36,15,21,3135,427,2708,1121,332,789,11329,2286,9043,301,58,243,15585,3045,12540,30.439827,-84.335205
Florida,LEON,Tallahassee Police Department,FL0370300,9043,2277,6766,13270,3029,10241,77,22,55,2,0,2,45,3,42,203,90,113,10726,986,9740,5673,856,4817,46679,6608,40071,1557,258,1299,63078,8450,54628,30.457855,-84.27986
Florida,LEON,"Department of Law Enforcement: Leon County, Tallahassee",FL0370400,12,4,8,20,6,14,0,0,0,0,0,0,0,0,0,6,2,4,0,0,0,0,0,0,17,5,12,2,0,2,17,5,12,,
Florida,LEON,Florida State University: Tallahassee,FL0370600,34,9,25,130,28,102,6,0,6,0,0,0,0,0,0,0,0,0,210,14,196,217,16,201,2107,119,1988,54,8,46,2534,149,2385,30.439632,-84.29678
Florida,LEON,Florida A&M University,FL0370700,8,2,6,23,2,21,0,0,0,0,0,0,0,0,0,0,0,0,146,1,145,27,2,25,415,6,409,8,0,8,588,9,579,30.418385,-84.2897
Florida,LEON,Florida Game Commission: Leon County,FL0370800,0,0,0,0,0,0,0,0,0,0,0,0,0,0,0,0,0,0,0,0,0,0,0,0,0,0,0,0,0,0,0,0,0,30.45931,-84.2778
Florida,LEON,Capitol Police,FL0370900,2,1,1,2,1,1,0,0,0,0,0,0,0,0,0,0,0,0,10,0,10,4,1,3,109,6,103,0,0,0,123,7,116,30.45931,-84.2778
Florida,LEON,State Treasurer's Office Division of Insurance Fraud,FL0371700,0,0,0,0,0,0,0,0,0,0,0,0,0,0,0,0,0,0,0,0,0,0,0,0,0,0,0,0,0,0,0,0,0,30.4355,-84.2806
Florida,LEON,Tallahassee Community College,FL0372200,11,4,7,20,7,13,0,0,0,0,0,0,0,0,0,0,0,0,22,8,14,12,3,9,289,19,270,5,1,4,323,30,293,30.450592,-84.33794
Florida,LEON,"Department of Corrections, Office of the Inspector General: Leon County",FL0372900,0,0,0,0,0,0,0,0,0,0,0,0,0,0,0,0,0,0,0,0,0,0,0,0,0,0,0,0,0,0,0,0,0,,
Florida,LEON,Division of Alcoholic Beverages and Tobacco: Leon County,FL0375000,0,0,0,0,0,0,0,0,0,0,0,0,0,0,0,0,0,0,0,0,0,0,0,0,0,0,0,0,0,0,0,0,0,30.423128,-84.28066
Florida,LEON,Highway Patrol: Leon County,FL0379000,32,14,18,34,15,19,0,0,0,0,0,0,0,0,0,0,0,0,16,8,8,26,10,16,75,24,51,0,0,0,117,42,75,30.453127,-84.24729
Florida,LEON,"Department of Agriculture and Consumer Services, Office of Agricultural Law Enforcement: ",FL037A00X,0,0,0,0,0,0,0,0,0,0,0,0,0,0,0,0,0,0,0,0,0,0,0,0,0,0,0,0,0,0,0,0,0,,
Florida,LEVY,Levy County Sheriff's Office,FL0380000,4019,1561,2458,4235,1634,2601,10,2,8,0,0,0,0,0,0,19,10,9,1397,221,1176,401,109,292,1808,288,1520,168,54,114,3606,618,2988,29.284457,-82.783462
Florida,LEVY,Cedar Key Police Department,FL0380100,4,2,2,4,2,2,0,0,0,0,0,0,0,0,0,0,0,0,3,0,3,5,2,3,18,4,14,0,0,0,26,6,20,29.284457,-82.783462
Florida,LEVY,Chiefland Police Department,FL0380200,45,22,23,51,25,26,0,0,0,0,0,0,0,0,0,0,0,0,791,271,520,13,4,9,765,270,495,0,0,0,1569,545,1024,29.478706,-82.85951
Florida,LEVY,Williston Police Department,FL0380400,117,54,63,141,63,78,0,0,0,0,0,0,0,0,0,0,0,0,128,35,93,48,14,34,569,137,432,6,2,4,745,186,559,29.386124,-82.44689
Florida,LEVY,"Department of Corrections, Office of the Inspector General: Levy County",FL0380600,0,0,0,0,0,0,0,0,0,0,0,0,0,0,0,0,0,0,0,0,0,0,0,0,0,0,0,0,0,0,0,0,0,,
Florida,LEVY,Division of Alcoholic Beverages and Tobacco: Levy County,FL038500X,0,0,0,0,0,0,0,0,0,0,0,0,0,0,0,0,0,0,0,0,0,0,0,0,0,0,0,0,0,0,0,0,0,30.423128,-84.28066
Florida,LEVY,Florida Game Commission: Levy County,FL0388000,0,0,0,0,0,0,0,0,0,0,0,0,0,0,0,0,0,0,0,0,0,0,0,0,0,0,0,0,0,0,0,0,0,29.163023,-83.02739
Florida,LEVY,Highway Patrol: Levy County,FL0389000,0,0,0,0,0,0,0,0,0,0,0,0,0,0,0,0,0,0,0,0,0,4,2,2,2,1,1,0,0,0,6,3,3,30.334911,-81.664505
Florida,LEVY,"Department of Agriculture and Consumer Services, Office of Agricultural Law Enforcement: ",FL038A00X,0,0,0,0,0,0,0,0,0,0,0,0,0,0,0,0,0,0,0,0,0,0,0,0,0,0,0,0,0,0,0,0,0,,
Florida,LIBERTY,Liberty County Sheriff's Office,FL0390000,83,41,42,93,45,48,0,0,0,0,0,0,0,0,0,4,2,2,93,32,61,46,20,26,209,53,156,5,2,3,348,105,243,30.259849,-84.86858
Florida,LIBERTY,"Department of Corrections, Office of the Inspector General: Liberty County",FL0390100,0,0,0,0,0,0,0,0,0,0,0,0,0,0,0,0,0,0,0,0,0,0,0,0,0,0,0,0,0,0,0,0,0,,
Florida,LIBERTY,Division of Alcoholic Beverages and Tobacco: Liberty County,FL039500X,0,0,0,0,0,0,0,0,0,0,0,0,0,0,0,0,0,0,0,0,0,0,0,0,0,0,0,0,0,0,0,0,0,30.423128,-84.28066
Florida,LIBERTY,Florida Game Commission: Liberty County,FL0398000,0,0,0,0,0,0,0,0,0,0,0,0,0,0,0,0,0,0,0,0,0,0,0,0,0,0,0,0,0,0,0,0,0,30.259849,-84.86858
Florida,LIBERTY,Highway Patrol: Liberty County,FL0399000,0,0,0,0,0,0,0,0,0,0,0,0,0,0,0,0,0,0,0,0,0,0,0,0,0,0,0,0,0,0,0,0,0,30.453127,-84.24729
Florida,LIBERTY,"Department of Agriculture and Consumer Services, Office of Agricultural Law Enforcement: ",FL039A00X,0,0,0,0,0,0,0,0,0,0,0,0,0,0,0,0,0,0,0,0,0,0,0,0,0,0,0,0,0,0,0,0,0,,
Florida,MADISON,Madison County Sheriff's Office,FL0400000,1287,557,730,1411,608,803,7,3,4,0,0,0,0,0,0,5,3,2,630,128,502,12,4,8,923,193,730,91,39,52,1565,325,1240,30.447233,-83.470416
Florida,MADISON,Madison Police Department,FL0400100,272,133,139,312,148,164,0,0,0,0,0,0,0,0,0,4,1,3,198,34,164,20,8,12,484,124,360,11,4,7,702,166,536,30.467737,-83.410835
Florida,MADISON,"Department of Corrections, Office of the Inspector General: Madison County",FL040060X,0,0,0,0,0,0,0,0,0,0,0,0,0,0,0,0,0,0,0,0,0,0,0,0,0,0,0,0,0,0,0,0,0,30.426645,-84.249504
Florida,MADISON,Division of Alcoholic Beverages and Tobacco: Madison County,FL040500X,0,0,0,0,0,0,0,0,0,0,0,0,0,0,0,0,0,0,0,0,0,0,0,0,0,0,0,0,0,0,0,0,0,30.423128,-84.28066
Florida,MADISON,Florida Game Commission: Madison County,FL0408000,0,0,0,0,0,0,0,0,0,0,0,0,0,0,0,0,0,0,0,0,0,0,0,0,0,0,0,0,0,0,0,0,0,30.447233,-83.470416
Florida,MADISON,Highway Patrol: Madison County,FL0409000,6,3,3,6,3,3,0,0,0,0,0,0,0,0,0,0,0,0,0,0,0,13,5,8,14,5,9,0,0,0,27,10,17,30.447233,-83.470416
Florida,MADISON,"Department of Agriculture and Consumer Services, Office of Agricultural Law Enforcement: ",FL040A00X,0,0,0,0,0,0,0,0,0,0,0,0,0,0,0,0,0,0,0,0,0,0,0,0,0,0,0,0,0,0,0,0,0,,
Florida,MANATEE,Manatee County Sheriff's Office,FL0410000,10358,3803,6555,13362,4655,8707,113,15,98,0,0,0,0,0,0,149,67,82,6497,935,5562,2597,541,2056,28561,5197,23364,1287,348,939,37655,6673,30982,27.481386,-82.365783
Florida,MANATEE,Bradenton Police Department,FL0410200,2488,829,1659,3361,1077,2284,44,9,35,0,0,0,23,6,17,52,24,28,1791,236,1555,587,91,496,10216,1652,8564,247,60,187,12594,1979,10615,27.499048,-82.57196
Florida,MANATEE,Bradenton Beach Police Department,FL0410300,11,5,6,18,7,11,0,0,0,0,0,0,0,0,0,2,1,1,32,7,25,10,1,9,177,12,165,2,0,2,219,20,199,27.468018,-82.69838
Florida,MANATEE,Holmes Beach Police Department,FL0410400,30,7,23,38,11,27,1,0,1,0,0,0,0,0,0,2,1,1,107,20,87,19,4,15,345,45,300,6,3,3,471,69,402,27.509714,-82.71456
Florida,"MANATEE, SARASOTA",Longboat Key Police Department,FL0410500,2,0,2,11,3,8,0,0,0,0,0,0,0,0,0,3,1,2,50,10,40,7,1,6,366,33,333,4,1,3,423,44,379,27.411144,-82.657776
Florida,MANATEE,Palmetto Police Department,FL0410600,652,224,428,886,303,583,3,0,3,0,0,0,0,0,0,18,9,9,522,78,444,199,48,151,3346,1073,2273,88,36,52,4067,1199,2868,27.52125,-82.57722
Florida,MANATEE,"Department of Corrections, Office of the Inspector General: Manatee County",FL0410900,0,0,0,0,0,0,0,0,0,0,0,0,0,0,0,0,0,0,0,0,0,0,0,0,0,0,0,0,0,0,0,0,0,,
Florida,MANATEE,Division of Alcoholic Beverages and Tobacco: Manatee County,FL041500X,0,0,0,0,0,0,0,0,0,0,0,0,0,0,0,0,0,0,0,0,0,0,0,0,0,0,0,0,0,0,0,0,0,30.423128,-84.28066
Florida,MANATEE,Florida Game Commission: Manatee County,FL0418000,0,0,0,0,0,0,0,0,0,0,0,0,0,0,0,0,0,0,0,0,0,0,0,0,0,0,0,0,0,0,0,0,0,27.460865,-82.55562
Florida,MANATEE,Highway Patrol: Manatee County,FL0419000,32,15,17,32,15,17,0,0,0,0,0,0,0,0,0,0,0,0,0,0,0,17,8,9,16,8,8,0,0,0,33,16,17,27.481386,-82.365783
Florida,MANATEE,"Department of Agriculture and Consumer Services, Office of Agricultural Law Enforcement: ",FL041A00X,0,0,0,0,0,0,0,0,0,0,0,0,0,0,0,0,0,0,0,0,0,0,0,0,0,0,0,0,0,0,0,0,0,,
Florida,MARION,Marion County Sheriff's Office,FL0420000,7957,2647,5310,10347,3459,6888,48,17,31,2,1,1,279,113,166,153,64,89,8212,1131,7081,3771,932,2839,22954,4284,18670,1401,502,899,34937,6347,28590,29.202805,-82.0431
Florida,MARION,Ocala Police Department,FL0420100,3367,1183,2184,4901,1619,3282,121,19,102,2,1,1,104,30,74,62,21,41,3223,601,2622,1152,323,829,21928,5391,16537,483,126,357,26303,6315,19988,29.183275,-82.14036
Florida,MARION,Belleview Police Department,FL0420200,171,73,98,259,110,149,6,2,4,0,0,0,0,0,0,5,2,3,534,107,427,78,33,45,1198,343,855,33,16,17,1810,483,1327,29.062445,-82.06017
Florida,MARION,Dunnellon Police Department,FL0420300,65,26,39,76,29,47,0,0,0,0,0,0,0,0,0,0,0,0,165,30,135,31,7,24,597,178,419,3,1,2,793,215,578,29.045834,-82.4647
Florida,MARION,"Department of Corrections, Office of the Inspector General: Marion County",FL042090X,0,0,0,0,0,0,0,0,0,0,0,0,0,0,0,0,0,0,0,0,0,0,0,0,0,0,0,0,0,0,0,0,0,30.426645,-84.249504
Florida,MARION,Division of Alcoholic Beverages and Tobacco: Marion County,FL0425000,0,0,0,0,0,0,0,0,0,0,0,0,0,0,0,0,0,0,0,0,0,0,0,0,0,0,0,0,0,0,0,0,0,29.202805,-82.0431
Florida,MARION,Florida Game Commission: Marion County,FL0428000,0,0,0,0,0,0,0,0,0,0,0,0,0,0,0,0,0,0,0,0,0,0,0,0,0,0,0,0,0,0,0,0,0,29.179031,-82.149666
Florida,MARION,Highway Patrol: Marion County,FL0429000,54,26,28,54,26,28,0,0,0,0,0,0,0,0,0,0,0,0,0,0,0,10,5,5,45,4,41,0,0,0,55,9,46,29.184986,-82.103195
Florida,MARION,"Department of Agriculture and Consumer Services, Office of Agricultural Law Enforcement: ",FL042A00X,0,0,0,0,0,0,0,0,0,0,0,0,0,0,0,0,0,0,0,0,0,0,0,0,0,0,0,0,0,0,0,0,0,,
Florida,MARTIN,Martin County Sheriff's Office,FL0430000,1854,643,1211,2737,840,1897,40,10,30,0,0,0,0,0,0,33,15,18,2113,408,1705,534,98,436,9702,1176,8526,477,94,383,12349,1682,10667,27.175573,-80.24157
Florida,MARTIN,Stuart Police Department,FL0430100,414,165,249,570,215,355,8,4,4,0,0,0,0,0,0,4,2,2,388,70,318,117,26,91,3185,646,2539,80,24,56,3690,742,2948,27.079954,-80.398211
Florida,MARTIN,Jupiter Island Police Department,FL0430200,4,2,2,6,3,3,0,0,0,0,0,0,0,0,0,0,0,0,15,5,10,4,2,2,42,9,33,0,0,0,61,16,45,27.052881,-80.11079
Florida,MARTIN,Sewall's Point Police Department,FL0430300,4,2,2,8,3,5,0,0,0,0,0,0,0,0,0,0,0,0,18,4,14,1,0,1,50,2,48,0,0,0,69,6,63,27.177921,-80.18817
Florida,MARTIN,"Department of Corrections, Office of the Inspector General: Martin County",FL0430600,0,0,0,0,0,0,0,0,0,0,0,0,0,0,0,0,0,0,0,0,0,0,0,0,0,0,0,0,0,0,0,0,0,30.426645,-84.249504
Florida,MARTIN,Division of Alcoholic Beverages and Tobacco: Martin County,FL043500X,0,0,0,0,0,0,0,0,0,0,0,0,0,0,0,0,0,0,0,0,0,0,0,0,0,0,0,0,0,0,0,0,0,30.423128,-84.28066
Florida,MARTIN,Florida Game Commission: Martin County,FL0438000,0,0,0,0,0,0,0,0,0,0,0,0,0,0,0,0,0,0,0,0,0,0,0,0,0,0,0,0,0,0,0,0,0,27.079954,-80.398211
Florida,MARTIN,Highway Patrol: Martin County,FL0439000,14,6,8,14,6,8,0,0,0,0,0,0,0,0,0,0,0,0,0,0,0,2,1,1,9,4,5,0,0,0,11,5,6,27.480038,-80.34986
Florida,MARTIN,"Department of Agriculture and Consumer Services, Office of Agricultural Law Enforcement: ",FL043A00X,0,0,0,0,0,0,0,0,0,0,0,0,0,0,0,0,0,0,0,0,0,0,0,0,0,0,0,0,0,0,0,0,0,,
Florida,MONROE,Monroe County Sheriff's Office,FL0440000,1914,863,1051,2297,1022,1275,22,7,15,0,0,0,10,4,6,35,16,19,1204,320,884,340,92,248,5831,1158,4673,158,54,104,7375,1570,5805,25.601043,-81.206777
Florida,MONROE,Key West Police Department,FL0440100,903,333,570,1212,421,791,8,2,6,0,0,0,0,0,0,11,5,6,822,169,653,637,85,552,5359,964,4395,152,36,116,6818,1218,5600,25.601043,-81.206777
Florida,MONROE,Key Colony Beach Police Department,FL0440200,0,0,0,0,0,0,0,0,0,0,0,0,0,0,0,0,0,0,16,1,15,0,0,0,54,4,50,0,0,0,70,5,65,25.601043,-81.206777
Florida,MONROE,"Department of Corrections, Office of the Inspector General: Monroe County",FL0440700,0,0,0,0,0,0,0,0,0,0,0,0,0,0,0,0,0,0,0,0,0,0,0,0,0,0,0,0,0,0,0,0,0,,
Florida,MONROE,Division of Alcoholic Beverages and Tobacco: Monroe County,FL0445000,0,0,0,0,0,0,0,0,0,0,0,0,0,0,0,0,0,0,0,0,0,0,0,0,0,0,0,0,0,0,0,0,0,30.423128,-84.28066
Florida,MONROE,Florida Game Commission: Monroe County,FL0448000,0,0,0,0,0,0,0,0,0,0,0,0,0,0,0,0,0,0,0,0,0,0,0,0,0,0,0,0,0,0,0,0,0,24.71027,-81.098145
Florida,MONROE,Highway Patrol: Monroe County,FL0449000,3,1,2,3,1,2,0,0,0,0,0,0,0,0,0,0,0,0,0,0,0,4,1,3,0,0,0,0,0,0,4,1,3,24.7114,-81.09389
Florida,MONROE,"Department of Agriculture and Consumer Services, Office of Agricultural Law Enforcement: ",FL044A00X,0,0,0,0,0,0,0,0,0,0,0,0,0,0,0,0,0,0,0,0,0,0,0,0,0,0,0,0,0,0,0,0,0,,
Florida,NASSAU,Nassau County Sheriff's Office,FL0450000,1376,534,842,1685,629,1056,39,6,33,0,0,0,0,0,0,20,9,11,2642,301,2341,657,157,500,4069,795,3274,225,67,158,7368,1253,6115,30.605926,-81.764929
Florida,NASSAU,Fernandina Beach Police Department,FL0450100,184,80,104,242,97,145,6,2,4,0,0,0,0,0,0,5,2,3,214,21,193,79,15,64,1244,226,1018,31,9,22,1537,262,1275,30.654675,-81.45242
Florida,NASSAU,"Department of Corrections, Office of the Inspector General: Nassau County",FL0451100,0,0,0,0,0,0,0,0,0,0,0,0,0,0,0,0,0,0,0,0,0,0,0,0,0,0,0,0,0,0,0,0,0,,
Florida,NASSAU,Division of Alcoholic Beverages and Tobacco: Nassau County,FL045500X,0,0,0,0,0,0,0,0,0,0,0,0,0,0,0,0,0,0,0,0,0,0,0,0,0,0,0,0,0,0,0,0,0,30.423128,-84.28066
Florida,NASSAU,Florida Game Commission: Nassau County,FL0458000,0,0,0,0,0,0,0,0,0,0,0,0,0,0,0,0,0,0,0,0,0,0,0,0,0,0,0,0,0,0,0,0,0,30.605926,-81.764929
Florida,NASSAU,Highway Patrol: Nassau County,FL0459000,0,0,0,0,0,0,0,0,0,0,0,0,0,0,0,0,0,0,0,0,0,4,2,2,3,1,2,0,0,0,7,3,4,29.659754,-81.656166
Florida,NASSAU,"Department of Agriculture and Consumer Services, Office of Agricultural Law Enforcement: ",FL045A00X,0,0,0,0,0,0,0,0,0,0,0,0,0,0,0,0,0,0,0,0,0,0,0,0,0,0,0,0,0,0,0,0,0,,
Florida,OKALOOSA,Okaloosa County Sheriff's Office,FL0460000,3928,1424,2504,4920,1730,3190,17,5,12,0,0,0,0,0,0,60,28,32,3168,607,2561,1356,352,1004,15921,3367,12554,573,160,413,20445,4326,16119,30.665858,-86.594194
Florida,OKALOOSA,Crestview Police Department,FL0460100,585,164,421,843,206,637,16,0,16,0,0,0,0,0,0,17,6,11,901,101,800,409,60,349,3997,586,3411,117,21,96,5307,747,4560,30.773064,-86.56281
Florida,OKALOOSA,Fort Walton Beach Police Department,FL0460200,465,193,272,672,252,420,11,2,9,0,0,0,0,0,0,24,9,15,597,98,499,394,100,294,3290,570,2720,106,26,80,4281,768,3513,30.41252,-86.61168
Florida,OKALOOSA,Niceville Police Department,FL0460300,156,70,86,177,79,98,1,0,1,0,0,0,0,0,0,0,0,0,299,86,213,68,16,52,1296,389,907,5,1,4,1663,491,1172,30.518335,-86.48268
Florida,OKALOOSA,Valparaiso Police Department,FL0460400,51,16,35,56,16,40,0,0,0,0,0,0,0,0,0,0,0,0,128,18,110,48,13,35,201,31,170,4,0,4,377,62,315,30.509922,-86.49973
Florida,OKALOOSA,Shalimar Police Department,FL0460500,12,6,6,12,6,6,0,0,0,0,0,0,0,0,0,0,0,0,12,6,6,8,4,4,10,5,5,0,0,0,30,15,15,30.43718,-86.58404
Florida,OKALOOSA,"Department of Corrections, Office of the Inspector General: Okaloosa County",FL0461200,0,0,0,0,0,0,0,0,0,0,0,0,0,0,0,0,0,0,0,0,0,0,0,0,0,0,0,0,0,0,0,0,0,,
Florida,OKALOOSA,Northwest Florida State College,FL0461300,0,0,0,0,0,0,0,0,0,0,0,0,0,0,0,0,0,0,3,0,3,0,0,0,13,1,12,0,0,0,16,1,15,,
Florida,OKALOOSA,Division of Alcoholic Beverages and Tobacco: Okaloosa County,FL046500X,0,0,0,0,0,0,0,0,0,0,0,0,0,0,0,0,0,0,0,0,0,0,0,0,0,0,0,0,0,0,0,0,0,30.423128,-84.28066
Florida,OKALOOSA,Florida Game Commission: Okaloosa County,FL0468000,0,0,0,0,0,0,0,0,0,0,0,0,0,0,0,0,0,0,0,0,0,0,0,0,0,0,0,0,0,0,0,0,0,30.763071,-86.578354
Florida,OKALOOSA,Highway Patrol: Okaloosa County,FL0469000,53,26,27,53,26,27,0,0,0,0,0,0,0,0,0,0,0,0,0,0,0,4,2,2,4,2,2,0,0,0,8,4,4,30.665858,-86.594194
Florida,OKALOOSA,"Department of Agriculture and Consumer Services, Office of Agricultural Law Enforcement: ",FL046A00X,0,0,0,0,0,0,0,0,0,0,0,0,0,0,0,0,0,0,0,0,0,0,0,0,0,0,0,0,0,0,0,0,0,,
Florida,OKEECHOBEE,Okeechobee County Sheriff's Office,FL0470000,1290,471,819,1636,579,1057,7,4,3,0,0,0,0,0,0,20,7,13,1447,227,1220,624,157,467,4952,750,4202,175,53,122,7023,1134,5889,27.385592,-80.887388
Florida,OKEECHOBEE,Okeechobee Police Department,FL0470100,110,55,55,155,73,82,0,0,0,0,0,0,0,0,0,2,1,1,197,32,165,103,18,85,1577,307,1270,5,2,3,1877,357,1520,27.2421,-80.82958
Florida,OKEECHOBEE,"Department of Corrections, Office of the Inspector General: Okeechobee County",FL047040X,0,0,0,0,0,0,0,0,0,0,0,0,0,0,0,0,0,0,0,0,0,0,0,0,0,0,0,0,0,0,0,0,0,30.426645,-84.249504
Florida,OKEECHOBEE,Division of Alcoholic Beverages and Tobacco: Okeechobee County,FL047500X,0,0,0,0,0,0,0,0,0,0,0,0,0,0,0,0,0,0,0,0,0,0,0,0,0,0,0,0,0,0,0,0,0,30.423128,-84.28066
Florida,OKEECHOBEE,Florida Game Commission: Okeechobee County,FL0478000,0,0,0,0,0,0,0,0,0,0,0,0,0,0,0,0,0,0,0,0,0,0,0,0,0,0,0,0,0,0,0,0,0,27.116465,-80.6698
Florida,OKEECHOBEE,Highway Patrol: Okeechobee County,FL0479000,39,18,21,39,18,21,0,0,0,0,0,0,0,0,0,0,0,0,0,0,0,23,8,15,0,0,0,0,0,0,23,8,15,27.385592,-80.887388
Florida,OKEECHOBEE,"Department of Agriculture and Consumer Services, Office of Agricultural Law Enforcement: ",FL047A00X,0,0,0,0,0,0,0,0,0,0,0,0,0,0,0,0,0,0,0,0,0,0,0,0,0,0,0,0,0,0,0,0,0,,
Florida,ORANGE,Orange County Sheriff's Office,FL0480000,34486,11638,22848,50829,16912,33917,0,0,0,0,0,0,0,0,0,675,278,397,33918,4998,28920,17789,3381,14408,125083,18371,106712,5111,1928,3183,176790,26750,150040,28.514435,-81.323295
Florida,ORANGE,Apopka Police Department,FL0480100,1584,528,1056,2384,772,1612,20,3,17,0,0,0,0,0,0,8,3,5,2821,457,2364,1004,179,825,10599,1912,8687,332,133,199,14424,2548,11876,28.670673,-81.50905
Florida,ORANGE,Maitland Police Department,FL0480200,250,88,162,340,112,228,3,1,2,0,0,0,0,0,0,5,2,3,612,89,523,251,51,200,2098,235,1863,43,11,32,2961,375,2586,28.627409,-81.4036
Florida,ORANGE,Ocoee Police Department,FL0480300,985,387,598,1362,513,849,15,1,14,0,0,0,0,0,0,14,6,8,1606,210,1396,539,125,414,7756,1510,6246,98,27,71,9901,1845,8056,28.549383,-81.534546
Florida,ORANGE,Orlando Police Department,FL0480400,15320,4163,11157,22249,5723,16526,189,29,160,0,0,0,0,0,0,412,146,266,16528,1423,15105,10186,1480,8706,85336,11433,73903,1945,570,1375,112050,14336,97714,28.514435,-81.323295
Florida,ORANGE,Winter Garden Police Department,FL0480500,1232,490,742,1584,634,950,23,3,20,0,0,0,0,0,0,15,7,8,1064,225,839,555,160,395,7381,2124,5257,104,42,62,9000,2509,6491,28.565187,-81.5884
Florida,ORANGE,Winter Park Police Department,FL0480600,589,216,373,880,301,579,20,2,18,0,0,0,0,0,0,11,5,6,1192,172,1020,441,94,347,5122,709,4413,116,36,80,6755,975,5780,28.602503,-81.35485
Florida,ORANGE,Eatonville Police Department,FL0480700,195,46,149,244,54,190,4,1,3,0,0,0,0,0,0,4,2,2,107,8,99,77,13,64,447,39,408,20,2,18,631,60,571,28.618223,-81.377
Florida,ORANGE,Oakland Police Department,FL0480800,92,35,57,112,43,69,2,0,2,0,0,0,0,0,0,1,0,1,138,15,123,46,12,34,221,36,185,2,0,2,405,63,342,28.514435,-81.323295
Florida,ORANGE,Windermere Police Department,FL0480900,25,7,18,53,15,38,0,0,0,0,0,0,0,0,0,6,4,2,105,7,98,16,4,12,95,6,89,21,4,17,216,17,199,28.514435,-81.323295
Florida,ORANGE,Edgewood Police Department,FL0481000,46,21,25,64,27,37,0,0,0,0,0,0,0,0,0,2,1,1,116,25,91,71,19,52,351,64,287,6,2,4,538,108,430,28.478191,-81.371376
Florida,ORANGE,"Department of Law Enforcement: Orange County, Orlando",FL0481100,8,4,4,19,9,10,0,0,0,0,0,0,0,0,0,5,2,3,0,0,0,0,0,0,64,32,32,6,3,3,64,32,32,28.545675,-81.38558
Florida,ORANGE,University of Central Florida,FL0481400,62,22,40,154,54,100,3,1,2,0,0,0,0,0,0,0,0,0,205,47,158,84,22,62,1604,174,1430,67,24,43,1893,243,1650,28.514435,-81.323295
Florida,ORANGE,"Department of Corrections, Office of the Inspector General: Orange County",FL0482900,0,0,0,0,0,0,0,0,0,0,0,0,0,0,0,0,0,0,0,0,0,0,0,0,0,0,0,0,0,0,0,0,0,30.426645,-84.249504
Florida,ORANGE,Division of Alcoholic Beverages and Tobacco: Orange County,FL0485000,0,0,0,0,0,0,0,0,0,0,0,0,0,0,0,0,0,0,0,0,0,0,0,0,0,0,0,0,0,0,0,0,0,30.423128,-84.28066
Florida,ORANGE,Department of Insurance: Orange County,FL0487000,0,0,0,0,0,0,0,0,0,0,0,0,0,0,0,0,0,0,0,0,0,0,0,0,0,0,0,0,0,0,0,0,0,30.4355,-84.2806
Florida,ORANGE,Florida Game Commission: Orange County,FL0488000,0,0,0,0,0,0,0,0,0,0,0,0,0,0,0,0,0,0,0,0,0,0,0,0,0,0,0,0,0,0,0,0,0,29.179031,-82.149666
Florida,ORANGE,Highway Patrol: Orange County,FL0489000,62,25,37,62,25,37,3,0,3,0,0,0,0,0,0,0,0,0,0,0,0,34,17,17,75,23,52,0,0,0,109,40,69,28.543722,-81.31053
Florida,ORANGE,Belle Isle Police Department,FL0489300,85,39,46,125,50,75,0,0,0,0,0,0,0,0,0,2,0,2,194,37,157,104,11,93,420,71,349,6,3,3,718,119,599,28.462246,-81.36032
Florida,ORANGE,"Department of Agriculture and Consumer Services, Office of Agricultural Law Enforcement: ",FL048A00X,0,0,0,0,0,0,0,0,0,0,0,0,0,0,0,0,0,0,0,0,0,0,0,0,0,0,0,0,0,0,0,0,0,,
Florida,OSCEOLA,Osceola County Sheriff's Office,FL0490000,6112,2647,3465,7993,3426,4567,33,12,21,0,0,0,0,0,0,101,45,56,7340,1275,6065,2051,520,1531,25050,5840,19210,857,353,504,34441,7635,26806,28.059027,-81.139312
Florida,OSCEOLA,St. Cloud Police Department,FL0490100,870,294,576,1145,379,766,25,5,20,0,0,0,0,0,0,15,7,8,1080,174,906,331,73,258,4478,906,3572,170,51,119,5889,1153,4736,28.248747,-81.31742
Florida,OSCEOLA,Kissimmee Police Department,FL0490200,2928,1087,1841,3947,1339,2608,46,7,39,1,0,1,37,5,32,44,19,25,2755,323,2432,985,148,837,12826,1878,10948,340,95,245,16566,2349,14217,28.29204,-81.4078
Florida,OSCEOLA,"Department of Corrections, Office of the Inspector General: Osceola County",FL0490500,0,0,0,0,0,0,0,0,0,0,0,0,0,0,0,0,0,0,0,0,0,0,0,0,0,0,0,0,0,0,0,0,0,,
Florida,OSCEOLA,Division of Alcoholic Beverages and Tobacco: Osceola County,FL049500X,0,0,0,0,0,0,0,0,0,0,0,0,0,0,0,0,0,0,0,0,0,0,0,0,0,0,0,0,0,0,0,0,0,30.423128,-84.28066
Florida,OSCEOLA,Florida Game Commission: Osceola County,FL0498000,0,0,0,0,0,0,0,0,0,0,0,0,0,0,0,0,0,0,0,0,0,0,0,0,0,0,0,0,0,0,0,0,0,28.059027,-81.139312
Florida,OSCEOLA,Highway Patrol: Osceola County,FL0499000,23,4,19,23,4,19,0,0,0,0,0,0,0,0,0,0,0,0,0,0,0,9,4,5,16,6,10,0,0,0,25,10,15,28.333078,-81.40379
Florida,OSCEOLA,"Department of Agriculture and Consumer Services, Office of Agricultural Law Enforcement: ",FL049A00X,0,0,0,0,0,0,0,0,0,0,0,0,0,0,0,0,0,0,0,0,0,0,0,0,0,0,0,0,0,0,0,0,0,,
Florida,PALM BEACH,Palm Beach County Sheriff's Office,FL0500000,11384,3333,8051,16604,4547,12057,339,58,281,0,0,0,0,0,0,266,92,174,13669,1629,12040,7768,961,6807,63043,7734,55309,1864,382,1482,84480,10324,74156,26.673145,-80.092766
Florida,PALM BEACH,Belle Glade Police Department,FL0500100,1777,512,1265,2242,628,1614,44,4,40,0,0,0,0,0,0,43,12,31,1241,181,1060,403,51,352,3813,448,3365,121,27,94,5457,680,4777,26.68223,-80.66675
Florida,PALM BEACH,Boca Raton Police Department,FL0500200,1111,510,601,2094,832,1262,33,11,22,0,0,0,0,0,0,26,16,10,2647,531,2116,1392,311,1081,13145,2586,10559,218,40,178,17184,3428,13756,26.35139,-80.08977
Florida,PALM BEACH,Boynton Beach Police Department,FL0500300,2885,855,2030,4112,1100,3012,21,2,19,0,0,0,0,0,0,57,22,35,2321,195,2126,1652,187,1465,16401,2709,13692,123,30,93,20374,3091,17283,26.528902,-80.064064
Florida,PALM BEACH,Delray Beach Police Department,FL0500400,2309,733,1576,3376,1008,2368,34,7,27,0,0,0,0,0,0,41,15,26,2273,337,1936,1581,266,1315,13861,1883,11978,230,47,183,17715,2486,15229,26.461609,-80.076645
Florida,PALM BEACH,Lake Worth Police Department,FL0500500,2181,628,1553,3900,940,2960,50,9,41,0,0,0,0,0,0,53,15,38,2329,356,1973,1254,201,1053,7760,915,6845,328,63,265,11343,1472,9871,26.645763,-80.448673
Florida,PALM BEACH,Palm Beach Police Department,FL0500600,77,39,38,96,49,47,0,0,0,0,0,0,0,0,0,1,1,0,179,61,118,155,60,95,788,303,485,6,3,3,1122,424,698,26.645763,-80.448673
Florida,PALM BEACH,Riviera Beach Police Department,FL0500700,3176,897,2279,3987,1036,2951,43,8,35,0,0,0,0,0,0,93,20,73,1710,155,1555,1060,54,1006,7342,500,6842,177,31,146,10112,709,9403,26.645763,-80.448673
Florida,PALM BEACH,West Palm Beach Police Department,FL0500800,4470,1297,3173,7347,1815,5532,142,29,113,0,0,0,0,0,0,153,34,119,4543,476,4067,3469,475,2994,23488,2240,21248,512,93,419,31500,3191,28309,26.645763,-80.448673
Florida,PALM BEACH,Atlantis Police Department,FL0500900,25,10,15,35,12,23,2,1,1,0,0,0,0,0,0,0,0,0,67,11,56,31,12,19,261,40,221,2,0,2,359,63,296,26.595604,-80.09745
Florida,PALM BEACH,Greenacres City Police Department,FL0501200,1032,317,715,1551,451,1100,12,1,11,0,0,0,0,0,0,23,3,20,1021,172,849,510,80,430,6222,1300,4922,144,36,108,7753,1552,6201,26.631987,-80.146095
Florida,PALM BEACH,Gulf Stream Police Department,FL0501300,4,2,2,4,2,2,1,0,1,0,0,0,0,0,0,0,0,0,11,1,10,18,0,18,83,6,77,0,0,0,112,7,105,26.500366,-80.0532
Florida,PALM BEACH,Hypoluxo Police Department,FL0501500,25,12,13,42,15,27,2,0,2,0,0,0,0,0,0,0,0,0,76,5,71,52,8,44,337,56,281,5,0,5,465,69,396,26.645763,-80.448673
Florida,PALM BEACH,Juno Beach Police Department,FL0501600,26,13,13,42,19,23,2,1,1,0,0,0,0,0,0,0,0,0,42,2,40,22,2,20,310,30,280,2,1,1,374,34,340,26.645763,-80.448673
Florida,PALM BEACH,Jupiter Police Department,FL0501700,795,348,447,1170,483,687,28,7,21,0,0,0,0,0,0,13,5,8,889,155,734,451,104,347,6558,1279,5279,142,55,87,7898,1538,6360,26.645763,-80.448673
Florida,PALM BEACH,Jupiter Inlet Colony Police Department,FL0501800,4,2,2,4,2,2,0,0,0,0,0,0,0,0,0,0,0,0,1,0,1,4,0,4,2,0,2,0,0,0,7,0,7,26.952261,-80.07602
Florida,PALM BEACH,Lake Park Police Department,FL0501900,425,103,322,749,191,558,23,9,14,0,0,0,0,0,0,15,6,9,470,74,396,415,44,371,5552,1321,4231,39,5,34,6437,1439,4998,26.645763,-80.448673
Florida,PALM BEACH,Lantana Police Department,FL0502000,423,170,253,672,232,440,4,1,3,0,0,0,0,0,0,3,1,2,467,99,368,328,54,274,3413,781,2632,64,14,50,4208,934,3274,26.57751,-80.05586
Florida,PALM BEACH,Manalapan Police Department,FL0502100,12,5,7,15,6,9,0,0,0,0,0,0,0,0,0,0,0,0,23,7,16,18,3,15,102,12,90,1,0,1,143,22,121,26.547405,-80.04303
Florida,PALM BEACH,Mangonia Park Police Department,FL0502200,282,73,209,387,96,291,4,1,3,0,0,0,0,0,0,6,3,3,170,28,142,136,26,110,1416,230,1186,23,3,20,1722,284,1438,26.753782,-80.08342
Florida,PALM BEACH,North Palm Beach Police Department,FL0502300,124,59,65,167,78,89,2,1,1,0,0,0,2,1,1,1,1,0,200,49,151,104,17,87,925,226,699,10,4,6,1229,292,937,26.645763,-80.448673
Florida,PALM BEACH,Ocean Ridge Police Department,FL0502400,31,13,18,40,15,25,0,0,0,0,0,0,0,0,0,0,0,0,66,13,53,54,10,44,209,12,197,4,1,3,329,35,294,26.527979,-80.04848
Florida,PALM BEACH,Pahokee Police Department,FL0502500,511,153,358,620,180,440,18,3,15,0,0,0,0,0,0,17,6,11,323,56,267,111,17,94,1058,141,917,35,5,30,1492,214,1278,26.673145,-80.092766
Florida,PALM BEACH,Palm Beach Gardens Police Department,FL0502600,376,148,228,651,221,430,11,3,8,0,0,0,0,0,0,12,5,7,881,107,774,399,46,353,8279,1334,6945,84,21,63,9559,1487,8072,26.830948,-80.10545
Florida,PALM BEACH,Palm Springs Police Department,FL0502700,1086,408,678,1391,472,919,10,0,10,0,0,0,0,0,0,5,1,4,1140,107,1033,558,54,504,6109,1489,4620,50,14,36,7807,1650,6157,26.640562,-80.09585
Florida,PALM BEACH,Royal Palm Beach Police Department,FL0502800,600,185,415,846,251,595,19,6,13,0,0,0,0,0,0,6,2,4,413,85,328,341,58,283,5671,1279,4392,86,16,70,6425,1422,5003,26.7094,-80.20976
Florida,PALM BEACH,South Bay Police Department,FL0502900,313,84,229,387,103,284,8,1,7,0,0,0,0,0,0,8,2,6,194,24,170,84,17,67,609,76,533,19,4,15,887,117,770,26.661411,-80.713684
Florida,PALM BEACH,South Palm Beach Police Department,FL0503000,2,1,1,3,1,2,0,0,0,0,0,0,0,0,0,0,0,0,14,2,12,6,1,5,36,0,36,1,0,1,56,3,53,26.593077,-80.038925
Florida,PALM BEACH,Tequesta Police Department,FL0503100,44,25,19,63,36,27,0,0,0,0,0,0,0,0,0,3,2,1,224,88,136,15,2,13,184,32,152,4,2,2,423,122,301,26.645763,-80.448673
Florida,PALM BEACH,Palm Beach Shores Police Department,FL0503300,38,16,22,46,18,28,0,0,0,0,0,0,0,0,0,2,1,1,107,15,92,12,2,10,164,16,148,3,1,2,283,33,250,26.778355,-80.03655
Florida,PALM BEACH,Florida Atlantic University,FL0503700,28,11,17,67,19,48,0,0,0,0,0,0,0,0,0,0,0,0,114,15,99,92,19,73,730,78,652,33,7,26,936,112,824,26.365303,-80.10238
Florida,PALM BEACH,Highland Beach Police Department,FL0503800,14,5,9,19,5,14,0,0,0,0,0,0,0,0,0,1,0,1,25,3,22,26,0,26,139,2,137,3,0,3,190,5,185,26.401604,-80.06562
Florida,PALM BEACH,Palm Beach County School District,FL0504200,551,244,307,750,319,431,18,5,13,0,0,0,0,0,0,0,0,0,213,52,161,41,7,34,3193,337,2856,54,17,37,3447,396,3051,26.65105,-80.09328
Florida,PALM BEACH,Lake Clarke Shores Police Department,FL0505000,51,24,27,61,29,32,0,0,0,0,0,0,0,0,0,0,0,0,77,15,62,33,10,23,273,43,230,0,0,0,383,68,315,26.64981,-80.07694
Florida,PALM BEACH,"Department of Corrections, Office of the Inspector General: Palm Beach County",FL0505600,0,0,0,0,0,0,0,0,0,0,0,0,0,0,0,0,0,0,0,0,0,0,0,0,0,0,0,0,0,0,0,0,0,,
Florida,PALM BEACH,Westlake,FL050570X,8,1,7,12,1,11,0,0,0,0,0,0,0,0,0,0,0,0,8,0,8,0,0,0,53,5,48,2,0,2,61,5,56,,
Florida,PALM BEACH,Loxatachee Groves,FL050580X,31,10,21,40,11,29,1,0,1,0,0,0,0,0,0,0,0,0,38,5,33,39,2,37,197,18,179,5,1,4,274,25,249,,
Florida,PALM BEACH,Division of Alcoholic Beverages and Tobacco: Palm Beach County,FL050600X,0,0,0,0,0,0,0,0,0,0,0,0,0,0,0,0,0,0,0,0,0,0,0,0,0,0,0,0,0,0,0,0,0,,
Florida,PALM BEACH,Department of Insurance: Palm Beach County,FL0507000,0,0,0,0,0,0,0,0,0,0,0,0,0,0,0,0,0,0,0,0,0,0,0,0,0,0,0,0,0,0,0,0,0,30.4355,-84.2806
Florida,PALM BEACH,Florida Game Commission: Palm Beach County,FL0508000,0,0,0,0,0,0,0,0,0,0,0,0,0,0,0,0,0,0,0,0,0,0,0,0,0,0,0,0,0,0,0,0,0,26.810623,-80.16293
Florida,PALM BEACH,Highway Patrol: Palm Beach County,FL0509000,417,191,226,417,191,226,2,1,1,0,0,0,0,0,0,0,0,0,0,0,0,68,29,39,50,17,33,0,0,0,118,46,72,26.645763,-80.448673
Florida,PALM BEACH,Wellington Police Department,FL050950X,601,178,423,885,258,627,21,4,17,0,0,0,0,0,0,7,2,5,606,102,504,595,76,519,6454,1503,4951,130,27,103,7655,1681,5974,26.673145,-80.092766
Florida,PALM BEACH,"Department of Agriculture and Consumer Services, Office of Agricultural Law Enforcement: ",FL050A00X,0,0,0,0,0,0,0,0,0,0,0,0,0,0,0,0,0,0,0,0,0,0,0,0,0,0,0,0,0,0,0,0,0,,
Florida,PASCO,Pasco County Sheriff's Office,FL0510000,10233,4057,6176,14044,5494,8550,363,101,262,0,0,0,0,0,0,128,62,66,10004,1759,8245,5289,1757,3532,41664,9480,32184,1773,682,1091,56957,12996,43961,28.307737,-82.464718
Florida,PASCO,Dade City Police Department,FL0510100,280,104,176,402,152,250,7,2,5,0,0,0,0,0,0,4,2,2,354,34,320,88,22,66,1576,293,1283,48,19,29,2018,349,1669,28.36381,-82.187256
Florida,PASCO,New Port Richey Police Department,FL0510200,1207,458,749,1555,558,997,29,5,24,0,0,0,0,0,0,4,2,2,905,175,730,333,79,254,3289,531,2758,108,29,79,4527,785,3742,28.255634,-82.718185
Florida,PASCO,Zephyrhills Police Department,FL0510300,387,164,223,518,209,309,19,1,18,0,0,0,0,0,0,4,1,3,721,148,573,270,80,190,6179,2052,4127,52,18,34,7170,2280,4890,28.307737,-82.464718
Florida,PASCO,Port Richey Police Department,FL0510400,53,18,35,85,26,59,3,1,2,0,0,0,0,0,0,0,0,0,102,23,79,34,3,31,1387,483,904,9,1,8,1523,509,1014,28.280624,-82.70983
Florida,PASCO,"Department of Corrections, Office of the Inspector General: Pasco County",FL0510700,0,0,0,0,0,0,0,0,0,0,0,0,0,0,0,0,0,0,0,0,0,0,0,0,0,0,0,0,0,0,0,0,0,,
Florida,PASCO,Division of Alcoholic Beverages and Tobacco: Pasco County,FL051500X,0,0,0,0,0,0,0,0,0,0,0,0,0,0,0,0,0,0,0,0,0,0,0,0,0,0,0,0,0,0,0,0,0,30.423128,-84.28066
Florida,PASCO,Florida Game Commission: Pasco County,FL0518000,0,0,0,0,0,0,0,0,0,0,0,0,0,0,0,0,0,0,0,0,0,0,0,0,0,0,0,0,0,0,0,0,0,28.312077,-82.18773
Florida,PASCO,Highway Patrol: Pasco County,FL0519000,127,47,80,127,47,80,2,1,1,0,0,0,0,0,0,0,0,0,0,0,0,35,16,19,243,100,143,0,0,0,278,116,162,28.307737,-82.464718
Florida,PASCO,"Department of Agriculture and Consumer Services, Office of Agricultural Law Enforcement: ",FL051A00X,0,0,0,0,0,0,0,0,0,0,0,0,0,0,0,0,0,0,0,0,0,0,0,0,0,0,0,0,0,0,0,0,0,,
Florida,PINELLAS,Pinellas County Sheriff's Office,FL0520000,4952,2105,2847,7070,2768,4302,152,29,123,0,0,0,61,8,53,64,27,37,5743,1273,4470,2827,690,2137,29933,5502,24431,1020,305,715,38503,7465,31038,27.903122,-82.739518
Florida,PINELLAS,Belleair Police Department,FL0520100,13,5,8,18,5,13,0,0,0,0,0,0,1,0,1,0,0,0,63,5,58,69,15,54,366,18,348,2,0,2,498,38,460,27.935171,-82.8044
Florida,PINELLAS,Belleair Bluffs Police Department,FL0520200,9,4,5,21,8,13,0,0,0,0,0,0,2,0,2,2,1,1,31,6,25,25,4,21,227,41,186,3,0,3,283,51,232,27.914639,-82.81671
Florida,PINELLAS,Clearwater Police Department,FL0520300,3959,1617,2342,6020,2228,3792,95,27,68,0,0,0,0,0,0,51,24,27,3622,829,2793,1999,613,1386,22566,4644,17922,822,215,607,28187,6086,22101,27.96386,-82.797905
Florida,PINELLAS,Dunedin Police Department,FL0520400,438,194,244,650,261,389,8,0,8,0,0,0,15,2,13,5,2,3,618,137,481,268,62,206,4125,785,3340,109,29,80,5011,984,4027,27.903122,-82.739518
Florida,PINELLAS,Gulfport Police Department,FL0520500,201,91,110,309,128,181,11,3,8,0,0,0,6,1,5,4,2,2,472,93,379,383,108,275,2937,473,2464,39,15,24,3792,674,3118,27.903122,-82.739518
Florida,PINELLAS,Indian Rocks Beach Police Department,FL0520600,65,30,35,92,37,55,0,0,0,0,0,0,1,0,1,2,1,1,106,29,77,50,9,41,612,100,512,19,3,16,768,138,630,27.903122,-82.739518
Florida,PINELLAS,Kenneth City Police Department,FL0520700,114,47,67,166,64,102,5,0,5,0,0,0,0,0,0,0,0,0,117,25,92,62,18,44,830,184,646,26,9,17,1009,227,782,27.813757,-82.71229
Florida,PINELLAS,Largo Police Department,FL0520800,2092,657,1435,3436,990,2446,78,19,59,2,1,1,48,2,46,40,20,20,2325,315,2010,1425,241,1184,17642,3055,14587,494,71,423,21392,3611,17781,27.9184,-82.77493
Florida,PINELLAS,Madeira Beach Police Department,FL0520900,170,76,94,222,93,129,0,0,0,0,0,0,2,0,2,2,1,1,112,22,90,63,16,47,1190,234,956,34,11,23,1365,272,1093,27.80254,-82.80172
Florida,PINELLAS,Oldsmar Police Department,FL0521000,171,72,99,262,104,158,4,1,3,0,0,0,3,0,3,5,2,3,264,46,218,85,16,69,2646,771,1875,45,14,31,2995,833,2162,27.903122,-82.739518
Florida,PINELLAS,Pinellas Park Police Department,FL0521100,1277,396,881,2051,574,1477,45,6,39,0,0,0,0,0,0,26,12,14,2043,264,1779,1187,247,940,15829,2647,13182,277,64,213,19059,3158,15901,27.841673,-82.71437
Florida,PINELLAS,Redington Beaches Police Department,FL0521200,5,2,3,5,2,3,0,0,0,0,0,0,0,0,0,0,0,0,15,3,12,18,2,16,152,18,134,0,0,0,185,23,162,27.903122,-82.739518
Florida,PINELLAS,Safety Harbor Police Department,FL0521300,211,90,121,298,121,177,9,3,6,0,0,0,4,0,4,4,2,2,243,57,186,148,41,107,1545,273,1272,51,17,34,1936,371,1565,27.903122,-82.739518
Florida,PINELLAS,St. Petersburg Police Department,FL0521400,10984,2624,8360,15697,3582,12115,309,54,255,0,0,0,0,0,0,207,84,123,11791,1854,9937,8349,1745,6604,62003,8902,53101,1072,210,862,82143,12501,69642,27.771997,-82.65182
Florida,PINELLAS,St. Pete Beach Police Department,FL0521500,213,94,119,306,119,187,4,1,3,0,0,0,9,0,9,2,1,1,220,50,170,159,35,124,2183,426,1757,65,16,49,2562,511,2051,27.903122,-82.739518
Florida,PINELLAS,South Pasadena Police Department,FL0521600,57,24,33,71,28,43,0,0,0,0,0,0,2,1,1,0,0,0,48,8,40,30,8,22,925,190,735,7,3,4,1003,206,797,27.894623,-82.78776
Florida,PINELLAS,Indian Shores Police Department,FL0521700,35,10,25,39,11,28,2,0,2,0,0,0,0,0,0,0,0,0,16,2,14,17,6,11,208,29,179,4,1,3,241,37,204,27.8478,-82.84312
Florida,PINELLAS,Tarpon Springs Police Department,FL0521800,690,254,436,949,321,628,28,7,21,0,0,0,16,3,13,12,5,7,453,69,384,234,38,196,3951,801,3150,127,29,98,4638,908,3730,28.149332,-82.75353
Florida,PINELLAS,Treasure Island Police Department,FL0521900,199,81,118,269,100,169,4,0,4,0,0,0,3,0,3,2,1,1,190,53,137,92,25,67,1679,392,1287,32,9,23,1961,470,1491,27.77073,-82.76813
Florida,PINELLAS,Belleair Beach Police Department,FL0522000,18,11,7,23,12,11,0,0,0,0,0,0,0,0,0,0,0,0,30,7,23,16,4,12,130,23,107,2,0,2,176,34,142,27.917028,-82.83788
Florida,PINELLAS,"Department of Corrections, Office of the Inspector General: Pinellas County",FL0522200,0,0,0,0,0,0,0,0,0,0,0,0,0,0,0,0,0,0,0,0,0,0,0,0,0,0,0,0,0,0,0,0,0,,
Florida,PINELLAS,North Redington Beach Police Department,FL0522600,11,5,6,18,8,10,0,0,0,0,0,0,0,0,0,0,0,0,12,0,12,7,2,5,139,25,114,7,3,4,158,27,131,27.903122,-82.739518
Florida,PINELLAS,St. Petersburg-Clearwater International Airport,FL0522800,1,0,1,1,0,1,0,0,0,0,0,0,0,0,0,0,0,0,0,0,0,12,3,9,40,5,35,0,0,0,52,8,44,27.903122,-82.739518
Florida,PINELLAS,University of South Florida: St. Petersburg,FL0522900,0,0,0,6,3,3,0,0,0,0,0,0,0,0,0,0,0,0,16,5,11,7,3,4,194,27,167,4,2,2,217,35,182,27.763084,-82.634415
Florida,PINELLAS,Department of Insurance: Pinellas County,FL0523000,0,0,0,0,0,0,0,0,0,0,0,0,0,0,0,0,0,0,0,0,0,0,0,0,0,0,0,0,0,0,0,0,0,27.861818,-82.63884
Florida,PINELLAS,Division of Alcoholic Beverages and Tobacco: Pinellas County,FL0525000,0,0,0,0,0,0,0,0,0,0,0,0,0,0,0,0,0,0,0,0,0,0,0,0,0,0,0,0,0,0,0,0,0,30.423128,-84.28066
Florida,PINELLAS,Florida Game Commission: Pinellas County,FL0528000,0,0,0,0,0,0,0,0,0,0,0,0,0,0,0,0,0,0,0,0,0,0,0,0,0,0,0,0,0,0,0,0,0,27.762188,-82.63371
Florida,PINELLAS,Highway Patrol: Pinellas County,FL0529000,49,19,30,49,19,30,0,0,0,0,0,0,0,0,0,0,0,0,0,0,0,12,6,6,17,8,9,0,0,0,29,14,15,27.903122,-82.739518
Florida,PINELLAS,Seminole Police Department,FL052990X,235,94,141,381,140,241,11,4,7,0,0,0,6,0,6,0,0,0,347,80,267,182,37,145,4446,1229,3217,43,11,32,4975,1346,3629,,
Florida,PINELLAS,"Department of Agriculture and Consumer Services, Office of Agricultural Law Enforcement: ",FL052A00X,0,0,0,0,0,0,0,0,0,0,0,0,0,0,0,0,0,0,0,0,0,0,0,0,0,0,0,0,0,0,0,0,0,,
Florida,POLK,Polk County Sheriff's Office,FL0530000,11960,4558,7402,14285,5387,8898,184,46,138,0,0,0,0,0,0,201,96,105,10897,2068,8829,5046,1176,3870,30302,5150,25152,910,335,575,46245,8394,37851,27.953115,-81.692783
Florida,POLK,Auburndale Police Department,FL0530100,296,92,204,455,142,313,5,0,5,0,0,0,0,0,0,5,4,1,800,129,671,212,43,169,4035,989,3046,42,13,29,5047,1161,3886,27.953115,-81.692783
Florida,POLK,Bartow Police Department,FL0530200,724,246,478,976,325,651,18,4,14,0,0,0,0,0,0,8,2,6,857,139,718,324,77,247,4502,872,3630,100,35,65,5683,1088,4595,27.901537,-81.84344
Florida,POLK,Davenport Police Department,FL0530300,61,24,37,63,24,39,0,0,0,0,0,0,0,0,0,0,0,0,185,21,164,45,4,41,307,20,287,0,0,0,537,45,492,27.953115,-81.692783
Florida,POLK,Florida Polytechnic University,FL0530600,0,0,0,5,2,3,0,0,0,0,0,0,0,0,0,0,0,0,3,1,2,0,0,0,34,9,25,2,0,2,37,10,27,,
Florida,POLK,Haines City Police Department,FL0530900,308,112,196,489,173,316,5,2,3,0,0,0,0,0,0,20,10,10,514,61,453,246,36,210,3164,646,2518,29,10,19,3924,743,3181,27.953115,-81.692783
Florida,POLK,Lake Alfred Police Department,FL0531000,51,21,30,77,33,44,0,0,0,0,0,0,0,0,0,2,1,1,192,37,155,36,8,28,408,45,363,6,3,3,636,90,546,28.093035,-81.7282
Florida,POLK,Lake Hamilton Police Department,FL0531100,62,27,35,75,31,44,2,0,2,0,0,0,0,0,0,0,0,0,136,20,116,45,11,34,283,55,228,5,2,3,464,86,378,27.953115,-81.692783
Florida,POLK,Lakeland Police Department,FL0531200,1632,542,1090,2893,739,2154,26,6,20,0,0,0,0,0,0,61,25,36,3752,291,3461,1731,291,1440,21418,2691,18727,474,53,421,26901,3273,23628,28.045244,-81.95414
Florida,POLK,Lake Wales Police Department,FL0531300,458,163,295,621,224,397,9,4,5,0,0,0,0,0,0,5,3,2,626,146,480,250,62,188,3176,945,2231,42,12,30,4052,1153,2899,27.900166,-81.58885
Florida,POLK,Winter Haven Police Department,FL0531600,1572,550,1022,2042,658,1384,31,6,25,0,0,0,0,0,0,21,9,12,1469,202,1267,669,151,518,7999,1971,6028,214,33,181,10137,2324,7813,27.953115,-81.692783
Florida,POLK,"Department of Corrections, Office of the Inspector General: Polk County",FL053210X,0,0,0,0,0,0,0,0,0,0,0,0,0,0,0,0,0,0,0,0,0,0,0,0,0,0,0,0,0,0,0,0,0,30.426645,-84.249504
Florida,POLK,Division of Alcoholic Beverages and Tobacco: Polk County,FL0535000,0,0,0,0,0,0,0,0,0,0,0,0,0,0,0,0,0,0,0,0,0,0,0,0,0,0,0,0,0,0,0,0,0,30.423128,-84.28066
Florida,POLK,Florida Game Commission: Polk County,FL0538000,0,0,0,0,0,0,0,0,0,0,0,0,0,0,0,0,0,0,0,0,0,0,0,0,0,0,0,0,0,0,0,0,0,27.953115,-81.692783
Florida,POLK,Highway Patrol: Polk County,FL0539000,125,57,68,125,57,68,0,0,0,0,0,0,0,0,0,0,0,0,0,0,0,18,9,9,16,6,10,0,0,0,34,15,19,28.083824,-81.953316
Florida,POLK,"Department of Agriculture and Consumer Services, Office of Agricultural Law Enforcement: ",FL053A00X,0,0,0,0,0,0,0,0,0,0,0,0,0,0,0,0,0,0,0,0,0,0,0,0,0,0,0,0,0,0,0,0,0,,
Florida,PUTNAM,Putnam County Sheriff's Office,FL0540000,1451,528,923,1875,685,1190,36,10,26,0,0,0,4,0,4,40,14,26,2362,495,1867,566,152,414,5451,1097,4354,197,65,132,8379,1744,6635,29.606006,-81.740894
Florida,PUTNAM,Palatka Police Department,FL0540100,587,197,390,780,253,527,11,2,9,0,0,0,1,0,1,19,5,14,605,106,499,209,33,176,4391,1184,3207,20,5,15,5205,1323,3882,29.648045,-81.64007
Florida,PUTNAM,Crescent City Police Department,FL0540200,42,13,29,70,21,49,0,0,0,0,0,0,0,0,0,2,1,1,129,8,121,33,7,26,269,32,237,6,3,3,431,47,384,29.606006,-81.740894
Florida,PUTNAM,Interlachen Police Department,FL0540300,12,5,7,21,9,12,0,0,0,0,0,0,0,0,0,0,0,0,34,1,33,7,2,5,89,21,68,0,0,0,130,24,106,29.624142,-81.89212
Florida,PUTNAM,Welaka Police Department,FL0540400,8,1,7,10,2,8,0,0,0,0,0,0,0,0,0,0,0,0,21,2,19,0,0,0,39,3,36,0,0,0,60,5,55,29.606006,-81.740894
Florida,PUTNAM,"Department of Corrections, Office of the Inspector General: Putnam County",FL0540700,0,0,0,0,0,0,0,0,0,0,0,0,0,0,0,0,0,0,0,0,0,0,0,0,0,0,0,0,0,0,0,0,0,,
Florida,PUTNAM,Division of Alcoholic Beverages and Tobacco: Putnam County,FL054500X,0,0,0,0,0,0,0,0,0,0,0,0,0,0,0,0,0,0,0,0,0,0,0,0,0,0,0,0,0,0,0,0,0,30.423128,-84.28066
Florida,PUTNAM,Florida Game Commission: Putnam County,FL0548000,0,0,0,0,0,0,0,0,0,0,0,0,0,0,0,0,0,0,0,0,0,0,0,0,0,0,0,0,0,0,0,0,0,29.606006,-81.740894
Florida,PUTNAM,Highway Patrol: Putnam County,FL0549000,6,3,3,6,3,3,0,0,0,0,0,0,0,0,0,0,0,0,0,0,0,4,2,2,13,5,8,0,0,0,17,7,10,29.659754,-81.656166
Florida,PUTNAM,"Department of Agriculture and Consumer Services, Office of Agricultural Law Enforcement: ",FL054A00X,0,0,0,0,0,0,0,0,0,0,0,0,0,0,0,0,0,0,0,0,0,0,0,0,0,0,0,0,0,0,0,0,0,,
Florida,ST JOHNS,St. Johns County Sheriff's Office,FL0550000,2595,992,1603,3067,1141,1926,43,12,31,0,0,0,10,0,10,35,13,22,2882,384,2498,1035,166,869,13516,1975,11541,177,53,124,17433,2525,14908,29.939957,-81.33715
Florida,ST JOHNS,St. Augustine Police Department,FL0550100,812,332,480,1059,411,648,15,1,14,0,0,0,6,1,5,12,4,8,563,120,443,215,41,174,3759,633,3126,110,36,74,4537,794,3743,29.890655,-81.38395
Florida,ST JOHNS,St. Augustine Beach Police Department,FL0550200,70,26,44,79,28,51,0,0,0,0,0,0,0,0,0,0,0,0,98,10,88,28,6,22,755,76,679,5,1,4,881,92,789,29.890655,-81.38395
Florida,ST JOHNS,Florida School for the Deaf and Blind,FL0550700,0,0,0,0,0,0,0,0,0,0,0,0,0,0,0,0,0,0,0,0,0,0,0,0,7,3,4,0,0,0,7,3,4,29.913313,-81.32154
Florida,ST JOHNS,"Department of Corrections, Office of the Inspector General: St. Johns County",FL0550900,0,0,0,0,0,0,0,0,0,0,0,0,0,0,0,0,0,0,0,0,0,0,0,0,0,0,0,0,0,0,0,0,0,,
Florida,ST JOHNS,Division of Alcoholic Beverages and Tobacco: St. Johns County,FL055500X,0,0,0,0,0,0,0,0,0,0,0,0,0,0,0,0,0,0,0,0,0,0,0,0,0,0,0,0,0,0,0,0,0,30.423128,-84.28066
Florida,ST JOHNS,Florida Game Commission: St. Johns County,FL0558000,0,0,0,0,0,0,0,0,0,0,0,0,0,0,0,0,0,0,0,0,0,0,0,0,0,0,0,0,0,0,0,0,0,29.939774,-81.33839
Florida,ST JOHNS,Highway Patrol: St. Johns County,FL0559000,3,0,3,3,0,3,0,0,0,0,0,0,0,0,0,0,0,0,0,0,0,18,6,12,57,4,53,0,0,0,75,10,65,29.890655,-81.38395
Florida,ST JOHNS,"Department of Agriculture and Consumer Services, Office of Agricultural Law Enforcement: ",FL055A00X,0,0,0,0,0,0,0,0,0,0,0,0,0,0,0,0,0,0,0,0,0,0,0,0,0,0,0,0,0,0,0,0,0,,
Florida,ST LUCIE,St. Lucie County Sheriff's Office,FL0560000,2135,789,1346,2939,1052,1887,76,19,57,0,0,0,0,0,0,46,19,27,2207,399,1808,950,263,687,8106,1379,6727,420,145,275,11263,2041,9222,27.37446,-80.37097
Florida,ST LUCIE,Fort Pierce Police Department,FL0560100,2082,703,1379,2973,878,2095,68,13,55,0,0,0,0,0,0,80,24,56,1718,177,1541,1025,200,825,8457,1468,6989,216,52,164,11200,1845,9355,27.380775,-80.443364
Florida,ST LUCIE,Port St. Lucie Police Department,FL0560200,2280,985,1295,3042,1284,1758,43,16,27,0,0,0,0,0,0,48,21,27,2518,625,1893,918,326,592,15801,4379,11422,289,109,180,19237,5330,13907,27.273928,-80.34833
Florida,ST LUCIE,"Department of Corrections, Office of the Inspector General: St. Lucie County",FL0560600,0,0,0,0,0,0,0,0,0,0,0,0,0,0,0,0,0,0,0,0,0,0,0,0,0,0,0,0,0,0,0,0,0,,
Florida,ST LUCIE,Division of Alcoholic Beverages and Tobacco: St. Lucie County,FL0565000,0,0,0,0,0,0,0,0,0,0,0,0,0,0,0,0,0,0,0,0,0,0,0,0,0,0,0,0,0,0,0,0,0,30.423128,-84.28066
Florida,ST LUCIE,Florida Game Commission: St. Lucie County,FL0568000,0,0,0,0,0,0,0,0,0,0,0,0,0,0,0,0,0,0,0,0,0,0,0,0,0,0,0,0,0,0,0,0,0,27.380775,-80.443364
Florida,ST LUCIE,Highway Patrol: St. Lucie County,FL0569000,29,4,25,29,4,25,0,0,0,0,0,0,0,0,0,0,0,0,0,0,0,64,20,44,260,129,131,0,0,0,324,149,175,27.480038,-80.34986
Florida,ST LUCIE,"Department of Agriculture and Consumer Services, Office of Agricultural Law Enforcement: ",FL056A00X,0,0,0,0,0,0,0,0,0,0,0,0,0,0,0,0,0,0,0,0,0,0,0,0,0,0,0,0,0,0,0,0,0,,
Florida,SANTA ROSA,Santa Rosa County Sheriff's Office,FL0570000,1765,820,945,2419,1077,1342,48,18,30,0,0,0,0,0,0,37,14,23,2588,691,1897,832,262,570,9232,2942,6290,416,142,274,12652,3895,8757,30.703633,-87.014255
Florida,SANTA ROSA,Milton Police Department,FL0570100,133,40,93,215,67,148,0,0,0,0,0,0,0,0,0,4,2,2,484,70,414,124,26,98,1073,192,881,27,6,21,1681,288,1393,30.703633,-87.014255
Florida,SANTA ROSA,Gulf Breeze Police Department,FL0570200,58,19,39,77,26,51,1,0,1,0,0,0,0,0,0,5,3,2,113,21,92,21,10,11,549,55,494,9,3,6,683,86,597,30.360708,-87.18136
Florida,SANTA ROSA,Jay Police Department,FL0570300,0,0,0,4,1,3,0,0,0,0,0,0,0,0,0,0,0,0,2,1,1,2,1,1,10,2,8,3,1,2,14,4,10,30.703633,-87.014255
Florida,SANTA ROSA,"Department of Corrections, Office of the Inspector General: Santa Rosa County",FL057070X,0,0,0,0,0,0,0,0,0,0,0,0,0,0,0,0,0,0,0,0,0,0,0,0,0,0,0,0,0,0,0,0,0,30.426645,-84.249504
Florida,SANTA ROSA,Division of Alcoholic Beverages and Tobacco: Santa Rosa County,FL057500X,0,0,0,0,0,0,0,0,0,0,0,0,0,0,0,0,0,0,0,0,0,0,0,0,0,0,0,0,0,0,0,0,0,30.423128,-84.28066
Florida,SANTA ROSA,Florida Game Commission: Santa Rosa County,FL0578000,0,0,0,0,0,0,0,0,0,0,0,0,0,0,0,0,0,0,0,0,0,0,0,0,0,0,0,0,0,0,0,0,0,30.859827,-86.87146
Florida,SANTA ROSA,Highway Patrol: Santa Rosa County,FL0579000,53,26,27,53,26,27,0,0,0,0,0,0,0,0,0,0,0,0,0,0,0,4,2,2,1,0,1,0,0,0,5,2,3,30.703633,-87.014255
Florida,SANTA ROSA,"Department of Agriculture and Consumer Services, Office of Agricultural Law Enforcement: ",FL057A00X,0,0,0,0,0,0,0,0,0,0,0,0,0,0,0,0,0,0,0,0,0,0,0,0,0,0,0,0,0,0,0,0,0,,
Florida,SARASOTA,Sarasota County Sheriff's Office,FL0580000,5179,2155,3024,6325,2550,3775,53,19,34,0,0,0,57,13,44,64,29,35,5863,970,4893,2287,502,1785,32208,6444,25764,336,95,241,40358,7916,32442,27.184386,-82.365835
Florida,SARASOTA,Sarasota Police Department,FL0580100,2272,701,1571,3292,951,2341,32,6,26,0,0,0,0,0,0,45,21,24,2339,315,2024,1036,119,917,12097,1452,10645,246,66,180,15472,1886,13586,27.184386,-82.365835
Florida,SARASOTA,Venice Police Department,FL0580200,177,66,111,229,81,148,16,5,11,0,0,0,0,0,0,2,1,1,347,27,320,101,19,82,1747,119,1628,25,8,17,2195,165,2030,27.184386,-82.365835
Florida,SARASOTA,North Port Police Department,FL0580300,779,311,468,1179,449,730,40,15,25,0,0,0,0,0,0,26,13,13,1092,226,866,260,82,178,6799,1645,5154,264,86,178,8151,1953,6198,27.184386,-82.365835
Florida,SARASOTA,Sarasota-Manatee Airport Authority,FL0580600,4,2,2,4,2,2,0,0,0,0,0,0,0,0,0,0,0,0,2,1,1,199,51,148,36,7,29,0,0,0,237,59,178,27.386505,-82.55489
Florida,SARASOTA,New College of Florida,FL0580700,2,0,2,9,0,9,2,0,2,0,0,0,0,0,0,0,0,0,8,1,7,3,0,3,167,15,152,7,0,7,178,16,162,27.386393,-82.55911
Florida,SARASOTA,Sarasota County Schools,FL0580900,37,15,22,42,17,25,0,0,0,0,0,0,0,0,0,0,0,0,13,2,11,0,0,0,133,44,89,0,0,0,146,46,100,,
Florida,SARASOTA,"Department of Corrections, Office of the Inspector General: Sarasota County",FL0581100,0,0,0,0,0,0,0,0,0,0,0,0,0,0,0,0,0,0,0,0,0,0,0,0,0,0,0,0,0,0,0,0,0,,
Florida,SARASOTA,Division of Alcoholic Beverages and Tobacco: Sarasota County,FL0585000,0,0,0,0,0,0,0,0,0,0,0,0,0,0,0,0,0,0,0,0,0,0,0,0,0,0,0,0,0,0,0,0,0,30.423128,-84.28066
Florida,SARASOTA,Florida Game Commission: Sarasota County,FL0588000,0,0,0,0,0,0,0,0,0,0,0,0,0,0,0,0,0,0,0,0,0,0,0,0,0,0,0,0,0,0,0,0,0,27.337303,-82.531
Florida,SARASOTA,Highway Patrol: Sarasota County,FL0589000,25,10,15,25,10,15,0,0,0,0,0,0,0,0,0,0,0,0,0,0,0,4,2,2,0,0,0,0,0,0,4,2,2,27.049711,-82.399666
Florida,SARASOTA,"Department of Agriculture and Consumer Services, Office of Agricultural Law Enforcement: ",FL058A00X,0,0,0,0,0,0,0,0,0,0,0,0,0,0,0,0,0,0,0,0,0,0,0,0,0,0,0,0,0,0,0,0,0,,
Florida,SEMINOLE,Seminole County Sheriff's Office,FL0590000,3779,1205,2574,5089,1556,3533,40,13,27,0,0,0,0,0,0,65,26,39,4167,590,3577,1337,257,1080,15816,2238,13578,795,228,567,21320,3085,18235,28.690079,-81.13198
Florida,SEMINOLE,Altamonte Springs Police Department,FL0590100,1010,377,633,1536,534,1002,23,7,16,0,0,0,0,0,0,27,13,14,1260,160,1100,670,142,528,10612,2908,7704,203,64,139,12542,3210,9332,28.665546,-81.359795
Florida,SEMINOLE,Casselberry Police Department,FL0590200,908,279,629,1230,350,880,29,3,26,0,0,0,0,0,0,15,6,9,890,94,796,371,51,320,6867,1360,5507,97,18,79,8128,1505,6623,28.690079,-81.13198
Florida,SEMINOLE,Longwood Police Department,FL0590300,308,85,223,439,108,331,9,3,6,0,0,0,0,0,0,6,2,4,632,63,569,221,32,189,2347,313,2034,51,10,41,3200,408,2792,28.700865,-81.34972
Florida,SEMINOLE,Oviedo Police Department,FL0590400,400,155,245,672,242,430,9,4,5,0,0,0,0,0,0,9,3,6,558,105,453,107,30,77,2234,406,1828,184,58,126,2899,541,2358,28.65237,-81.205795
Florida,SEMINOLE,Sanford Police Department,FL0590500,3037,883,2154,4422,1204,3218,15,4,11,0,0,0,0,0,0,51,16,35,2928,322,2606,1067,162,905,14176,2297,11879,487,146,341,18171,2781,15390,28.805168,-81.27311
Florida,SEMINOLE,Winter Springs Police Department,FL0590600,337,129,208,464,160,304,5,0,5,0,0,0,0,0,0,4,2,2,449,67,382,159,26,133,1539,78,1461,64,11,53,2147,171,1976,28.704489,-81.30372
Florida,SEMINOLE,Lake Mary Police Department,FL0590700,264,85,179,348,104,244,4,2,2,0,0,0,0,0,0,1,0,1,341,43,298,99,11,88,1418,108,1310,48,12,36,1858,162,1696,28.758984,-81.320816
Florida,SEMINOLE,"Department of Corrections, Office of the Inspector General: Seminole County",FL0591100,0,0,0,0,0,0,0,0,0,0,0,0,0,0,0,0,0,0,0,0,0,0,0,0,0,0,0,0,0,0,0,0,0,,
Florida,SEMINOLE,Division of Alcoholic Beverages and Tobacco: Seminole County,FL059500X,0,0,0,0,0,0,0,0,0,0,0,0,0,0,0,0,0,0,0,0,0,0,0,0,0,0,0,0,0,0,0,0,0,30.423128,-84.28066
Florida,SEMINOLE,Florida Game Commission: Seminole County,FL0598000,0,0,0,0,0,0,0,0,0,0,0,0,0,0,0,0,0,0,0,0,0,0,0,0,0,0,0,0,0,0,0,0,0,28.771252,-81.254036
Florida,SEMINOLE,Highway Patrol: Seminole County,FL0599000,3,0,3,3,0,3,0,0,0,0,0,0,0,0,0,0,0,0,0,0,0,4,2,2,4,1,3,0,0,0,8,3,5,28.543722,-81.31053
Florida,SEMINOLE,"Department of Agriculture and Consumer Services, Office of Agricultural Law Enforcement: ",FL059A00X,0,0,0,0,0,0,0,0,0,0,0,0,0,0,0,0,0,0,0,0,0,0,0,0,0,0,0,0,0,0,0,0,0,,
Florida,SUMTER,Sumter County Sheriff's Office,FL0600000,2058,945,1113,2498,1165,1333,28,10,18,0,0,0,7,3,4,39,19,20,1949,700,1249,795,335,460,6433,2609,3824,233,114,119,9177,3644,5533,28.677305,-82.111404
Florida,SUMTER,Center Hill Police Department,FL0600200,20,10,10,23,11,12,0,0,0,0,0,0,0,0,0,0,0,0,12,3,9,10,4,6,31,6,25,3,1,2,53,13,40,28.714294,-82.074715
Florida,SUMTER,Wildwood Police Department,FL0600500,437,189,248,515,218,297,7,1,6,0,0,0,0,0,0,4,0,4,584,145,439,105,25,80,965,259,706,21,5,16,1654,429,1225,28.858257,-82.04291
Florida,SUMTER,"Department of Corrections, Office of the Inspector General: Sumter County",FL060060X,0,0,0,0,0,0,0,0,0,0,0,0,0,0,0,0,0,0,0,0,0,0,0,0,0,0,0,0,0,0,0,0,0,,
Florida,SUMTER,Division of Alcoholic Beverages and Tobacco: Sumter County,FL060500X,0,0,0,0,0,0,0,0,0,0,0,0,0,0,0,0,0,0,0,0,0,0,0,0,0,0,0,0,0,0,0,0,0,30.423128,-84.28066
Florida,SUMTER,Florida Game Commission: Sumter County,FL0608000,0,0,0,0,0,0,0,0,0,0,0,0,0,0,0,0,0,0,0,0,0,0,0,0,0,0,0,0,0,0,0,0,0,28.47464,-82.04721
Florida,SUMTER,Highway Patrol: Sumter County,FL0609000,56,27,29,56,27,29,0,0,0,0,0,0,0,0,0,0,0,0,0,0,0,61,8,53,42,21,21,0,0,0,103,29,74,28.714294,-82.074715
Florida,SUMTER,"Department of Agriculture and Consumer Services, Office of Agricultural Law Enforcement: ",FL060A00X,0,0,0,0,0,0,0,0,0,0,0,0,0,0,0,0,0,0,0,0,0,0,0,0,0,0,0,0,0,0,0,0,0,,
Florida,SUWANNEE,Suwannee County Sheriff's Office,FL0610000,1202,508,694,1386,578,808,2,1,1,0,0,0,0,0,0,16,8,8,1025,251,774,250,88,162,2179,648,1531,116,42,74,3454,987,2467,30.189244,-82.992754
Florida,SUWANNEE,Live Oak Police Department,FL0610200,491,219,272,594,250,344,5,2,3,0,0,0,0,0,0,2,1,1,655,138,517,119,43,76,619,140,479,0,0,0,1393,321,1072,30.189244,-82.992754
Florida,SUWANNEE,"Department of Corrections, Office of the Inspector General: Suwannee County",FL0611000,0,0,0,0,0,0,0,0,0,0,0,0,0,0,0,0,0,0,0,0,0,0,0,0,0,0,0,0,0,0,0,0,0,30.426645,-84.249504
Florida,SUWANNEE,Division of Alcoholic Beverages and Tobacco: Suwannee County,FL0615000,0,0,0,0,0,0,0,0,0,0,0,0,0,0,0,0,0,0,0,0,0,0,0,0,0,0,0,0,0,0,0,0,0,30.423128,-84.28066
Florida,SUWANNEE,Florida Game Commission: Suwannee County,FL0618000,0,0,0,0,0,0,0,0,0,0,0,0,0,0,0,0,0,0,0,0,0,0,0,0,0,0,0,0,0,0,0,0,0,30.295506,-82.98605
Florida,SUWANNEE,Highway Patrol: Suwannee County,FL0619000,32,15,17,32,15,17,0,0,0,0,0,0,0,0,0,0,0,0,0,0,0,4,2,2,6,2,4,0,0,0,10,4,6,30.189244,-82.992754
Florida,SUWANNEE,"Department of Agriculture and Consumer Services, Office of Agricultural Law Enforcement: ",FL061A00X,0,0,0,0,0,0,0,0,0,0,0,0,0,0,0,0,0,0,0,0,0,0,0,0,0,0,0,0,0,0,0,0,0,,
Florida,TAYLOR,Taylor County Sheriff's Office,FL0620000,1280,526,754,1370,552,818,10,2,8,0,0,0,0,0,0,10,5,5,723,109,614,175,47,128,766,96,670,63,16,47,1664,252,1412,30.117256,-83.58206
Florida,TAYLOR,Perry Police Department,FL0620100,686,272,414,785,303,482,8,1,7,0,0,0,0,0,0,11,5,6,585,114,471,114,39,75,1407,426,981,39,12,27,2106,579,1527,30.116238,-83.58118
Florida,TAYLOR,"Department of Corrections, Office of the Inspector General: Taylor County",FL062020X,0,0,0,0,0,0,0,0,0,0,0,0,0,0,0,0,0,0,0,0,0,0,0,0,0,0,0,0,0,0,0,0,0,30.426645,-84.249504
Florida,TAYLOR,Division of Alcoholic Beverages and Tobacco: Taylor County,FL062500X,0,0,0,0,0,0,0,0,0,0,0,0,0,0,0,0,0,0,0,0,0,0,0,0,0,0,0,0,0,0,0,0,0,30.423128,-84.28066
Florida,TAYLOR,Florida Game Commission: Taylor County,FL0628000,0,0,0,0,0,0,0,0,0,0,0,0,0,0,0,0,0,0,0,0,0,0,0,0,0,0,0,0,0,0,0,0,0,30.091877,-83.57286
Florida,TAYLOR,Highway Patrol: Taylor County,FL0629000,31,15,16,31,15,16,0,0,0,0,0,0,0,0,0,0,0,0,0,0,0,24,12,12,5,2,3,0,0,0,29,14,15,30.009908,-83.609483
Florida,TAYLOR,"Department of Agriculture and Consumer Services, Office of Agricultural Law Enforcement: ",FL062A00X,0,0,0,0,0,0,0,0,0,0,0,0,0,0,0,0,0,0,0,0,0,0,0,0,0,0,0,0,0,0,0,0,0,,
Florida,UNION,Union County Sheriff's Office,FL0630000,358,171,187,445,214,231,14,7,7,0,0,0,0,0,0,14,7,7,427,184,243,70,33,37,480,211,269,44,22,22,977,428,549,30.05428,-82.366918
Florida,UNION,"Department of Corrections, Office of the Inspector General: Union County",FL0630400,0,0,0,0,0,0,0,0,0,0,0,0,0,0,0,0,0,0,0,0,0,0,0,0,0,0,0,0,0,0,0,0,0,,
Florida,UNION,Division of Alcoholic Beverages and Tobacco: Union County,FL063500X,0,0,0,0,0,0,0,0,0,0,0,0,0,0,0,0,0,0,0,0,0,0,0,0,0,0,0,0,0,0,0,0,0,30.423128,-84.28066
Florida,UNION,Florida Game Commission: Union County,FL0638000,0,0,0,0,0,0,0,0,0,0,0,0,0,0,0,0,0,0,0,0,0,0,0,0,0,0,0,0,0,0,0,0,0,30.05428,-82.366918
Florida,UNION,Highway Patrol: Union County,FL0639000,0,0,0,0,0,0,0,0,0,0,0,0,0,0,0,0,0,0,0,0,0,0,0,0,0,0,0,0,0,0,0,0,0,30.05428,-82.366918
Florida,UNION,"Department of Agriculture and Consumer Services, Office of Agricultural Law Enforcement: ",FL063A00X,0,0,0,0,0,0,0,0,0,0,0,0,0,0,0,0,0,0,0,0,0,0,0,0,0,0,0,0,0,0,0,0,0,,
Florida,VOLUSIA,Volusia County Sheriff's Office,FL0640000,5031,1966,3065,7258,2841,4417,145,30,115,0,0,0,0,0,0,89,41,48,5682,1493,4189,2272,658,1614,17733,4188,13545,904,344,560,25687,6339,19348,29.057698,-81.161804
Florida,VOLUSIA,Daytona Beach Police Department,FL0640100,7137,2548,4589,8589,3040,5549,69,21,48,0,0,0,0,0,0,148,69,79,3813,891,2922,2354,359,1995,21798,4120,17678,289,73,216,27965,5370,22595,29.057698,-81.161804
Florida,VOLUSIA,DeLand Police Department,FL0640200,1554,563,991,1925,680,1245,16,1,15,0,0,0,0,0,0,30,13,17,1509,204,1305,653,98,555,7295,1242,6053,20,6,14,9457,1544,7913,29.026295,-81.30586
Florida,VOLUSIA,New Smyrna Beach Police Department,FL0640300,877,343,534,992,385,607,23,10,13,0,0,0,0,0,0,7,3,4,1011,221,790,388,97,291,4253,1014,3239,17,5,12,5652,1332,4320,29.057698,-81.161804
Florida,VOLUSIA,Ormond Beach Police Department,FL0640400,1472,588,884,1865,719,1146,26,9,17,0,0,0,0,0,0,8,4,4,1857,387,1470,913,256,657,8907,2173,6734,139,40,99,11677,2816,8861,29.283648,-81.06058
Florida,VOLUSIA,Daytona Beach Shores Police Department,FL0640500,127,51,76,183,74,109,5,2,3,0,0,0,0,0,0,5,3,2,236,55,181,132,42,90,1165,328,837,12,3,9,1533,425,1108,29.166786,-80.9776
Florida,VOLUSIA,Edgewater Police Department,FL0640600,237,91,146,270,105,165,16,7,9,0,0,0,0,0,0,2,1,1,691,171,520,219,62,157,2062,471,1591,1,0,1,2972,704,2268,29.057698,-81.161804
Florida,VOLUSIA,Holly Hill Police Department,FL0640700,449,168,281,572,209,363,6,2,4,0,0,0,0,0,0,5,3,2,642,123,519,346,55,291,2987,523,2464,41,12,29,3975,701,3274,29.244598,-81.040985
Florida,VOLUSIA,Lake Helen Police Department,FL0640800,53,20,33,61,23,38,0,0,0,0,0,0,0,0,0,0,0,0,56,17,39,20,5,15,141,12,129,3,1,2,217,34,183,29.057698,-81.161804
Florida,VOLUSIA,Orange City Police Department,FL0641000,340,137,203,470,172,298,12,3,9,0,0,0,0,0,0,3,1,2,521,78,443,243,45,198,5587,1572,4015,52,12,40,6351,1695,4656,28.949806,-81.29785
Florida,VOLUSIA,Pierson Police Department,FL0641100,0,0,0,0,0,0,0,0,0,0,0,0,0,0,0,0,0,0,0,0,0,0,0,0,0,0,0,0,0,0,0,0,0,29.057698,-81.161804
Florida,VOLUSIA,Port Orange Police Department,FL0641200,354,134,220,453,173,280,8,3,5,0,0,0,0,0,0,17,7,10,1330,249,1081,561,83,478,8658,1636,7022,17,7,10,10549,1968,8581,29.057698,-81.161804
Florida,VOLUSIA,South Daytona Police Department,FL0641300,376,150,226,453,168,285,7,2,5,0,0,0,0,0,0,1,0,1,592,85,507,254,38,216,1546,256,1290,5,2,3,2392,379,2013,29.057698,-81.161804
Florida,VOLUSIA,Ponce Inlet Police Department,FL0641400,33,14,19,39,17,22,0,0,0,0,0,0,0,0,0,2,1,1,53,13,40,29,7,22,247,47,200,4,2,2,329,67,262,29.120134,-80.953476
Florida,VOLUSIA,Volusia County Beach Management,FL0641700,76,21,55,102,25,77,0,0,0,0,0,0,0,0,0,0,0,0,71,7,64,17,4,13,824,103,721,7,0,7,912,114,798,29.219183,-81.00436
Florida,VOLUSIA,"Department of Corrections, Office of the Inspector General: Volusia County",FL0642400,0,0,0,0,0,0,0,0,0,0,0,0,0,0,0,0,0,0,0,0,0,0,0,0,0,0,0,0,0,0,0,0,0,,
Florida,VOLUSIA,Deltona,FL064250X,0,0,0,0,0,0,0,0,0,0,0,0,0,0,0,0,0,0,0,0,0,0,0,0,0,0,0,0,0,0,0,0,0,,
Florida,VOLUSIA,DeBary,FL064260X,0,0,0,0,0,0,0,0,0,0,0,0,0,0,0,0,0,0,0,0,0,0,0,0,0,0,0,0,0,0,0,0,0,,
Florida,VOLUSIA,Division of Alcoholic Beverages and Tobacco: Volusia County,FL0645000,0,0,0,0,0,0,0,0,0,0,0,0,0,0,0,0,0,0,0,0,0,0,0,0,0,0,0,0,0,0,0,0,0,30.423128,-84.28066
Florida,VOLUSIA,Florida Game Commission: Volusia County,FL0648000,0,0,0,0,0,0,0,0,0,0,0,0,0,0,0,0,0,0,0,0,0,0,0,0,0,0,0,0,0,0,0,0,0,29.199844,-81.037056
Florida,VOLUSIA,Highway Patrol: Volusia County,FL0649000,4,2,2,4,2,2,0,0,0,0,0,0,0,0,0,0,0,0,0,0,0,27,12,15,4,2,2,0,0,0,31,14,17,29.057698,-81.161804
Florida,VOLUSIA,"Department of Agriculture and Consumer Services, Office of Agricultural Law Enforcement: ",FL064A00X,0,0,0,0,0,0,0,0,0,0,0,0,0,0,0,0,0,0,0,0,0,0,0,0,0,0,0,0,0,0,0,0,0,,
Florida,WAKULLA,Wakulla County Sheriff's Office,FL0650000,674,296,378,801,345,456,16,7,9,0,0,0,0,0,0,11,5,6,1048,290,758,254,98,156,3046,982,2064,75,26,49,4348,1370,2978,30.196005,-84.377075
Florida,WAKULLA,"Department of Corrections, Office of the Inspector General: Wakulla County",FL065040X,0,0,0,0,0,0,0,0,0,0,0,0,0,0,0,0,0,0,0,0,0,0,0,0,0,0,0,0,0,0,0,0,0,30.426645,-84.249504
Florida,WAKULLA,Division of Alcoholic Beverages and Tobacco: Wakulla County,FL065500X,0,0,0,0,0,0,0,0,0,0,0,0,0,0,0,0,0,0,0,0,0,0,0,0,0,0,0,0,0,0,0,0,0,30.423128,-84.28066
Florida,WAKULLA,Florida Game Commission: Wakulla County,FL0658000,0,0,0,0,0,0,0,0,0,0,0,0,0,0,0,0,0,0,0,0,0,0,0,0,0,0,0,0,0,0,0,0,0,30.14036,-84.375117
Florida,WAKULLA,Highway Patrol: Wakulla County,FL0659000,3,1,2,3,1,2,0,0,0,0,0,0,0,0,0,0,0,0,0,0,0,0,0,0,2,1,1,0,0,0,2,1,1,30.453127,-84.24729
Florida,WAKULLA,"Department of Agriculture and Consumer Services, Office of Agricultural Law Enforcement: ",FL065A00X,0,0,0,0,0,0,0,0,0,0,0,0,0,0,0,0,0,0,0,0,0,0,0,0,0,0,0,0,0,0,0,0,0,,
Florida,WALTON,Walton County Sheriff's Office,FL0660000,1264,509,755,1530,604,926,22,6,16,2,1,1,28,8,20,15,7,8,1837,368,1469,545,131,414,5236,976,4260,184,62,122,7618,1475,6143,30.631211,-86.176614
Florida,WALTON,De Funiak Springs Police Department,FL0660100,309,125,184,369,147,222,10,5,5,0,0,0,0,0,0,5,2,3,178,51,127,88,22,66,1232,424,808,30,11,19,1498,497,1001,30.721313,-86.1147
Florida,WALTON,"Department of Corrections, Office of the Inspector General: Walton County",FL0660500,0,0,0,0,0,0,0,0,0,0,0,0,0,0,0,0,0,0,0,0,0,0,0,0,0,0,0,0,0,0,0,0,0,,
Florida,WALTON,Division of Alcoholic Beverages and Tobacco: Walton County,FL066500X,0,0,0,0,0,0,0,0,0,0,0,0,0,0,0,0,0,0,0,0,0,0,0,0,0,0,0,0,0,0,0,0,0,30.423128,-84.28066
Florida,WALTON,Florida Game Commission: Walton County,FL0668000,0,0,0,0,0,0,0,0,0,0,0,0,0,0,0,0,0,0,0,0,0,0,0,0,0,0,0,0,0,0,0,0,0,30.722057,-86.12085
Florida,WALTON,Highway Patrol: Walton County,FL0669000,45,22,23,45,22,23,0,0,0,0,0,0,0,0,0,0,0,0,0,0,0,4,1,3,4,1,3,0,0,0,8,2,6,30.631211,-86.176614
Florida,WALTON,"Department of Agriculture and Consumer Services, Office of Agricultural Law Enforcement: ",FL066A00X,0,0,0,0,0,0,0,0,0,0,0,0,0,0,0,0,0,0,0,0,0,0,0,0,0,0,0,0,0,0,0,0,0,,
Florida,WASHINGTON,Washington County Sheriff's Office,FL0670000,363,190,173,415,217,198,5,3,2,0,0,0,0,0,0,8,4,4,455,119,336,165,63,102,678,147,531,21,11,10,1298,329,969,30.779263,-85.54163
Florida,WASHINGTON,Chipley Police Department,FL0670100,133,65,68,169,78,91,3,1,2,0,0,0,0,0,0,0,0,0,147,51,96,53,20,33,1104,429,675,11,4,7,1304,500,804,30.602217,-85.662797
Florida,WASHINGTON,"Department of Corrections, Office of the Inspector General: Washington County",FL067050X,0,0,0,0,0,0,0,0,0,0,0,0,0,0,0,0,0,0,0,0,0,0,0,0,0,0,0,0,0,0,0,0,0,,
Florida,WASHINGTON,Division of Alcoholic Beverages and Tobacco: Washington County,FL067500X,0,0,0,0,0,0,0,0,0,0,0,0,0,0,0,0,0,0,0,0,0,0,0,0,0,0,0,0,0,0,0,0,0,30.423128,-84.28066
Florida,WASHINGTON,Florida Game Commission: Washington County,FL0678000,0,0,0,0,0,0,0,0,0,0,0,0,0,0,0,0,0,0,0,0,0,0,0,0,0,0,0,0,0,0,0,0,0,30.602217,-85.662797
Florida,WASHINGTON,Highway Patrol: Washington County,FL0679000,8,4,4,8,4,4,0,0,0,0,0,0,0,0,0,0,0,0,0,0,0,0,0,0,0,0,0,0,0,0,0,0,0,30.24214,-85.57792
Florida,WASHINGTON,"Department of Agriculture and Consumer Services, Office of Agricultural Law Enforcement: ",FL067A00X,0,0,0,0,0,0,0,0,0,0,0,0,0,0,0,0,0,0,0,0,0,0,0,0,0,0,0,0,0,0,0,0,0,,
