State,County,Agency,Ori,total aggravated-assault crimes (2015-2023),total aggravated-assault cleared crimes (2015-2023),total aggravated-assault actual crimes (2015-2023),total violent-crime crimes (2015-2023),total violent-crime cleared crimes (2015-2023),total violent-crime actual crimes (2015-2023),total arson crimes (2015-2023),total arson cleared crimes (2015-2023),total arson actual crimes (2015-2023),total human-trafficing crimes (2015-2023),total human-trafficing cleared crimes (2015-2023),total human-trafficing actual crimes (2015-2023),total rape-legacy crimes (2015-2023),total rape-legacy cleared crimes (2015-2023),total rape-legacy actual crimes (2015-2023),total homicide crimes (2015-2023),total homicide cleared crimes (2015-2023),total homicide actual crimes (2015-2023),total burglary crimes (2015-2023),total burglary cleared crimes (2015-2023),total burglary actual crimes (2015-2023),total motor-vehicle-theft crimes (2015-2023),total motor-vehicle-theft cleared crimes (2015-2023),total motor-vehicle-theft actual crimes (2015-2023),total larceny crimes (2015-2023),total larceny cleared crimes (2015-2023),total larceny actual crimes (2015-2023),total rape crimes (2015-2023),total rape cleared crimes (2015-2023),total rape actual crimes (2015-2023),total property-crime crimes (2015-2023),total property-crime cleared crimes (2015-2023),total property-crime actual crimes (2015-2023),Latitude,Longitude
California,ALAMEDA,Alameda County Sheriff's Office,CA0010000,4578,1659,2919,6893,2350,4543,193,41,152,0,0,0,24,5,19,74,31,43,3145,295,2850,4757,318,4439,9359,1078,8281,306,110,196,17261,1691,15570,37.802,-122.26236
California,ALAMEDA,Alameda Police Department,CA0010100,1011,399,612,1991,619,1372,204,34,170,2,1,1,26,5,21,11,4,7,1777,146,1631,3196,86,3110,13211,855,12356,125,36,89,18184,1087,17097,37.766888,-122.24273
California,ALAMEDA,Albany Police Department,CA0010200,118,45,73,351,95,256,34,8,26,0,0,0,2,1,1,4,2,2,603,41,562,430,10,420,3723,566,3157,29,6,23,4756,617,4139,37.887703,-122.29825
California,ALAMEDA,Berkeley Police Department,CA0010300,1948,556,1392,5355,1149,4206,275,47,228,0,0,0,0,0,0,20,6,14,6827,656,6171,4839,170,4669,31756,1595,30161,506,49,457,43422,2421,41001,37.870537,-122.27298
California,ALAMEDA,Emeryville Police Department,CA0010400,574,174,400,1501,329,1172,34,4,30,0,0,0,10,3,7,4,2,2,1001,90,911,1446,84,1362,14761,1817,12944,56,11,45,17208,1991,15217,37.648134,-121.913291
California,ALAMEDA,Fremont Police Department,CA0010500,2378,943,1435,4439,1475,2964,207,49,158,0,0,0,14,1,13,26,12,14,6046,409,5637,6138,256,5882,25347,1347,24000,431,98,333,37531,2012,35519,37.553017,-121.97069
California,ALAMEDA,Hayward Police Department,CA0010600,2210,753,1457,5531,1473,4058,199,23,176,1,0,1,9,1,8,89,31,58,4362,327,4035,11731,813,10918,20955,2216,18739,617,159,458,37048,3356,33692,37.662106,-122.08672
California,ALAMEDA,Livermore Police Department,CA0010700,1177,443,734,1938,632,1306,138,29,109,0,0,0,0,0,0,15,6,9,1525,127,1398,1603,78,1525,10881,1058,9823,256,43,213,14009,1263,12746,37.674633,-121.756935
California,ALAMEDA,Newark Police Department,CA0010800,500,181,319,1082,298,784,49,10,39,0,0,0,18,2,16,14,5,9,1907,124,1783,1693,49,1644,7962,745,7217,152,32,120,11562,918,10644,37.536236,-122.02951
California,ALAMEDA,Oakland Police Department,CA0010900,22544,4568,17976,48590,7790,40800,1507,62,1445,0,0,0,0,0,0,882,272,610,19555,477,19078,43842,538,43304,114828,1851,112977,3362,888,2474,178225,2866,175359,37.79965,-122.27459
California,ALAMEDA,Piedmont Police Department,CA0011000,87,29,58,174,41,133,9,2,7,0,0,0,0,0,0,0,0,0,397,23,374,257,19,238,1201,34,1167,33,7,26,1855,76,1779,37.824814,-122.23214
California,ALAMEDA,Pleasanton Police Department,CA0011100,582,286,296,1233,548,685,34,6,28,0,0,0,0,0,0,3,2,1,1368,181,1187,948,138,810,10796,2269,8527,158,78,80,13112,2588,10524,37.648134,-121.913291
California,ALAMEDA,San Leandro Police Department,CA0011200,1739,533,1206,4271,960,3311,143,12,131,0,0,0,0,0,0,19,1,18,3352,217,3135,6895,215,6680,17871,1650,16221,182,32,150,28118,2082,26036,37.648134,-121.913291
California,ALAMEDA,Union City Police Department,CA0011300,1569,430,1139,2424,622,1802,82,11,71,0,0,0,5,1,4,12,4,8,1855,175,1680,2382,86,2296,8892,660,8232,95,24,71,13129,921,12208,37.58882,-122.02747
California,ALAMEDA,East Bay Regional Parks: Alameda County,CA0011400,156,42,114,279,58,221,96,4,92,0,0,0,0,0,0,7,3,4,321,11,310,92,10,82,1645,33,1612,31,4,27,2058,54,2004,37.71378,-122.10035
California,ALAMEDA,California State University: East Bay,CA0011500,2,0,2,26,0,26,1,0,1,0,0,0,2,0,2,0,0,0,114,1,113,17,0,17,417,1,416,18,0,18,548,2,546,37.658787,-122.062225
California,ALAMEDA,Union Pacific Railroad: Alameda County,CA0011600,2,0,2,2,0,2,2,1,1,0,0,0,0,0,0,0,0,0,72,0,72,0,0,0,71,0,71,0,0,0,143,0,143,37.798763,-122.24971
California,ALAMEDA,San Francisco Bay Area Rapid Transit: Alameda County,CA0012100,564,169,395,1950,409,1541,15,1,14,0,0,0,0,0,0,10,4,6,73,6,67,1567,33,1534,8399,359,8040,23,5,18,10039,398,9641,37.79742,-122.26664
California,ALAMEDA,Dublin Police Department,CA001300X,561,204,357,922,305,617,17,2,15,0,0,0,0,0,0,3,1,2,763,50,713,756,79,677,7013,1305,5708,60,10,50,8532,1434,7098,37.799427,-122.262505
California,ALAMEDA,Department of Parks and Recreation:,CA0014100,2,1,1,2,1,1,1,0,1,0,0,0,0,0,0,0,0,0,22,0,22,3,1,2,16,0,16,0,0,0,41,1,40,,
California,ALAMEDA,University of California: Berkeley,CA0019700,302,82,220,536,113,423,65,19,46,0,0,0,4,0,4,1,0,1,367,41,326,599,27,572,4445,287,4158,95,5,90,5411,355,5056,37.648134,-121.913291
California,ALAMEDA,Highway Patrol: Alameda County,CA0019900,25,5,20,28,5,23,0,0,0,0,0,0,0,0,0,0,0,0,4,0,4,1131,47,1084,327,1,326,0,0,0,1462,48,1414,37.606228,-122.06034
California,ALPINE,Alpine County Sheriff's Office,CA0020000,108,34,74,119,36,83,0,0,0,0,0,0,0,0,0,0,0,0,77,8,69,8,3,5,124,6,118,10,2,8,209,17,192,38.61761,-119.798999
California,ALPINE,Highway Patrol: Alpine County,CA0029900,0,0,0,0,0,0,0,0,0,0,0,0,0,0,0,0,0,0,1,0,1,4,0,4,4,0,4,0,0,0,9,0,9,38.85127,-120.01934
California,AMADOR,Amador County Sheriff's Office,CA0030000,802,378,424,963,439,524,23,8,15,0,0,0,3,1,2,11,4,7,896,157,739,36,10,26,2185,539,1646,63,20,43,3117,706,2411,38.352863,-120.7679
California,AMADOR,Ione Police Department,CA0030200,72,32,40,83,34,49,5,2,3,0,0,0,0,0,0,0,0,0,62,9,53,44,11,33,302,50,252,8,1,7,408,70,338,38.44355,-120.653856
California,AMADOR,Jackson Police Department,CA0030300,300,133,167,348,151,197,33,12,21,0,0,0,4,1,3,0,0,0,257,41,216,93,16,77,732,99,633,23,8,15,1082,156,926,38.347904,-120.77274
California,AMADOR,Sutter Creek Police Department,CA0030500,64,30,34,75,33,42,13,4,9,0,0,0,0,0,0,0,0,0,61,13,48,49,12,37,312,71,241,7,2,5,422,96,326,38.391117,-120.80235
California,AMADOR,Union Pacific Railroad: Amador County,CA0030600,0,0,0,0,0,0,0,0,0,0,0,0,0,0,0,0,0,0,1,0,1,0,0,0,1,0,1,0,0,0,2,0,2,37.798763,-122.24971
California,AMADOR,Highway Patrol: Amador County,CA0039900,0,0,0,0,0,0,0,0,0,0,0,0,0,0,0,0,0,0,0,0,0,175,12,163,61,0,61,0,0,0,236,12,224,38.34309,-120.76263
California,BUTTE,Butte County Sheriff's Office,CA0040000,2109,703,1406,2683,802,1881,30,13,17,0,0,0,37,7,30,47,16,31,4004,223,3781,291,70,221,5070,301,4769,294,32,262,9365,594,8771,39.665959,-121.601919
California,BUTTE,Chico Police Department,CA0040200,3349,1128,2221,4669,1349,3320,867,46,821,0,0,0,0,0,0,19,9,10,3025,284,2741,2782,202,2580,15022,1201,13821,579,47,532,20829,1687,19142,39.735462,-121.81528
California,BUTTE,Gridley Police Department,CA0040300,759,341,418,847,366,481,26,8,18,0,0,0,3,0,3,2,0,2,320,43,277,182,43,139,1173,251,922,65,17,48,1675,337,1338,39.365505,-121.69721
California,BUTTE,Oroville Police Department,CA0040400,859,263,596,1370,369,1001,141,53,88,0,0,0,25,1,24,21,9,12,1531,155,1376,1531,127,1404,5838,1395,4443,171,21,150,8900,1677,7223,39.508167,-121.554825
California,BUTTE,Paradise Police Department,CA0040500,353,138,215,479,169,310,19,6,13,0,0,0,2,0,2,4,2,2,970,132,838,394,68,326,1017,203,814,77,19,58,2381,403,1978,39.75336,-121.62395
California,BUTTE,Union Pacific Railroad: Butte County,CA0040600,0,0,0,0,0,0,0,0,0,0,0,0,0,0,0,0,0,0,13,0,13,0,0,0,38,2,36,0,0,0,51,2,49,37.798763,-122.24971
California,BUTTE,Department of Parks and Recreation: Northern Buttes,CA0040700,13,3,10,13,3,10,2,0,2,0,0,0,0,0,0,0,0,0,35,4,31,6,1,5,99,1,98,0,0,0,140,6,134,39.510296,-121.50341
California,BUTTE,California State University: Chico,CA0049700,30,13,17,77,27,50,10,1,9,0,0,0,1,0,1,2,1,1,68,13,55,42,2,40,1094,53,1041,33,7,26,1204,68,1136,39.665959,-121.601919
California,BUTTE,Highway Patrol: Butte County,CA0049900,4,2,2,4,2,2,0,0,0,0,0,0,0,0,0,0,0,0,5,0,5,1171,42,1129,545,0,545,0,0,0,1721,42,1679,39.665959,-121.601919
California,CALAVERAS,Calaveras County Sheriff's Office,CA0050000,1405,478,927,1771,559,1212,5,2,3,0,0,0,31,6,25,25,10,15,1686,149,1537,140,30,110,2684,148,2536,234,43,191,4510,327,4183,38.19131,-120.66931
California,CALAVERAS,City of Angels Police Department,CA0050100,104,44,60,125,50,75,0,0,0,0,0,0,0,0,0,0,0,0,137,23,114,93,21,72,406,72,334,12,4,8,636,116,520,38.184618,-120.5594
California,CALAVERAS,Union Pacific Railroad: Calaveras County,CA0050200,0,0,0,0,0,0,0,0,0,0,0,0,0,0,0,0,0,0,0,0,0,0,0,0,0,0,0,0,0,0,0,0,0,38.184618,-120.5594
California,CALAVERAS,Department of Parks and Recreation: Calaveras County,CA0050300,11,5,6,11,5,6,0,0,0,0,0,0,0,0,0,0,0,0,22,2,20,5,1,4,21,0,21,0,0,0,48,3,45,38.184618,-120.5594
California,CALAVERAS,Highway Patrol: Calaveras County,CA0059900,0,0,0,0,0,0,0,0,0,0,0,0,0,0,0,0,0,0,1,0,1,426,0,426,225,0,225,0,0,0,652,0,652,38.189983,-120.67146
California,COLUSA,Colusa County Sheriff's Office,CA0060000,222,66,156,296,77,219,14,3,11,0,0,0,0,0,0,6,3,3,457,23,434,23,2,21,774,17,757,44,4,40,1254,42,1212,39.205734,-122.00377
California,COLUSA,Colusa Police Department,CA0060100,51,20,31,101,32,69,0,0,0,0,0,0,3,0,3,2,0,2,204,19,185,134,32,102,394,50,344,20,1,19,732,101,631,39.21383,-122.009544
California,COLUSA,Williams Police Department,CA0060200,144,55,89,195,73,122,22,8,14,0,0,0,2,1,1,0,0,0,180,23,157,90,12,78,335,42,293,24,8,16,605,77,528,39.177739,-122.237563
California,COLUSA,Union Pacific Railroad: Colusa County,CA0060300,0,0,0,0,0,0,0,0,0,0,0,0,0,0,0,0,0,0,0,0,0,0,0,0,0,0,0,0,0,0,0,0,0,37.798763,-122.24971
California,COLUSA,Highway Patrol: Colusa County,CA0069900,12,4,8,12,4,8,0,0,0,0,0,0,0,0,0,0,0,0,6,1,5,81,5,76,25,0,25,0,0,0,112,6,106,39.177739,-122.237563
California,CONTRA COSTA,Contra Costa County Sheriff's Office,CA0070000,2063,594,1469,3162,744,2418,119,26,93,3,0,3,22,4,18,64,16,48,3279,187,3092,315,95,220,7893,263,7630,211,30,181,11487,545,10942,38.01906,-122.13399
California,CONTRA COSTA,Antioch Police Department,CA0070100,4068,1321,2747,6684,1951,4733,469,89,380,4,1,3,39,4,35,117,53,64,4636,339,4297,6129,736,5393,14877,1181,13696,457,105,352,25642,2256,23386,37.919479,-121.951543
California,CONTRA COSTA,Brentwood Police Department,CA0070200,943,337,606,1591,507,1084,66,12,54,0,0,0,0,0,0,11,7,4,1492,149,1343,957,77,880,8140,1006,7134,161,35,126,10589,1232,9357,37.919037,-121.68469
California,CONTRA COSTA,Clayton Police Department,CA0070300,35,7,28,57,11,46,8,2,6,0,0,0,1,0,1,0,0,0,113,7,106,68,2,66,827,61,766,1,0,1,1008,70,938,37.94229,-121.93776
California,CONTRA COSTA,Concord Police Department,CA0070400,3534,1060,2474,5842,1564,4278,350,71,279,0,0,0,63,10,53,44,19,25,4254,389,3865,6250,415,5835,24816,1729,23087,439,87,352,35320,2533,32787,37.919479,-121.951543
California,CONTRA COSTA,El Cerrito Police Department,CA0070500,566,159,407,1248,243,1005,71,7,64,0,0,0,0,0,0,5,0,5,1177,75,1102,820,33,787,7412,587,6825,23,3,20,9409,695,8714,37.916363,-122.31207
California,CONTRA COSTA,Hercules Police Department,CA0070600,191,56,135,321,79,242,7,3,4,0,0,0,9,4,5,4,2,2,451,19,432,334,21,313,1672,108,1564,27,6,21,2457,148,2309,38.00937,-122.26571
California,CONTRA COSTA,Pinole Police Department,CA0070700,378,119,259,629,164,465,24,4,20,0,0,0,5,0,5,3,1,2,565,24,541,510,10,500,4833,590,4243,24,3,21,5908,624,5284,38.00441,-122.290115
California,CONTRA COSTA,Pittsburg Police Department,CA0070800,2081,645,1436,3673,1028,2645,163,28,135,15,5,10,20,3,17,57,22,35,2319,195,2124,4011,166,3845,7293,513,6780,393,90,303,13623,874,12749,37.919479,-121.951543
California,CONTRA COSTA,Pleasant Hill Police Department,CA0070900,438,170,268,878,296,582,58,10,48,0,0,0,3,1,2,2,1,1,1243,119,1124,1051,88,963,10734,1634,9100,54,15,39,13028,1841,11187,37.96205,-122.070656
California,CONTRA COSTA,Richmond Police Department,CA0071000,6736,1512,5224,10174,1891,8283,351,30,321,4,1,3,60,5,55,185,49,136,4048,203,3845,10630,500,10130,16635,237,16398,385,47,338,31313,940,30373,37.919479,-121.951543
California,CONTRA COSTA,San Pablo Police Department,CA0071100,975,317,658,1913,518,1395,104,19,85,0,0,0,11,2,9,15,5,10,1223,95,1128,2676,160,2516,3739,259,3480,99,20,79,7638,514,7124,37.919479,-121.951543
California,CONTRA COSTA,Walnut Creek Police Department,CA0071200,607,191,416,932,264,668,23,5,18,0,0,0,0,0,0,7,2,5,2236,317,1919,1312,28,1284,12682,984,11698,25,4,21,16230,1329,14901,37.919479,-121.951543
California,CONTRA COSTA,Kensington Police Department,CA0071300,21,6,15,26,7,19,2,0,2,0,0,0,0,0,0,0,0,0,128,11,117,70,6,64,334,6,328,2,0,2,532,23,509,37.919479,-121.951543
California,CONTRA COSTA,Martinez Police Department,CA0071400,382,136,246,710,216,494,45,5,40,0,0,0,7,2,5,1,0,1,802,110,692,1375,156,1219,3227,498,2729,87,16,71,5404,764,4640,38.01375,-122.13533
California,CONTRA COSTA,Lafayette Police Department,CA0071500,49,16,33,124,36,88,6,0,6,0,0,0,1,0,1,0,0,0,318,25,293,220,7,213,2074,180,1894,14,2,12,2612,212,2400,38.01906,-122.13399
California,CONTRA COSTA,Moraga Police Department,CA0071600,116,32,84,156,40,116,6,1,5,0,0,0,7,1,6,0,0,0,254,25,229,121,8,113,856,88,768,16,2,14,1231,121,1110,37.919479,-121.951543
California,CONTRA COSTA,San Francisco Bay Area Rapid Transit: Contra Costa County,CA0071800,189,42,147,493,99,394,13,1,12,0,0,0,0,0,0,2,1,1,15,2,13,868,8,860,3825,114,3711,18,3,15,4708,124,4584,37.919479,-121.951543
California,CONTRA COSTA,Contra Costa Community College,CA0072100,19,0,19,36,0,36,3,0,3,0,0,0,0,0,0,0,0,0,124,2,122,74,0,74,776,1,775,3,0,3,974,3,971,38.01951,-122.13532
California,CONTRA COSTA,Danville Police Department,CA007230X,78,23,55,162,47,115,8,0,8,0,0,0,1,0,1,6,3,3,457,40,417,166,10,156,1891,104,1787,18,3,15,2514,154,2360,38.01906,-122.13399
California,CONTRA COSTA,San Ramon Police Department,CA007240X,192,74,118,382,105,277,33,3,30,0,0,0,0,0,0,0,0,0,848,50,798,420,19,401,4450,276,4174,55,15,40,5718,345,5373,,
California,CONTRA COSTA,Orinda Police Department,CA007260X,28,9,19,86,18,68,1,0,1,0,0,0,1,0,1,5,0,5,316,24,292,89,4,85,784,63,721,5,0,5,1189,91,1098,,
California,CONTRA COSTA,Union Pacific Railroad: Contra Costa County,CA0073300,1,0,1,1,0,1,0,0,0,0,0,0,0,0,0,0,0,0,4,0,4,0,0,0,13,3,10,0,0,0,17,3,14,37.798763,-122.24971
California,CONTRA COSTA,Oakley Police Department,CA007340X,346,88,258,539,128,411,41,12,29,0,0,0,6,1,5,11,5,6,595,40,555,864,47,817,2315,199,2116,49,9,40,3774,286,3488,,
California,CONTRA COSTA,Highway Patrol: Contra Costa County,CA0079900,19,5,14,21,5,16,0,0,0,0,0,0,0,0,0,2,0,2,0,0,0,3195,2,3193,166,1,165,0,0,0,3361,3,3358,38.00525,-122.07482
California,DEL NORTE,Del Norte County Sheriff's Office,CA0080000,627,182,445,1014,293,721,81,3,78,0,0,0,0,0,0,20,7,13,1491,361,1130,69,17,52,1503,412,1091,239,64,175,3063,790,2273,41.75284,-124.20048
California,DEL NORTE,Crescent City Police Department,CA0080100,415,157,258,543,194,349,61,19,42,0,0,0,5,1,4,0,0,0,378,61,317,95,10,85,1838,496,1342,31,4,27,2311,567,1744,41.754265,-124.20122
California,DEL NORTE,Highway Patrol: Del Norte County,CA008980X,5,2,3,5,2,3,0,0,0,0,0,0,0,0,0,0,0,0,4,0,4,363,33,330,143,5,138,0,0,0,510,38,472,41.772213,-124.185356
California,EL DORADO,El Dorado County Sheriff's Office,CA0090000,2227,922,1305,3184,1174,2010,52,16,36,4,0,4,132,11,121,57,24,33,4076,442,3634,364,109,255,11667,1432,10235,553,96,457,16107,1983,14124,38.785532,-120.534398
California,EL DORADO,Placerville Police Department,CA0090100,409,172,237,566,221,345,32,14,18,0,0,0,12,1,11,1,0,1,489,77,412,408,96,312,1823,347,1476,70,18,52,2720,520,2200,38.73032,-120.79018
California,EL DORADO,South Lake Tahoe Police Department,CA0090200,859,341,518,1174,441,733,20,1,19,0,0,0,1,0,1,17,11,6,755,103,652,384,41,343,2405,265,2140,86,9,77,3544,409,3135,38.933025,-119.97075
California,EL DORADO,Union Pacific Railroad: El Dorado County,CA009030X,0,0,0,0,0,0,0,0,0,0,0,0,0,0,0,0,0,0,1,0,1,0,0,0,1,0,1,0,0,0,2,0,2,37.798763,-122.24971
California,EL DORADO,Highway Patrol: El Dorado County,CA0099900,3,1,2,3,1,2,0,0,0,0,0,0,0,0,0,0,0,0,5,0,5,513,89,424,568,6,562,0,0,0,1086,95,991,38.785532,-120.534398
California,FRESNO,Fresno County Sheriff's Office,CA0100000,11574,4408,7166,13070,4799,8271,1063,18,1045,0,0,0,0,0,0,113,33,80,10672,1007,9665,5032,478,4554,10659,471,10188,357,104,253,26363,1956,24407,36.761006,-119.655019
California,FRESNO,Clovis Police Department,CA0100100,1777,734,1043,2681,1004,1677,59,12,47,0,0,0,26,6,20,12,5,7,2797,329,2468,1475,160,1315,18227,3838,14389,384,105,279,22499,4327,18172,36.82397,-119.692795
California,FRESNO,Coalinga Police Department,CA0100200,874,305,569,989,326,663,49,11,38,0,0,0,0,0,0,3,0,3,485,72,413,151,17,134,1252,209,1043,49,4,45,1888,298,1590,36.139175,-120.362045
California,FRESNO,Firebaugh Police Department,CA0100300,260,115,145,332,133,199,25,5,20,0,0,0,0,0,0,0,0,0,189,39,150,164,22,142,438,30,408,42,8,34,791,91,700,36.761006,-119.655019
California,FRESNO,Fowler Police Department,CA0100400,280,105,175,349,130,219,5,0,5,0,0,0,0,0,0,4,3,1,305,30,275,157,16,141,370,25,345,19,4,15,832,71,761,36.630894,-119.67752
California,FRESNO,Fresno Police Department,CA0100500,26104,7671,18433,38459,10785,27674,1882,379,1503,10,3,7,420,52,368,655,243,412,30052,1794,28258,25371,2597,22774,109186,13223,95963,1948,474,1474,164609,17614,146995,36.761006,-119.655019
California,FRESNO,Huron Police Department,CA0100600,645,242,403,745,259,486,103,1,102,0,0,0,0,0,0,7,2,5,152,15,137,136,19,117,205,9,196,24,4,20,493,43,450,36.761006,-119.655019
California,FRESNO,Kerman Police Department,CA0100700,329,112,217,456,147,309,5,0,5,0,0,0,0,0,0,2,1,1,547,105,442,312,33,279,1991,414,1577,35,8,27,2850,552,2298,36.722088,-120.06027
California,FRESNO,Kingsburg Police Department,CA0100800,245,103,142,343,141,202,13,4,9,0,0,0,0,0,0,1,0,1,724,87,637,390,16,374,930,58,872,36,15,21,2044,161,1883,36.761006,-119.655019
California,FRESNO,Mendota Police Department,CA0100900,858,366,492,984,403,581,17,4,13,0,0,0,0,0,0,8,1,7,376,49,327,450,47,403,601,53,548,46,14,32,1427,149,1278,36.759174,-120.373276
California,FRESNO,Orange Cove Police Department,CA0101000,275,86,189,321,93,228,3,0,3,0,0,0,0,0,0,8,0,8,152,4,148,184,4,180,320,1,319,6,2,4,656,9,647,36.761006,-119.655019
California,FRESNO,Parlier Police Department,CA0101100,790,287,503,989,344,645,111,10,101,0,0,0,0,0,0,9,1,8,465,45,420,535,59,476,761,58,703,71,23,48,1761,162,1599,36.761006,-119.655019
California,FRESNO,Reedley Police Department,CA0101200,1292,507,785,1539,578,961,46,7,39,0,0,0,0,0,0,8,0,8,867,120,747,548,70,478,1364,131,1233,96,22,74,2779,321,2458,36.598927,-119.453575
California,FRESNO,Sanger Police Department,CA0101300,974,321,653,1243,389,854,18,3,15,0,0,0,0,0,0,15,5,10,832,116,716,511,31,480,2259,414,1845,96,19,77,3602,561,3041,36.70591,-119.56111
California,FRESNO,Selma Police Department,CA0101500,1496,396,1100,1839,478,1361,38,8,30,0,0,0,0,0,0,20,5,15,1486,120,1366,1079,50,1029,3243,386,2857,120,30,90,5808,556,5252,36.567337,-119.611984
California,FRESNO,State Center Community College District,CA0101700,19,9,10,30,12,18,5,0,5,0,0,0,0,0,0,0,0,0,142,10,132,49,4,45,808,37,771,1,0,1,999,51,948,36.739437,-119.79724
California,FRESNO,Union Pacific Railroad: Fresno County,CA0102400,0,0,0,0,0,0,0,0,0,0,0,0,0,0,0,0,0,0,6,0,6,0,0,0,24,0,24,0,0,0,30,0,30,37.798763,-122.24971
California,FRESNO,Department of Parks and Recreation: San Joaquin,CA0103000,25,12,13,25,12,13,0,0,0,0,0,0,0,0,0,0,0,0,3,0,3,0,0,0,16,3,13,0,0,0,19,3,16,36.761006,-119.655019
California,FRESNO,Clovis Unified School District,CA0103500,9,4,5,9,4,5,0,0,0,0,0,0,0,0,0,0,0,0,2,0,2,0,0,0,4,0,4,0,0,0,6,0,6,,
California,FRESNO,California State University: Fresno,CA0109700,53,15,38,108,31,77,9,1,8,0,0,0,0,0,0,0,0,0,238,19,219,117,22,95,1214,70,1144,31,10,21,1569,111,1458,36.81583,-119.748314
California,FRESNO,Highway Patrol: Fresno County,CA0109900,3,0,3,3,0,3,2,0,2,0,0,0,0,0,0,0,0,0,5,0,5,1111,77,1034,178,2,176,0,0,0,1294,79,1215,36.757477,-119.82758
California,FRESNO,Coalinga State Hospital,CA010M15M,1181,36,1145,1195,36,1159,2,0,2,0,0,0,0,0,0,0,0,0,7,0,7,0,0,0,20,0,20,13,0,13,27,0,27,,
California,GLENN,Glenn County Sheriff's Office,CA0110000,616,142,474,722,154,568,32,3,29,0,0,0,12,1,11,9,2,7,672,41,631,169,16,153,1384,132,1252,56,4,52,2225,189,2036,39.602546,-122.4017
California,GLENN,Orland Police Department,CA0110100,164,43,121,235,61,174,3,0,3,0,0,0,0,0,0,5,2,3,191,13,178,165,15,150,583,45,538,29,9,20,939,73,866,39.602546,-122.4017
California,GLENN,Union Pacific Railroad: Glenn County,CA011030X,0,0,0,0,0,0,0,0,0,0,0,0,0,0,0,0,0,0,0,0,0,0,0,0,0,0,0,0,0,0,0,0,0,37.798763,-122.24971
California,GLENN,Highway Patrol: Glenn County,CA0119900,8,4,4,9,4,5,0,0,0,0,0,0,0,0,0,0,0,0,0,0,0,184,8,176,56,0,56,0,0,0,240,8,232,39.525166,-122.212036
California,HUMBOLDT,Humboldt County Sheriff's Office,CA0120000,2080,719,1361,2726,848,1878,134,31,103,3,0,3,15,1,14,58,20,38,2672,213,2459,253,58,195,3998,452,3546,174,21,153,6923,723,6200,40.803238,-124.162575
California,HUMBOLDT,Arcata Police Department,CA0120100,525,193,332,797,264,533,122,24,98,0,0,0,6,1,5,18,9,9,873,83,790,635,63,572,3593,475,3118,69,11,58,5101,621,4480,40.867355,-124.085144
California,HUMBOLDT,Eureka Police Department,CA0120300,1097,337,760,1978,535,1443,211,37,174,0,0,0,3,0,3,30,16,14,2084,261,1823,1673,205,1468,7832,1440,6392,206,21,185,11589,1906,9683,40.80052,-124.16893
California,HUMBOLDT,Ferndale Police Department,CA0120400,37,14,23,47,18,29,2,0,2,0,0,0,0,0,0,0,0,0,38,5,33,20,6,14,89,5,84,7,2,5,147,16,131,40.706673,-123.925818
California,HUMBOLDT,Fortuna Police Department,CA0120500,318,98,220,452,129,323,52,5,47,0,0,0,18,3,15,4,2,2,558,82,476,295,34,261,2471,386,2085,51,8,43,3324,502,2822,40.597363,-124.155525
California,HUMBOLDT,Rio Dell Police Department,CA0120700,86,32,54,116,39,77,6,2,4,0,0,0,3,0,3,2,1,1,118,21,97,75,15,60,297,46,251,14,3,11,490,82,408,40.497326,-124.105644
California,HUMBOLDT,Humboldt State University,CA0120800,18,6,12,42,11,31,12,1,11,0,0,0,0,0,0,0,0,0,88,10,78,11,0,11,629,22,607,16,2,14,728,32,696,40.706673,-123.925818
California,HUMBOLDT,Union Pacific Railroad: Humboldt County,CA012090X,1,0,1,1,0,1,0,0,0,0,0,0,0,0,0,0,0,0,7,1,6,0,0,0,13,0,13,0,0,0,20,1,19,37.798763,-122.24971
California,HUMBOLDT,Department of Parks and Recreation: North Coast Redwoods,CA0121100,18,4,14,20,5,15,10,0,10,0,0,0,0,0,0,0,0,0,82,2,80,11,2,9,259,3,256,2,1,1,352,7,345,40.706673,-123.925818
California,HUMBOLDT,Highway Patrol: Humboldt County,CA0129900,13,4,9,15,4,11,1,0,1,0,0,0,0,0,0,1,0,1,6,0,6,1642,31,1611,469,3,466,0,0,0,2117,34,2083,40.86264,-124.08294
California,IMPERIAL,Imperial County Sheriff's Office,CA0130000,1815,622,1193,2014,659,1355,192,39,153,0,0,0,15,0,15,19,6,13,1467,188,1279,494,50,444,2668,156,2512,97,12,85,4629,394,4235,33.040816,-115.355395
California,IMPERIAL,Brawley Police Department,CA0130100,1267,474,793,1462,525,937,158,30,128,0,0,0,7,2,5,10,2,8,1155,172,983,481,42,439,4385,448,3937,54,12,42,6021,662,5359,32.978657,-115.53716
California,IMPERIAL,Calexico Police Department,CA0130200,887,363,524,1157,431,726,330,19,311,0,0,0,5,2,3,5,3,2,2473,289,2184,1478,52,1426,4506,548,3958,28,3,25,8457,889,7568,32.669827,-115.49314
California,IMPERIAL,Calipatria Police Department,CA0130300,0,0,0,0,0,0,0,0,0,0,0,0,0,0,0,0,0,0,0,0,0,0,0,0,0,0,0,0,0,0,0,0,0,33.040816,-115.355395
California,IMPERIAL,El Centro Police Department,CA0130400,1082,340,742,1575,443,1132,105,25,80,0,0,0,13,2,11,19,4,15,2619,171,2448,955,65,890,8963,769,8194,107,17,90,12537,1005,11532,32.793327,-115.56443
California,IMPERIAL,Holtville Police Department,CA0130500,145,58,87,172,64,108,12,3,9,0,0,0,0,0,0,1,0,1,150,21,129,67,5,62,388,34,354,11,2,9,605,60,545,32.81098,-115.379875
California,IMPERIAL,Imperial Police Department,CA0130600,99,45,54,115,49,66,6,1,5,0,0,0,0,0,0,1,0,1,102,24,78,94,14,80,316,20,296,4,0,4,512,58,454,32.844448,-115.569954
California,IMPERIAL,Westmorland Police Department,CA0130700,63,31,32,73,35,38,1,0,1,0,0,0,0,0,0,2,0,2,40,7,33,15,4,11,89,22,67,0,0,0,144,33,111,33.040816,-115.355395
California,IMPERIAL,Union Pacific Railroad: Imperial County,CA013080X,0,0,0,0,0,0,0,0,0,0,0,0,0,0,0,0,0,0,7,1,6,0,0,0,19,1,18,0,0,0,26,2,24,37.798763,-122.24971
California,IMPERIAL,Highway Patrol: Imperial County,CA0139900,5,2,3,5,2,3,0,0,0,0,0,0,0,0,0,0,0,0,1,0,1,256,7,249,65,0,65,0,0,0,322,7,315,32.82178,-115.56991
California,INYO,Inyo County Sheriff's Office,CA0140000,735,271,464,853,292,561,21,7,14,0,0,0,0,0,0,5,2,3,472,58,414,25,7,18,660,56,604,61,7,54,1157,121,1036,36.561977,-117.403927
California,INYO,Bishop Police Department,CA0140100,275,102,173,372,129,243,0,0,0,0,0,0,2,1,1,2,1,1,261,36,225,80,19,61,1305,280,1025,37,5,32,1646,335,1311,37.361378,-118.39636
California,INYO,Union Pacific Railroad: Inyo County,CA014030X,0,0,0,0,0,0,0,0,0,0,0,0,0,0,0,0,0,0,0,0,0,0,0,0,0,0,0,0,0,0,0,0,0,37.798763,-122.24971
California,INYO,Highway Patrol: Inyo County,CA0149900,3,1,2,3,1,2,0,0,0,0,0,0,0,0,0,0,0,0,0,0,0,129,2,127,33,0,33,0,0,0,162,2,160,36.561977,-117.403927
California,KERN,Kern County Sheriff's Office,CA0150000,20625,6059,14566,26182,7164,19018,2276,166,2110,0,0,0,0,0,0,384,94,290,21300,1436,19864,17314,1477,15837,32561,1808,30753,1474,331,1143,71175,4721,66454,35.419617,-119.04741
California,KERN,Arvin Police Department,CA0150100,1657,587,1070,1892,649,1243,108,4,104,0,0,0,0,0,0,28,8,20,786,77,709,1287,388,899,1491,165,1326,35,5,30,3564,630,2934,35.346629,-118.729506
California,KERN,Bakersfield Police Department,CA0150200,11542,3904,7638,19260,5884,13376,2559,259,2300,11,3,8,35,2,33,391,149,242,28031,2369,25662,25683,3091,22592,68168,4067,64101,922,228,694,121882,9527,112355,35.346629,-118.729506
California,KERN,Delano Police Department,CA0150300,1749,592,1157,2294,736,1558,307,15,292,0,0,0,14,3,11,66,21,45,1804,205,1599,3151,386,2765,5195,723,4472,130,37,93,10150,1314,8836,35.346629,-118.729506
California,KERN,McFarland Police Department,CA0150500,447,149,298,617,190,427,111,2,109,0,0,0,2,1,1,16,2,14,438,53,385,513,41,472,583,64,519,90,22,68,1534,158,1376,35.67801,-119.23241
California,KERN,Ridgecrest Police Department,CA0150600,1331,523,808,1717,626,1091,73,12,61,0,0,0,12,0,12,16,8,8,1179,274,905,538,127,411,2548,560,1988,189,32,157,4265,961,3304,35.620674,-117.6702
California,KERN,Shafter Police Department,CA0150700,390,124,266,531,154,377,74,3,71,0,0,0,1,0,1,3,1,2,1043,92,951,914,85,829,2023,123,1900,45,7,38,3980,300,3680,35.499836,-119.27048
California,KERN,Taft Police Department,CA0150800,604,200,404,696,228,468,3,1,2,0,0,0,0,0,0,0,0,0,545,58,487,290,61,229,1695,238,1457,23,5,18,2530,357,2173,35.134575,-119.442215
California,KERN,Tehachapi Police Department,CA0150900,413,142,271,594,190,404,13,3,10,0,0,0,3,0,3,5,2,3,619,90,529,301,34,267,1482,214,1268,80,19,61,2402,338,2064,35.13094,-118.447235
California,KERN,California City Police Department,CA0151100,781,328,453,1010,413,597,24,9,15,0,0,0,0,0,0,11,4,7,1321,189,1132,381,89,292,1142,215,927,65,22,43,2844,493,2351,35.127663,-117.9599
California,KERN,Stallion Springs Police Department,CA0151400,30,12,18,36,14,22,0,0,0,0,0,0,0,0,0,2,1,1,26,5,21,5,0,5,77,4,73,2,0,2,108,9,99,35.082546,-118.63749
California,KERN,Bear Valley Police Department,CA0151500,39,15,24,55,16,39,0,0,0,0,0,0,2,1,1,1,0,1,38,3,35,8,1,7,346,8,338,15,1,14,392,12,380,35.134567,-118.574615
California,KERN,Kern High School District,CA0152100,176,48,128,213,57,156,22,2,20,0,0,0,0,0,0,0,0,0,177,9,168,48,5,43,446,54,392,1,0,1,671,68,603,,
California,KERN,Union Pacific Railroad: Kern County,CA0152200,5,2,3,5,2,3,1,0,1,0,0,0,0,0,0,0,0,0,118,14,104,0,0,0,320,30,290,0,0,0,438,44,394,37.798763,-122.24971
California,KERN,California State University: Bakersfield,CA0159700,9,4,5,13,4,9,0,0,0,0,0,0,0,0,0,0,0,0,55,6,49,11,3,8,332,20,312,4,0,4,398,29,369,35.346629,-118.729506
California,KERN,Highway Patrol: Kern County,CA0159900,10,3,7,14,5,9,0,0,0,0,0,0,0,0,0,4,2,2,3,0,3,1492,89,1403,194,4,190,0,0,0,1689,93,1596,35.346629,-118.729506
California,KINGS,Kings County Sheriff's Office,CA0160000,993,308,685,1346,416,930,30,6,24,0,0,0,12,3,9,29,10,19,1125,87,1038,195,33,162,2095,138,1957,170,51,119,3415,258,3157,36.072478,-119.81553
California,KINGS,Corcoran Police Department,CA0160100,854,276,578,1078,354,724,31,6,25,0,0,0,16,5,11,14,4,10,712,80,632,618,87,531,1658,195,1463,102,39,63,2988,362,2626,36.099304,-119.55968
California,KINGS,Hanford Police Department,CA0160200,2746,1193,1553,3526,1463,2063,105,31,74,0,0,0,37,10,27,44,27,17,1522,212,1310,1830,291,1539,8591,1779,6812,250,74,176,11943,2282,9661,36.329308,-119.64769
California,KINGS,Lemoore Police Department,CA0160300,1261,569,692,1684,733,951,41,8,33,0,0,0,34,7,27,13,7,6,764,120,644,628,112,516,2589,364,2225,225,80,145,3981,596,3385,36.307163,-119.78825
California,KINGS,Union Pacific Railroad: Kings County,CA0160500,0,0,0,0,0,0,0,0,0,0,0,0,0,0,0,0,0,0,1,0,1,0,0,0,3,0,3,0,0,0,4,0,4,37.798763,-122.24971
California,KINGS,Porterville Developmental Center,CA016060X,305,103,202,318,107,211,0,0,0,0,0,0,0,0,0,0,0,0,16,3,13,0,0,0,32,2,30,9,2,7,48,5,43,,
California,KINGS,Avenal Police Department,CA016070X,503,216,287,591,249,342,11,4,7,0,0,0,0,0,0,12,4,8,351,44,307,122,20,102,419,34,385,45,18,27,892,98,794,36.00669,-120.124054
California,KINGS,Highway Patrol: Kings County,CA0169900,0,0,0,0,0,0,0,0,0,0,0,0,0,0,0,0,0,0,1,0,1,626,8,618,103,0,103,0,0,0,730,8,722,36.072478,-119.81553
California,LAKE,Lake County Sheriff's Office,CA0170000,1874,637,1237,2255,739,1516,110,35,75,1,0,1,38,1,37,36,17,19,2151,231,1920,65,13,52,2302,302,2000,193,42,151,4518,546,3972,39.094802,-122.746757
California,LAKE,Lakeport Police Department,CA0170100,263,97,166,369,128,241,4,1,3,0,0,0,2,0,2,0,0,0,323,50,273,163,24,139,1083,199,884,28,3,25,1569,273,1296,39.047752,-122.91607
California,LAKE,Clearlake Police Department,CA0170200,854,267,587,1274,366,908,113,32,81,0,0,0,5,1,4,14,1,13,1469,245,1224,832,119,713,2020,338,1682,123,21,102,4321,702,3619,39.094802,-122.746757
California,LAKE,Highway Patrol: Lake County,CA0179900,16,7,9,18,7,11,0,0,0,0,0,0,0,0,0,1,0,1,7,1,6,1036,77,959,214,5,209,0,0,0,1257,83,1174,38.972343,-122.83283
California,LASSEN,Lassen County Sheriff's Office,CA0180000,628,267,361,728,300,428,33,14,19,0,0,0,14,3,11,6,3,3,755,82,673,27,2,25,799,122,677,64,20,44,1581,206,1375,40.425034,-120.64766
California,LASSEN,Susanville Police Department,CA0180100,1957,892,1065,2166,985,1181,55,22,33,0,0,0,4,2,2,5,3,2,836,371,465,183,75,108,2283,987,1296,79,35,44,3302,1433,1869,40.415127,-120.64738
California,LASSEN,Union Pacific Railroad: Lassen County,CA018030X,0,0,0,0,0,0,0,0,0,0,0,0,0,0,0,0,0,0,0,0,0,0,0,0,6,0,6,0,0,0,6,0,6,37.798763,-122.24971
California,LASSEN,Highway Patrol: Lassen County,CA0189900,3,1,2,3,1,2,0,0,0,0,0,0,0,0,0,0,0,0,1,0,1,174,1,173,43,0,43,0,0,0,218,1,217,40.378185,-120.59017
California,LOS ANGELES,Los Angeles County Sheriff's Office,CA0190000,47067,18775,28292,64638,23882,40756,2017,339,1678,0,0,0,0,0,0,802,211,591,25640,2898,22742,33018,2710,30308,67638,5977,61661,3684,1593,2091,126296,11585,114711,34.196398,-118.261862
California,LOS ANGELES,Alhambra Police Department,CA0190100,1002,389,613,1959,618,1341,68,6,62,1,0,1,17,1,16,23,8,15,2576,204,2372,2168,126,2042,11516,1032,10484,148,49,99,16260,1362,14898,34.092934,-118.12671
California,LOS ANGELES,Arcadia Police Department,CA0190200,575,198,377,1067,298,769,55,13,42,0,0,0,22,4,18,13,5,8,3200,213,2987,730,59,671,8867,1171,7696,88,19,69,12797,1443,11354,34.138,-118.03953
California,LOS ANGELES,Artesia Police Department,CA0190300,518,165,353,793,225,568,12,2,10,0,0,0,0,0,0,12,1,11,913,51,862,498,28,470,1653,97,1556,27,9,18,3064,176,2888,34.06067,-118.167885
California,LOS ANGELES,Avalon Police Department,CA0190400,134,66,68,165,82,83,0,0,0,0,0,0,0,0,0,0,0,0,84,24,60,57,18,39,281,49,232,28,14,14,422,91,331,34.06067,-118.167885
California,LOS ANGELES,Azusa Police Department,CA0190500,986,327,659,1579,454,1125,80,14,66,0,0,0,0,0,0,21,4,17,1608,132,1476,1405,90,1315,5372,562,4810,142,35,107,8385,784,7601,34.13403,-117.90616
California,LOS ANGELES,Baldwin Park Police Department,CA0190600,2058,664,1394,2980,874,2106,82,23,59,0,0,0,27,6,21,36,11,25,1942,135,1807,2504,137,2367,6010,715,5295,254,63,191,10456,987,9469,34.085308,-117.96031
California,LOS ANGELES,Bell Police Department,CA0190700,1467,517,950,2165,746,1419,5,2,3,0,0,0,4,1,3,17,3,14,1385,336,1049,1299,435,864,2725,579,2146,144,51,93,5409,1350,4059,33.979942,-118.18879
California,LOS ANGELES,Bellflower Police Department,CA0190800,2554,1093,1461,4083,1500,2583,97,21,76,0,0,0,0,0,0,32,10,22,2815,245,2570,3700,281,3419,7120,421,6699,301,121,180,13635,947,12688,34.06067,-118.167885
California,LOS ANGELES,Bell Gardens Police Department,CA0190900,748,243,505,1309,357,952,55,14,41,0,0,0,1,0,1,17,3,14,684,104,580,2035,187,1848,2584,242,2342,52,9,43,5303,533,4770,33.967304,-118.15043
California,LOS ANGELES,El Camino College,CA0190C00,11,4,7,28,8,20,3,1,2,0,0,0,0,0,0,0,0,0,31,2,29,37,6,31,405,18,387,0,0,0,473,26,447,33.8855,-118.32652
California,LOS ANGELES,La Habra Heights Police Department,CA0190D0X,30,16,14,48,22,26,5,2,3,0,0,0,0,0,0,0,0,0,190,11,179,38,5,33,312,8,304,11,5,6,540,24,516,34.06067,-118.167885
California,LOS ANGELES,Union Pacific Railroad: Los Angeles County,CA0190I00,8,0,8,8,0,8,11,2,9,0,0,0,0,0,0,0,0,0,5241,60,5181,0,0,0,2195,53,2142,0,0,0,7436,113,7323,37.798763,-122.24971
California,LOS ANGELES,Los Angeles County Metropolitan Transportation Authority,CA0190K00,33,11,22,42,14,28,2,0,2,0,0,0,0,0,0,0,0,0,7,3,4,1,0,1,141,18,123,1,0,1,149,21,128,34.196398,-118.261862
California,LOS ANGELES,Pasadena Community College,CA0190R00,8,0,8,13,1,12,2,0,2,0,0,0,0,0,0,0,0,0,22,2,20,25,6,19,448,5,443,0,0,0,495,13,482,34.196398,-118.261862
California,LOS ANGELES,Westlake Village Police Department,CA0190X0X,72,32,40,137,57,80,6,2,4,0,0,0,0,0,0,2,1,1,339,67,272,62,11,51,1190,244,946,26,13,13,1591,322,1269,34.06067,-118.167885
California,LOS ANGELES,Beverly Hills Police Department,CA0191000,594,204,390,1112,315,797,68,18,50,0,0,0,3,0,3,2,0,2,2391,255,2136,589,31,558,8324,682,7642,74,7,67,11304,968,10336,34.073654,-118.40051
California,LOS ANGELES,Bradbury Police Department,CA0191100,6,3,3,9,4,5,0,0,0,0,0,0,0,0,0,0,0,0,34,0,34,6,2,4,24,0,24,0,0,0,64,2,62,34.06067,-118.167885
California,LOS ANGELES,Burbank Police Department,CA0191200,1666,684,982,2529,973,1556,143,35,108,0,0,0,20,3,17,7,3,4,2564,338,2226,2001,216,1785,18706,3386,15320,157,40,117,23271,3940,19331,34.196398,-118.261862
California,LOS ANGELES,Claremont Police Department,CA0191300,370,125,245,690,221,469,49,13,36,0,0,0,4,0,4,11,5,6,1892,221,1671,480,45,435,4413,390,4023,84,23,61,6785,656,6129,34.0965,-117.72234
California,LOS ANGELES,Commerce Police Department,CA0191400,841,325,516,1376,462,914,81,10,71,0,0,0,0,0,0,22,7,15,1073,87,986,2503,102,2401,5523,564,4959,83,34,49,9099,753,8346,34.06067,-118.167885
California,LOS ANGELES,Compton Police Department,CA0191500,7272,2522,4750,11258,3529,7729,373,24,349,0,0,0,0,0,0,179,33,146,2807,332,2475,6184,432,5752,9866,969,8897,479,214,265,18857,1733,17124,34.196398,-118.261862
California,LOS ANGELES,Covina Police Department,CA0191600,1077,391,686,1784,565,1219,81,9,72,0,0,0,19,7,12,29,14,15,2517,251,2266,1319,93,1226,6103,655,5448,171,31,140,9939,999,8940,34.08973,-117.890114
California,LOS ANGELES,Cudahy Police Department,CA0191700,663,254,409,986,331,655,34,5,29,0,0,0,0,0,0,18,5,13,360,44,316,639,48,591,977,134,843,63,25,38,1976,226,1750,33.98755,-118.189354
California,LOS ANGELES,Culver City Police Department,CA0191800,1209,451,758,2498,864,1634,47,13,34,0,0,0,27,3,24,0,0,0,2475,433,2042,1399,182,1217,14968,3746,11222,63,12,51,18842,4361,14481,34.0207,-118.39563
California,LOS ANGELES,Cerritos Police Department,CA0191900,658,284,374,1350,493,857,22,3,19,0,0,0,0,0,0,5,2,3,2724,159,2565,1434,81,1353,10915,1776,9139,100,38,62,15073,2016,13057,34.06067,-118.167885
California,LOS ANGELES,Agoura Hills Police Department,CA0191F00,156,66,90,251,102,149,12,2,10,0,0,0,0,0,0,3,1,2,539,62,477,180,31,149,1512,219,1293,37,16,21,2231,312,1919,34.06067,-118.167885
California,LOS ANGELES,West Hollywood Police Department,CA0191H0X,1544,609,935,2972,1039,1933,104,26,78,0,0,0,0,0,0,15,7,8,2059,317,1742,885,54,831,10939,1346,9593,304,117,187,13883,1717,12166,34.083508,-118.38372
California,LOS ANGELES,Baldwin Park Unified School District,CA0191N00,22,10,12,22,10,12,0,0,0,0,0,0,0,0,0,0,0,0,17,1,16,4,2,2,23,1,22,0,0,0,44,4,40,,
California,LOS ANGELES,Santa Clarita Police Department,CA0191R0X,2124,895,1229,3743,1489,2254,152,37,115,0,0,0,0,0,0,38,17,21,4215,541,3674,2583,299,2284,13878,1907,11971,513,220,293,20676,2747,17929,34.06067,-118.167885
California,LOS ANGELES,Diamond Bar Police Department,CA0191W0X,426,183,243,739,274,465,32,10,22,0,0,0,0,0,0,9,3,6,2283,124,2159,556,26,530,3899,204,3695,84,40,44,6738,354,6384,34.06067,-118.167885
California,LOS ANGELES,Downey Police Department,CA0192000,1606,373,1233,3310,697,2613,122,19,103,0,0,0,0,0,0,50,18,32,3133,192,2941,5569,386,5183,13119,1622,11497,175,7,168,21821,2200,19621,34.196398,-118.261862
California,LOS ANGELES,Duarte Police Department,CA0192100,545,238,307,749,306,443,14,4,10,0,0,0,0,0,0,6,2,4,460,35,425,449,18,431,1944,281,1663,37,16,21,2853,334,2519,34.06067,-118.167885
California,LOS ANGELES,El Monte Police Department,CA0192200,2193,590,1603,3990,933,3057,187,28,159,1,0,1,56,12,44,56,12,44,4024,247,3777,4701,238,4463,9192,383,8809,328,59,269,17917,868,17049,34.196398,-118.261862
California,LOS ANGELES,El Segundo Police Department,CA0192300,530,189,341,890,279,611,21,2,19,1,0,1,12,1,11,3,0,3,1729,159,1570,944,166,778,3699,301,3398,60,12,48,6372,626,5746,33.919888,-118.41592
California,LOS ANGELES,Gardena Police Department,CA0192400,1997,623,1374,3662,961,2701,68,12,56,1,0,1,30,1,29,61,24,37,2307,225,2082,3734,296,3438,7267,895,6372,189,39,150,13308,1416,11892,34.196398,-118.261862
California,LOS ANGELES,Glendale Police Department,CA0192500,1201,433,768,2400,782,1618,134,43,91,0,0,0,2,0,2,33,15,18,3865,414,3451,2512,104,2408,21539,4261,17278,193,34,159,27916,4779,23137,34.14695,-118.24886
California,LOS ANGELES,Glendora Police Department,CA0192600,844,365,479,1273,503,770,54,10,44,0,0,0,16,4,12,1,0,1,1696,233,1463,853,229,624,9635,2110,7525,155,55,100,12184,2572,9612,34.135105,-117.86546
California,LOS ANGELES,Hawaiian Gardens Police Department,CA0192700,572,232,340,854,321,533,12,2,10,0,0,0,0,0,0,14,6,8,520,49,471,511,47,464,1088,80,1008,41,18,23,2119,176,1943,34.196398,-118.261862
California,LOS ANGELES,Hawthorne Police Department,CA0192800,3742,1172,2570,6049,1617,4432,78,15,63,0,0,0,37,6,31,49,17,32,2671,284,2387,3636,209,3427,9562,1494,8068,293,44,249,15869,1987,13882,33.919025,-118.35244
California,LOS ANGELES,Hermosa Beach Police Department,CA0192900,328,102,226,483,129,354,24,7,17,0,0,0,16,2,14,1,0,1,954,80,874,381,40,341,3130,192,2938,53,3,50,4465,312,4153,34.196398,-118.261862
California,LOS ANGELES,Calabasas Police Department,CA0192H0X,152,65,87,342,149,193,15,3,12,0,0,0,0,0,0,1,0,1,548,53,495,196,37,159,1860,316,1544,93,49,44,2604,406,2198,34.06067,-118.167885
California,LOS ANGELES,Malibu Police Department,CA0192J0X,276,119,157,480,199,281,23,5,18,0,0,0,0,0,0,2,0,2,671,117,554,208,32,176,2259,290,1969,92,37,55,3138,439,2699,34.06067,-118.167885
California,LOS ANGELES,Los Angeles Transportation Services Bureau,CA0192U0X,2112,813,1299,4049,1302,2747,32,8,24,0,0,0,0,0,0,17,7,10,66,11,55,487,94,393,3153,330,2823,55,19,36,3706,435,3271,34.06067,-118.167885
California,LOS ANGELES,Hidden Hills Police Department,CA0193000,8,4,4,13,7,6,0,0,0,0,0,0,0,0,0,0,0,0,46,9,37,10,3,7,54,7,47,4,2,2,110,19,91,34.06067,-118.167885
California,LOS ANGELES,Huntington Park Police Department,CA0193100,1867,580,1287,3984,984,3000,142,21,121,0,0,0,0,0,0,25,5,20,1953,194,1759,4800,113,4687,7447,955,6492,285,66,219,14200,1262,12938,33.979866,-118.219055
California,LOS ANGELES,Industry Police Department,CA0193200,412,174,238,881,348,533,46,9,37,0,0,0,0,0,0,6,2,4,1403,132,1271,1225,90,1135,6386,1256,5130,46,22,24,9014,1478,7536,34.06067,-118.167885
California,LOS ANGELES,Inglewood Police Department,CA0193300,2921,623,2298,6164,1057,5107,137,17,120,0,0,0,0,0,0,118,34,84,3014,155,2859,5768,187,5581,10620,689,9931,414,69,345,19402,1031,18371,34.196398,-118.261862
California,LOS ANGELES,Irwindale Police Department,CA0193400,170,51,119,246,68,178,23,5,18,0,0,0,0,0,0,5,0,5,529,37,492,308,27,281,1035,44,991,4,0,4,1872,108,1764,34.10423,-117.934135
California,LOS ANGELES,Lakewood Police Department,CA0193500,1633,671,962,2934,1074,1860,54,11,43,0,0,0,0,0,0,18,7,11,2476,265,2211,2117,136,1981,12121,1925,10196,193,80,113,16714,2326,14388,34.06067,-118.167885
California,LOS ANGELES,La Mirada Police Department,CA0193600,649,280,369,1040,429,611,20,5,15,0,0,0,0,0,0,8,3,5,1096,109,987,936,65,871,4273,399,3874,96,46,50,6305,573,5732,34.196398,-118.261862
California,LOS ANGELES,La Puente Police Department,CA0193700,1001,418,583,1570,619,951,29,6,23,0,0,0,0,0,0,11,2,9,749,90,659,1076,115,961,1842,206,1636,130,61,69,3667,411,3256,34.06067,-118.167885
California,LOS ANGELES,La Verne Police Department,CA0193800,431,165,266,738,251,487,40,6,34,0,0,0,13,3,10,2,1,1,1162,124,1038,545,123,422,5134,997,4137,136,32,104,6841,1244,5597,34.196398,-118.261862
California,LOS ANGELES,Lawndale Police Department,CA0193900,1123,422,701,1682,573,1109,23,4,19,0,0,0,0,0,0,12,4,8,642,78,564,1035,69,966,1825,137,1688,88,35,53,3502,284,3218,34.06067,-118.167885
California,LOS ANGELES,Lomita Police Department,CA0194000,588,259,329,860,364,496,14,5,9,0,0,0,0,0,0,10,3,7,571,105,466,420,37,383,1699,182,1517,56,27,29,2690,324,2366,34.06067,-118.167885
California,LOS ANGELES,Long Beach Police Department,CA0194100,16211,5553,10658,27172,8007,19165,1301,297,1004,1,0,1,37,2,35,369,142,227,19939,1888,18051,21263,2359,18904,55674,3914,51760,2061,575,1486,96876,8161,88715,34.196398,-118.261862
California,LOS ANGELES,Los Angeles Police Department,CA0194200,176102,56616,119486,291266,86606,204660,12790,803,11987,0,0,0,0,0,0,3597,1487,2110,120367,13135,107232,145583,12027,133556,468121,28563,439558,24063,8188,15875,734071,53725,680346,34.196398,-118.261862
California,LOS ANGELES,Lynwood Police Department,CA0194300,2645,969,1676,4684,1508,3176,131,16,115,0,0,0,0,0,0,58,14,44,1708,215,1493,4931,333,4598,5052,347,4705,257,111,146,11691,895,10796,34.06067,-118.167885
California,LOS ANGELES,Manhattan Beach Police Department,CA0194400,251,99,152,631,214,417,22,5,17,0,0,0,4,0,4,1,0,1,1245,138,1107,497,41,456,5792,1029,4763,67,9,58,7534,1208,6326,33.887936,-118.41001
California,LOS ANGELES,Maywood Police Department,CA0194500,703,258,445,1115,376,739,30,4,26,0,0,0,0,0,0,20,6,14,559,65,494,1018,42,976,1215,86,1129,86,36,50,2792,193,2599,33.987534,-118.18923
California,LOS ANGELES,Monrovia Police Department,CA0194600,473,175,298,825,269,556,62,18,44,0,0,0,12,3,9,15,4,11,1016,101,915,768,55,713,6147,1024,5123,80,18,62,7931,1180,6751,34.148067,-118.00008
California,LOS ANGELES,Montebello Police Department,CA0194700,1280,508,772,2237,760,1477,422,22,400,0,0,0,0,0,0,24,9,15,3774,239,3535,3630,191,3439,4864,638,4226,121,50,71,12268,1068,11200,34.019287,-118.11615
California,LOS ANGELES,Monterey Park Police Department,CA0194800,653,271,382,1287,424,863,39,11,28,0,0,0,5,2,3,8,4,4,2569,212,2357,1783,190,1593,6686,569,6117,81,28,53,11038,971,10067,34.05978,-118.12597
California,LOS ANGELES,Norwalk Police Department,CA0194900,2978,1133,1845,4602,1649,2953,114,22,92,0,0,0,0,0,0,61,19,42,2761,303,2458,3229,246,2983,8572,1056,7516,267,114,153,14562,1605,12957,34.06067,-118.167885
California,LOS ANGELES,Palmdale Police Department,CA0195000,5698,2362,3336,8376,3271,5105,245,54,191,0,0,0,0,0,0,87,28,59,4684,792,3892,3924,535,3389,12715,2299,10416,564,251,313,21323,3626,17697,34.06067,-118.167885
California,LOS ANGELES,Palos Verdes Estates Police Department,CA0195100,26,10,16,52,15,37,7,2,5,0,0,0,2,0,2,0,0,0,390,50,340,84,22,62,596,39,557,8,2,6,1070,111,959,34.196398,-118.261862
California,LOS ANGELES,Paramount Police Department,CA0195200,1967,829,1138,3389,1221,2168,78,16,62,0,0,0,0,0,0,29,5,24,1713,203,1510,3026,194,2832,6891,796,6095,187,79,108,11630,1193,10437,34.06067,-118.167885
California,LOS ANGELES,Pasadena Police Department,CA0195300,3651,1505,2146,5850,2286,3564,361,89,272,0,0,0,13,1,12,69,30,39,5662,796,4866,2500,242,2258,17206,2381,14825,471,145,326,25368,3419,21949,34.149437,-118.1443
California,LOS ANGELES,Pico Rivera Police Department,CA0195400,1651,700,951,2622,1039,1583,65,9,56,0,0,0,0,0,0,32,11,21,1915,180,1735,2722,186,2536,5846,813,5033,202,91,111,10483,1179,9304,34.06067,-118.167885
California,LOS ANGELES,Pomona Police Department,CA0195500,4243,1200,3043,7754,1885,5869,192,4,188,3,0,3,18,2,16,152,55,97,5769,354,5415,8089,443,7646,19730,1067,18663,698,117,581,33588,1864,31724,34.05499,-117.75431
California,LOS ANGELES,Redondo Beach Police Department,CA0195600,1248,471,777,1989,688,1301,27,4,23,0,0,0,4,0,4,13,5,8,2474,240,2234,1177,63,1114,8922,1396,7526,105,17,88,12573,1699,10874,33.844234,-118.38821
California,LOS ANGELES,Rolling Hills Police Department,CA0195700,4,2,2,4,2,2,2,1,1,0,0,0,0,0,0,0,0,0,54,27,27,0,0,0,30,0,30,0,0,0,84,27,57,34.06067,-118.167885
California,LOS ANGELES,Rolling Hills Estates Police Department,CA0195800,68,32,36,127,57,70,6,0,6,0,0,0,0,0,0,1,0,1,332,66,266,47,4,43,639,72,567,17,9,8,1018,142,876,34.06067,-118.167885
California,LOS ANGELES,Rosemead Police Department,CA0195900,1165,498,667,2009,738,1271,60,16,44,0,0,0,0,0,0,13,6,7,2047,118,1929,1878,91,1787,5414,760,4654,141,57,84,9339,969,8370,34.06067,-118.167885
California,LOS ANGELES,San Dimas Police Department,CA0196000,599,271,328,982,419,563,29,7,22,0,0,0,0,0,0,5,2,3,1080,105,975,558,34,524,4341,541,3800,137,60,77,5979,680,5299,34.06067,-118.167885
California,LOS ANGELES,San Fernando Police Department,CA0196100,657,218,439,990,283,707,21,6,15,0,0,0,0,0,0,10,3,7,565,51,514,723,30,693,1564,226,1338,40,8,32,2852,307,2545,34.283566,-118.43928
California,LOS ANGELES,San Gabriel Police Department,CA0196200,544,217,327,883,273,610,39,10,29,0,0,0,0,0,0,3,1,2,1123,82,1041,429,59,370,2618,142,2476,41,9,32,4170,283,3887,34.196398,-118.261862
California,LOS ANGELES,San Marino Police Department,CA0196300,89,28,61,127,35,92,8,2,6,0,0,0,0,0,0,0,0,0,676,73,603,73,17,56,945,41,904,6,1,5,1694,131,1563,34.121788,-118.106316
California,LOS ANGELES,Santa Fe Springs Police Department,CA0196400,668,278,390,1164,437,727,58,17,41,0,0,0,3,0,3,21,9,12,1391,128,1263,1572,116,1456,5900,739,5161,71,27,44,8863,983,7880,33.974472,-118.03265
California,LOS ANGELES,Santa Monica Police Department,CA0196500,4058,1525,2533,6735,2343,4392,297,65,232,0,0,0,0,0,0,37,17,20,5625,859,4766,2583,423,2160,23574,1648,21926,453,136,317,31782,2930,28852,34.01294,-118.49036
California,LOS ANGELES,Sierra Madre Police Department,CA0196600,96,24,72,117,27,90,7,2,5,0,0,0,0,0,0,0,0,0,257,7,250,46,2,44,411,8,403,6,0,6,714,17,697,34.161842,-118.05774
California,LOS ANGELES,Signal Hill Police Department,CA0196700,453,153,300,781,233,548,26,1,25,0,0,0,0,0,0,3,1,2,781,66,715,905,40,865,4332,718,3614,44,7,37,6018,824,5194,33.7971,-118.16873
California,LOS ANGELES,South El Monte Police Department,CA0196800,963,432,531,1415,588,827,51,13,38,0,0,0,0,0,0,20,7,13,1292,72,1220,1180,65,1115,2284,150,2134,86,38,48,4756,287,4469,34.06067,-118.167885
California,LOS ANGELES,South Gate Police Department,CA0196900,3590,945,2645,5498,1217,4281,115,6,109,0,0,0,0,0,0,34,8,26,3294,366,2928,6279,140,6139,12960,1176,11784,214,21,193,22533,1682,20851,33.95646,-118.20569
California,LOS ANGELES,South Pasadena Police Department,CA0197000,128,41,87,286,78,208,16,3,13,0,0,0,2,0,2,3,1,2,924,94,830,419,16,403,3213,374,2839,23,0,23,4556,484,4072,34.11581,-118.1524
California,LOS ANGELES,Temple City Police Department,CA0197100,413,182,231,671,255,416,12,2,10,0,0,0,0,0,0,14,6,8,1326,63,1263,296,18,278,1875,168,1707,68,31,37,3497,249,3248,34.06067,-118.167885
California,LOS ANGELES,Torrance Police Department,CA0197200,1442,539,903,2916,960,1956,97,29,68,0,0,0,33,5,28,30,17,13,4031,743,3288,3567,515,3052,18187,2727,15460,307,69,238,25785,3985,21800,33.84033,-118.34455
California,LOS ANGELES,Vernon Police Department,CA0197300,162,48,114,324,72,252,32,3,29,0,0,0,4,1,3,4,1,3,815,123,692,1068,69,999,2315,177,2138,12,2,10,4198,369,3829,34.196398,-118.261862
California,LOS ANGELES,Walnut Police Department,CA0197400,229,105,124,394,162,232,15,2,13,0,0,0,0,0,0,9,4,5,1359,70,1289,231,13,218,1575,129,1446,51,24,27,3165,212,2953,34.06067,-118.167885
California,LOS ANGELES,West Covina Police Department,CA0197500,1744,592,1152,3244,985,2259,99,16,83,2,1,1,45,2,43,36,15,21,3307,262,3045,3375,159,3216,15118,1733,13385,265,76,189,21800,2154,19646,34.072132,-117.93709
California,LOS ANGELES,Whittier Police Department,CA0197600,1509,636,873,2730,1038,1692,67,18,49,0,0,0,6,1,5,33,15,18,2606,282,2324,2773,394,2379,11783,1530,10253,227,86,141,17162,2206,14956,33.974472,-118.03265
California,LOS ANGELES,Carson Police Department,CA0197700,3304,1291,2013,4858,1738,3120,142,26,116,0,0,0,0,0,0,65,15,50,3017,332,2685,3924,282,3642,10484,1447,9037,236,98,138,17425,2061,15364,34.06067,-118.167885
California,LOS ANGELES,California State Polytechnic University: Pomona,CA0197800,15,3,12,48,7,41,3,1,2,0,0,0,1,0,1,1,0,1,125,12,113,110,8,102,956,54,902,21,2,19,1191,74,1117,34.04983,-117.81568
California,LOS ANGELES,Rancho Palos Verdes Police Department,CA0198000,310,133,177,440,183,257,6,0,6,0,0,0,0,0,0,4,1,3,1032,175,857,234,24,210,1943,152,1791,64,31,33,3209,351,2858,34.06067,-118.167885
California,LOS ANGELES,California State University: Dominguez Hills,CA0198100,20,5,15,40,7,33,2,0,2,0,0,0,0,0,0,0,0,0,53,6,47,17,3,14,228,16,212,11,1,10,298,25,273,33.867218,-118.25527
California,LOS ANGELES,California State University: Long Beach,CA0198200,30,12,18,69,24,45,2,0,2,0,0,0,0,0,0,0,0,0,63,3,60,108,9,99,855,52,803,21,7,14,1026,64,962,33.783516,-118.10802
California,LOS ANGELES,California State University: Los Angeles,CA0198300,35,12,23,62,16,46,1,0,1,0,0,0,0,0,0,0,0,0,70,9,61,68,3,65,665,20,645,19,3,16,803,32,771,34.06248,-118.16909
California,LOS ANGELES,California State University: Northridge,CA0198400,30,8,22,84,16,68,8,2,6,0,0,0,3,0,3,0,0,0,68,6,62,79,9,70,1420,52,1368,40,7,33,1567,67,1500,34.235504,-118.52776
California,LOS ANGELES,La Canada Flintridge Police Department,CA019900X,108,48,60,191,76,115,6,0,6,0,0,0,0,0,0,2,1,1,750,66,684,108,12,96,1492,123,1369,31,14,17,2350,201,2149,34.06067,-118.167885
California,LOS ANGELES,Lancaster Police Department,CA019960X,9497,3916,5581,14074,5544,8530,446,111,335,0,0,0,0,0,0,113,41,72,7816,1307,6509,5737,789,4948,14262,2112,12150,1077,467,610,27815,4208,23607,34.06067,-118.167885
California,LOS ANGELES,University of California: Los Angeles,CA0199700,485,161,324,769,224,545,47,19,28,0,0,0,7,0,7,0,0,0,1170,190,980,295,20,275,4292,413,3879,165,23,142,5757,623,5134,34.068478,-118.44505
California,LOS ANGELES,Highway Patrol: Los Angeles County,CA0199900,435,169,266,453,172,281,0,0,0,0,0,0,0,0,0,2,0,2,50,3,47,3736,200,3536,761,28,733,1,0,1,4547,231,4316,34.079033,-118.29289
California,LOS ANGELES,Metropolitan State Hospital,CA019A900,7540,3277,4263,7631,3311,4320,3,1,2,0,0,0,7,0,7,0,0,0,9,3,6,0,0,0,28,11,17,89,33,56,37,14,23,,
California,MADERA,Madera County Sheriff's Office,CA0200000,3422,693,2729,3967,752,3215,68,13,55,1,0,1,119,13,106,30,7,23,2962,78,2884,274,37,237,5330,87,5243,303,27,276,8566,202,8364,36.953354,-120.03757
California,MADERA,Chowchilla Police Department,CA0200100,563,168,395,643,185,458,63,12,51,0,0,0,7,0,7,7,3,4,646,22,624,482,54,428,1170,35,1135,22,3,19,2298,111,2187,37.122593,-120.25846
California,MADERA,Madera Police Department,CA0200200,3161,1088,2073,4330,1350,2980,137,29,108,2,1,1,59,7,52,45,19,26,2404,316,2088,2435,255,2180,7742,640,7102,331,70,261,12581,1211,11370,37.210039,-119.749852
California,MADERA,Union Pacific Railroad: Madera County,CA020040X,0,0,0,0,0,0,0,0,0,0,0,0,0,0,0,0,0,0,1,0,1,0,0,0,1,0,1,0,0,0,2,0,2,37.79885,-122.30563
California,MADERA,Highway Patrol: Madera County,CA0209900,1,0,1,2,0,2,0,0,0,0,0,0,0,0,0,0,0,0,10,0,10,882,11,871,258,5,253,0,0,0,1150,16,1134,36.993893,-120.10618
California,MARIN,Marin County Sheriff's Office,CA0210000,689,275,414,903,328,575,19,3,16,0,0,0,0,0,0,19,6,13,1118,84,1034,50,13,37,4070,234,3836,66,16,50,5238,331,4907,38.001637,-122.53674
California,MARIN,Belvedere Police Department,CA0210100,2,0,2,2,0,2,0,0,0,0,0,0,0,0,0,0,0,0,18,0,18,4,0,4,102,0,102,0,0,0,124,0,124,37.874096,-122.46572
California,MARIN,Fairfax Police Department,CA0210300,70,27,43,104,35,69,3,0,3,0,0,0,2,0,2,0,0,0,118,21,97,51,11,40,598,48,550,22,3,19,767,80,687,37.98493,-122.59092
California,MARIN,Mill Valley Police Department,CA0210500,57,17,40,92,26,66,5,0,5,0,0,0,0,0,0,0,0,0,315,19,296,95,4,91,1206,52,1154,5,2,3,1616,75,1541,37.90565,-122.57148
California,MARIN,Novato Police Department,CA0210600,1063,395,668,1369,482,887,94,24,70,0,0,0,14,5,9,13,7,6,1060,106,954,925,53,872,5026,417,4609,82,21,61,7011,576,6435,38.106064,-122.56927
California,MARIN,Ross Police Department,CA0210700,4,0,4,7,0,7,0,0,0,0,0,0,0,0,0,0,0,0,57,7,50,7,0,7,146,5,141,2,0,2,210,12,198,38.051817,-122.745974
California,MARIN,San Rafael Police Department,CA0210900,1325,423,902,2370,630,1740,173,52,121,0,0,0,43,8,35,4,1,3,2053,228,1825,2672,104,2568,9133,1021,8112,252,46,206,13858,1353,12505,38.051817,-122.745974
California,MARIN,Sausalito Police Department,CA0211000,80,28,52,93,32,61,8,3,5,0,0,0,0,0,0,1,0,1,194,14,180,96,2,94,1410,57,1353,1,0,1,1700,73,1627,37.858112,-122.484436
California,MARIN,Tiburon Police Department,CA0211100,34,12,22,46,15,31,4,2,2,0,0,0,0,0,0,0,0,0,116,12,104,16,1,15,472,30,442,6,2,4,604,43,561,37.880222,-122.46468
California,MARIN,Union Pacific Railroad: Marin County,CA021120X,0,0,0,0,0,0,0,0,0,0,0,0,0,0,0,0,0,0,0,0,0,0,0,0,0,0,0,0,0,0,0,0,0,37.798763,-122.24971
California,MARIN,Marin Community College,CA0211300,16,5,11,21,7,14,1,0,1,0,0,0,0,0,0,2,1,1,6,0,6,0,0,0,118,7,111,3,1,2,124,7,117,38.051817,-122.745974
California,MARIN,Central Marin Police Department,CA0211700,233,87,146,416,129,287,9,4,5,0,0,0,8,1,7,2,1,1,1821,180,1641,430,67,363,4067,499,3568,63,13,50,6318,746,5572,,
California,MARIN,Highway Patrol: Marin County,CA0219900,10,4,6,10,4,6,0,0,0,0,0,0,0,0,0,0,0,0,5,0,5,301,8,293,578,1,577,0,0,0,884,9,875,37.924305,-122.510826
California,MARIPOSA,Mariposa County Sheriff's Office,CA0220000,879,351,528,995,372,623,3,0,3,0,0,0,12,0,12,7,1,6,504,61,443,40,16,24,1410,180,1230,93,16,77,1954,257,1697,37.570033,-119.91286
California,MARIPOSA,Highway Patrol: Mariposa County,CA0229900,1,0,1,1,0,1,0,0,0,0,0,0,0,0,0,0,0,0,0,0,0,63,1,62,47,2,45,0,0,0,110,3,107,37.570033,-119.91286
California,MENDOCINO,Mendocino County Sheriff's Office,CA0230000,1776,603,1173,2200,687,1513,100,24,76,0,0,0,0,0,0,44,16,28,1369,151,1218,55,15,40,1674,107,1567,223,25,198,3098,273,2825,39.432388,-123.442881
California,MENDOCINO,Fort Bragg Police Department,CA0230100,342,132,210,469,173,296,27,5,22,0,0,0,13,2,11,3,1,2,407,69,338,148,32,116,2483,649,1834,54,15,39,3038,750,2288,39.432667,-123.80412
California,MENDOCINO,Ukiah Police Department,CA0230300,1123,500,623,1450,600,850,177,40,137,0,0,0,6,0,6,9,4,5,907,240,667,459,140,319,2160,782,1378,108,22,86,3526,1162,2364,39.432388,-123.442881
California,MENDOCINO,Willits Police Department,CA0230400,355,137,218,431,162,269,12,3,9,0,0,0,0,0,0,0,0,0,133,24,109,147,27,120,261,51,210,33,8,25,541,102,439,39.41243,-123.35326
California,MENDOCINO,Union Pacific Railroad: Mendocino County,CA0230900,0,0,0,0,0,0,0,0,0,0,0,0,0,0,0,0,0,0,0,0,0,0,0,0,0,0,0,0,0,0,0,0,0,39.432388,-123.442881
California,MENDOCINO,Highway Patrol: Mendocino County,CA0239900,6,2,4,14,2,12,0,0,0,0,0,0,0,0,0,7,0,7,3,0,3,653,9,644,194,1,193,0,0,0,850,10,840,39.432388,-123.442881
California,MERCED,Merced County Sheriff's Office,CA0240000,4613,1524,3089,5216,1667,3549,116,25,91,0,0,0,27,3,24,87,36,51,3559,177,3382,823,100,723,6610,195,6415,189,32,157,10992,472,10520,37.307518,-120.48352
California,MERCED,Atwater Police Department,CA0240100,1886,752,1134,2253,857,1396,108,16,92,0,0,0,15,1,14,25,9,16,1173,104,1069,1195,123,1072,5329,779,4550,78,19,59,7697,1006,6691,37.36044,-120.600685
California,MERCED,Dos Palos Police Department,CA0240200,520,172,348,569,185,384,20,0,20,0,0,0,1,0,1,6,3,3,376,44,332,183,6,177,553,35,518,19,1,18,1112,85,1027,36.98548,-120.62781
California,MERCED,Gustine Police Department,CA0240300,289,112,177,323,119,204,22,6,16,0,0,0,2,1,1,1,0,1,233,34,199,184,41,143,479,62,417,12,1,11,896,137,759,37.194806,-120.722802
California,MERCED,Livingston Police Department,CA0240400,502,196,306,668,246,422,31,9,22,0,0,0,3,0,3,6,1,5,651,95,556,453,56,397,1451,148,1303,26,7,19,2555,299,2256,37.385117,-120.72305
California,MERCED,Los Banos Police Department,CA0240500,1169,435,734,1677,592,1085,84,24,60,1,0,1,6,0,6,30,13,17,1968,273,1695,1497,261,1236,5566,897,4669,110,36,74,9031,1431,7600,37.061142,-120.849655
California,MERCED,Merced Police Department,CA0240600,4514,1577,2937,6165,1935,4230,732,111,621,2,1,1,89,18,71,60,21,39,3464,292,3172,3784,344,3440,11892,1264,10628,351,46,305,19140,1900,17240,37.307243,-120.48267
California,MERCED,Union Pacific Railroad: Merced County,CA024080X,0,0,0,0,0,0,0,0,0,0,0,0,0,0,0,0,0,0,1,0,1,0,0,0,4,0,4,0,0,0,5,0,5,37.798763,-122.24971
California,MERCED,Department of Parks and Recreation: Four Rivers District,CA0241000,2,0,2,3,0,3,0,0,0,0,0,0,0,0,0,0,0,0,3,0,3,0,0,0,4,0,4,0,0,0,7,0,7,37.065716,-121.07188
California,MERCED,University of California: Merced,CA0241200,30,12,18,45,16,29,4,0,4,0,0,0,0,0,0,0,0,0,37,2,35,13,0,13,321,22,299,14,3,11,371,24,347,37.365295,-120.43214
California,MERCED,Highway Patrol: Merced County,CA0249900,2,1,1,2,1,1,0,0,0,0,0,0,0,0,0,0,0,0,0,0,0,2014,41,1973,530,1,529,0,0,0,2544,42,2502,37.194806,-120.722802
California,MODOC,Modoc County Sheriff's Office,CA0250000,305,135,170,330,144,186,7,3,4,0,0,0,3,1,2,4,2,2,92,11,81,17,5,12,220,17,203,16,5,11,329,33,296,41.592918,-120.71837
California,MODOC,Alturas Police Department,CA0250100,194,76,118,257,95,162,14,6,8,0,0,0,3,0,3,4,2,2,227,85,142,69,22,47,501,203,298,38,9,29,797,310,487,41.483387,-120.54352
California,MODOC,Union Pacific Railroad: Modoc County,CA025020X,0,0,0,0,0,0,0,0,0,0,0,0,0,0,0,0,0,0,0,0,0,0,0,0,0,0,0,0,0,0,0,0,0,37.798763,-122.24971
California,MODOC,Highway Patrol: Modoc County,CA0259900,2,0,2,2,0,2,0,0,0,0,0,0,0,0,0,0,0,0,0,0,0,28,1,27,15,0,15,0,0,0,43,1,42,41.491676,-120.54974
California,MONO,Mono County Sheriff's Office,CA0260000,165,60,105,202,67,135,6,2,4,0,0,0,0,0,0,3,0,3,134,18,116,12,3,9,241,32,209,24,4,20,387,53,334,37.915836,-118.875167
California,MONO,Mammoth Lakes Police Department,CA0260100,189,73,116,257,84,173,5,2,3,0,0,0,1,0,1,1,0,1,164,25,139,70,14,56,693,54,639,45,6,39,927,93,834,37.915836,-118.875167
California,MONO,Highway Patrol: Mono County,CA0269900,2,1,1,2,1,1,0,0,0,0,0,0,0,0,0,0,0,0,1,0,1,14,4,10,13,0,13,0,0,0,28,4,24,37.915836,-118.875167
California,MONTEREY,Monterey County Sheriff's Office,CA0270000,2695,1005,1690,3552,1246,2306,94,24,70,0,0,0,66,8,58,67,25,42,2754,298,2456,368,76,292,6955,478,6477,338,98,240,10077,852,9225,36.70181,-121.63269
California,MONTEREY,Carmel Police Department,CA0270100,113,47,66,140,57,83,1,0,1,0,0,0,0,0,0,0,0,0,223,47,176,37,10,27,644,78,566,11,5,6,904,135,769,36.240107,-121.315573
California,MONTEREY,Del Rey Oaks Police Department,CA0270200,23,9,14,45,18,27,0,0,0,0,0,0,0,0,0,0,0,0,98,8,90,35,8,27,403,96,307,3,1,2,536,112,424,36.592197,-121.833786
California,MONTEREY,Gonzales Police Department,CA0270300,201,79,122,267,95,172,1,0,1,0,0,0,2,0,2,4,2,2,145,16,129,189,15,174,413,43,370,21,6,15,747,74,673,36.240107,-121.315573
California,MONTEREY,Greenfield Police Department,CA0270400,774,349,425,1039,422,617,67,10,57,0,0,0,15,2,13,22,7,15,373,48,325,461,40,421,1056,115,941,81,29,52,1890,203,1687,36.32111,-121.2436
California,MONTEREY,King City Police Department,CA0270500,284,66,218,384,82,302,33,7,26,0,0,0,0,0,0,10,0,10,414,42,372,421,64,357,767,94,673,43,5,38,1602,200,1402,36.211166,-121.12721
California,MONTEREY,Monterey Police Department,CA0270600,696,272,424,1221,463,758,41,11,30,0,0,0,7,0,7,10,5,5,1310,237,1073,573,76,497,6349,938,5411,163,62,101,8232,1251,6981,36.596924,-121.89759
California,MONTEREY,Pacific Grove Police Department,CA0270700,135,53,82,214,82,132,2,0,2,0,0,0,3,1,2,0,0,0,362,38,324,117,15,102,1698,127,1571,61,24,37,2177,180,1997,36.618847,-121.91879
California,MONTEREY,Salinas Police Department,CA0270800,5487,1691,3796,9047,2449,6598,240,49,191,2,0,2,79,15,64,207,56,151,6095,988,5107,9446,804,8642,15247,1277,13970,715,156,559,30788,3069,27719,36.674767,-121.65718
California,MONTEREY,Sand City Police Department,CA0270900,50,15,35,102,33,69,2,1,1,0,0,0,1,0,1,4,2,2,57,5,52,44,6,38,1047,322,725,7,3,4,1148,333,815,36.61363,-121.84962
California,MONTEREY,Seaside Police Department,CA0271000,941,361,580,1360,500,860,26,5,21,2,1,1,21,1,20,17,10,7,606,90,516,679,132,547,3175,336,2839,119,33,86,4460,558,3902,36.604176,-121.85408
California,MONTEREY,Soledad Police Department,CA0271100,599,232,367,780,272,508,18,1,17,3,0,3,11,1,10,16,2,14,353,40,313,390,21,369,777,66,711,54,13,41,1520,127,1393,36.240107,-121.315573
California,MONTEREY,Marina Police Department,CA0271200,505,211,294,779,300,479,37,5,32,0,0,0,17,3,14,13,8,5,586,82,504,443,72,371,2884,550,2334,111,37,74,3913,704,3209,36.68176,-121.80256
California,MONTEREY,Union Pacific Railroad: Monterey County,CA027150X,0,0,0,0,0,0,0,0,0,0,0,0,0,0,0,0,0,0,1,0,1,0,0,0,6,0,6,0,0,0,7,0,7,37.798763,-122.24971
California,MONTEREY,Department of Parks and Recreation: Monterey County,CA0271700,9,2,7,11,2,9,0,0,0,0,0,0,0,0,0,0,0,0,199,1,198,10,0,10,230,0,230,0,0,0,439,1,438,36.603165,-121.89437
California,MONTEREY,California State University: Monterey Bay,CA0271900,67,27,40,100,34,66,3,0,3,0,0,0,2,0,2,0,0,0,61,8,53,10,1,9,249,12,237,27,4,23,320,21,299,36.654827,-121.806145
California,MONTEREY,Highway Patrol: Monterey County,CA0279900,7,2,5,7,2,5,0,0,0,0,0,0,0,0,0,0,0,0,5,1,4,1859,57,1802,386,2,384,0,0,0,2250,60,2190,36.654785,-121.637665
California,NAPA,Napa County Sheriff's Office,CA0280000,635,290,345,822,372,450,11,4,7,0,0,0,0,0,0,5,3,2,735,116,619,54,17,37,1302,132,1170,123,55,68,2091,265,1826,38.5071,-122.325905
California,NAPA,Calistoga Police Department,CA0280100,78,30,48,113,41,72,6,1,5,0,0,0,1,0,1,2,1,1,117,12,105,71,17,54,440,69,371,20,5,15,628,98,530,38.57867,-122.57926
California,NAPA,Napa Police Department,CA0280200,2314,988,1326,3264,1327,1937,135,25,110,0,0,0,3,0,3,8,3,5,2839,780,2059,1228,135,1093,6921,774,6147,466,161,305,10988,1689,9299,38.5071,-122.325905
California,NAPA,St. Helena Police Department,CA0280300,96,46,50,137,60,77,8,1,7,0,0,0,2,0,2,0,0,0,202,57,145,55,10,45,456,68,388,33,12,21,713,135,578,38.50604,-122.47157
California,NAPA,Union Pacific Railroad: Napa County,CA028060X,0,0,0,0,0,0,0,0,0,0,0,0,0,0,0,0,0,0,0,0,0,0,0,0,0,0,0,0,0,0,0,0,0,37.798763,-122.24971
California,NAPA,Napa State Hospital,CA0280800,1612,441,1171,1644,444,1200,0,0,0,0,0,0,2,0,2,0,0,0,8,1,7,2,0,2,25,0,25,30,3,27,35,1,34,38.270035,-122.27173
California,NAPA,American Canyon Police Department,CA0280900,418,182,236,613,251,362,18,8,10,0,0,0,0,0,0,4,2,2,545,132,413,290,21,269,3021,1001,2020,63,25,38,3856,1154,2702,38.17651,-122.264275
California,NAPA,Yountville Police Department,CA0281000,31,13,18,35,15,20,1,0,1,0,0,0,0,0,0,0,0,0,52,9,43,13,1,12,202,13,189,2,1,1,267,23,244,38.5071,-122.325905
California,NAPA,Highway Patrol: Napa County,CA0289900,1,0,1,1,0,1,0,0,0,0,0,0,0,0,0,0,0,0,0,0,0,105,0,105,62,0,62,0,0,0,167,0,167,38.279896,-122.30052
California,NEVADA,Nevada County Sheriff's Office,CA0290000,1214,403,811,1441,451,990,25,6,19,0,0,0,18,1,17,30,15,15,1784,132,1652,113,35,78,1961,103,1858,114,11,103,3858,270,3588,39.269234,-121.024475
California,NEVADA,Grass Valley Police Department,CA0290100,1025,431,594,1154,463,691,39,15,24,4,2,2,6,0,6,10,3,7,743,85,658,574,103,471,3425,612,2813,15,1,14,4742,800,3942,39.218174,-121.06191
California,NEVADA,Nevada City Police Department,CA0290200,78,17,61,101,18,83,17,8,9,0,0,0,0,0,0,0,0,0,148,13,135,116,5,111,390,7,383,12,0,12,654,25,629,39.262844,-121.01968
California,NEVADA,Union Pacific Railroad: Nevada County,CA029030X,0,0,0,0,0,0,0,0,0,0,0,0,0,0,0,0,0,0,1,0,1,0,0,0,4,0,4,0,0,0,5,0,5,37.798763,-122.24971
California,NEVADA,Truckee Police Department,CA0290800,276,75,201,318,84,234,31,10,21,0,0,0,3,0,3,1,1,0,294,32,262,146,18,128,689,62,627,18,1,17,1129,112,1017,39.295191,-120.773446
California,NEVADA,Highway Patrol: Nevada County,CA0299900,11,5,6,12,5,7,0,0,0,0,0,0,0,0,0,1,0,1,3,0,3,505,0,505,78,0,78,0,0,0,586,0,586,39.295191,-120.773446
California,ORANGE,Orange County Sheriff's Office,CA0300000,2699,1004,1695,3187,1153,2034,89,19,70,11,5,6,9,3,6,9,3,6,1553,155,1398,1405,217,1188,6087,505,5582,197,64,133,9045,877,8168,33.675687,-117.777207
California,ORANGE,Anaheim Police Department,CA0300100,9909,3116,6793,15177,4345,10832,375,96,279,33,12,21,165,39,126,150,66,84,11197,1016,10181,12503,1275,11228,48370,3040,45330,1171,224,947,72070,5331,66739,33.675687,-117.777207
California,ORANGE,Brea Police Department,CA0300200,686,297,389,1124,447,677,38,5,33,0,0,0,13,1,12,8,3,5,1384,141,1243,744,61,683,10622,1767,8855,84,25,59,12750,1969,10781,33.917824,-117.889275
California,ORANGE,Buena Park Police Department,CA0300300,1457,454,1003,2289,625,1664,57,11,46,0,0,0,0,0,0,11,5,6,2069,135,1934,2818,134,2684,14219,1706,12513,132,20,112,19106,1975,17131,33.86387,-117.99804
California,ORANGE,Costa Mesa Police Department,CA0300400,2436,790,1646,4174,1224,2950,178,32,146,0,0,0,0,0,0,50,41,9,4423,352,4071,3126,152,2974,24432,2829,21603,482,51,431,31981,3333,28648,33.675687,-117.777207
California,ORANGE,Cypress Police Department,CA0300500,368,165,203,689,275,414,49,12,37,0,0,0,6,0,6,7,4,3,1199,116,1083,743,51,692,4186,554,3632,85,36,49,6128,721,5407,33.675687,-117.777207
California,ORANGE,La Palma Police Department,CA0300600,199,79,120,301,101,200,17,6,11,0,0,0,7,3,4,0,0,0,692,61,631,261,31,230,1926,237,1689,13,4,9,2879,329,2550,33.849407,-118.03725
California,ORANGE,Fountain Valley Police Department,CA0300700,402,145,257,653,199,454,32,7,25,0,0,0,3,0,3,1,0,1,1608,118,1490,918,32,886,8321,912,7409,27,1,26,10847,1062,9785,33.70901,-117.95065
California,ORANGE,Fullerton Police Department,CA0300800,2274,842,1432,4119,1418,2701,158,48,110,0,0,0,0,0,0,26,12,14,3451,326,3125,3477,385,3092,20942,1831,19111,760,293,467,27870,2542,25328,33.870346,-117.92736
California,ORANGE,Garden Grove Police Department,CA0300900,3358,1168,2190,5423,1662,3761,184,40,144,0,0,0,39,4,35,47,16,31,5702,555,5147,4771,352,4419,20961,1679,19282,405,92,313,31434,2586,28848,33.675687,-117.777207
California,ORANGE,Huntington Beach Police Department,CA0301000,2987,1127,1860,4678,1633,3045,238,54,184,0,0,0,0,0,0,28,15,13,4523,499,4024,3210,460,2750,26064,2655,23409,592,128,464,33797,3614,30183,33.675687,-117.777207
California,ORANGE,Laguna Beach Police Department,CA0301100,718,278,440,952,355,597,39,12,27,0,0,0,0,0,0,4,1,3,695,132,563,544,195,349,2741,353,2388,99,29,70,3980,680,3300,33.545933,-117.78176
California,ORANGE,La Habra Police Department,CA0301200,1160,477,683,1774,667,1107,31,7,24,0,0,0,27,3,24,15,6,9,1623,177,1446,1316,108,1208,7444,981,6463,128,36,92,10383,1266,9117,33.93234,-117.946106
California,ORANGE,Los Alamitos Police Department,CA0301300,70,25,45,150,46,104,9,4,5,0,0,0,3,1,2,3,2,1,545,48,497,270,23,247,840,98,742,24,8,16,1655,169,1486,33.803204,-118.07573
California,ORANGE,Newport Beach Police Department,CA0301400,866,380,486,1582,678,904,48,16,32,0,0,0,2,0,2,22,12,10,3028,486,2542,1294,263,1031,11845,1502,10343,346,150,196,16167,2251,13916,33.675687,-117.777207
California,ORANGE,Orange Police Department,CA0301500,1338,552,786,2213,850,1363,146,37,109,0,0,0,6,2,4,39,17,22,3875,458,3417,2729,382,2347,13425,1998,11427,167,64,103,20029,2838,17191,33.808765,-117.8617
California,ORANGE,Placentia Police Department,CA0301600,1328,478,850,1641,550,1091,29,6,23,0,0,0,12,1,11,7,2,5,1983,92,1891,1030,58,972,4310,234,4076,57,7,50,7323,384,6939,33.871143,-117.86279
California,ORANGE,San Clemente Police Department,CA0301700,775,327,448,1175,467,708,39,9,30,0,0,0,10,3,7,4,1,3,1262,163,1099,770,122,648,5398,853,4545,91,29,62,7430,1138,6292,33.675687,-117.777207
California,ORANGE,San Juan Capistrano Police Department,CA0301800,653,269,384,927,369,558,25,9,16,0,0,0,4,1,3,9,4,5,784,107,677,439,62,377,2107,247,1860,91,35,56,3330,416,2914,33.675687,-117.777207
California,ORANGE,Santa Ana Police Department,CA0301900,7858,2332,5526,13845,3894,9951,432,90,342,0,0,0,0,0,0,174,56,118,6861,599,6262,12895,1984,10911,28991,2179,26812,1676,513,1163,48747,4762,43985,33.675687,-117.777207
California,ORANGE,Seal Beach Police Department,CA0302000,264,106,158,411,150,261,39,16,23,0,0,0,6,1,5,2,1,1,648,82,566,306,17,289,3877,633,3244,36,10,26,4831,732,4099,33.675687,-117.777207
California,ORANGE,Stanton Police Department,CA0302100,954,389,565,1610,598,1012,45,10,35,19,9,10,7,2,5,10,3,7,1009,90,919,1245,196,1049,4025,623,3402,121,44,77,6279,909,5370,33.675687,-117.777207
California,ORANGE,Tustin Police Department,CA0302200,1046,397,649,1785,622,1163,72,26,46,1,0,1,28,3,25,14,7,7,2127,249,1878,1567,157,1410,12712,1613,11099,165,57,108,16406,2019,14387,33.743816,-117.81884
California,ORANGE,Villa Park Police Department,CA0302300,22,10,12,27,12,15,2,0,2,4,2,2,0,0,0,0,0,0,177,17,160,26,5,21,299,14,285,2,1,1,502,36,466,33.675687,-117.777207
California,ORANGE,Westminster Police Department,CA0302400,1595,556,1039,2906,854,2052,84,3,81,0,0,0,1,0,1,18,5,13,3613,246,3367,2574,172,2402,14686,1707,12979,198,35,163,20873,2125,18748,33.75929,-117.986336
California,ORANGE,Yorba Linda Police Department,CA0302500,323,136,187,485,189,296,19,4,15,0,0,0,2,0,2,0,0,0,1232,102,1130,504,75,429,3913,411,3502,74,31,43,5649,588,5061,33.917824,-117.889275
California,ORANGE,Irvine Police Department,CA0302600,942,406,536,2004,803,1201,97,24,73,2,1,1,26,0,26,28,15,13,5230,580,4650,1771,255,1516,24547,2919,21628,457,178,279,31548,3754,27794,33.675687,-117.777207
California,ORANGE,California State University: Fullerton,CA0302700,25,9,16,49,13,36,7,1,6,0,0,0,0,0,0,2,1,1,113,19,94,59,11,48,1247,123,1124,17,1,16,1419,153,1266,33.878124,-117.88965
California,ORANGE,Union Pacific Railroad: Orange County,CA030290X,1,0,1,2,0,2,0,0,0,0,0,0,0,0,0,0,0,0,6,0,6,0,0,0,12,0,12,0,0,0,18,0,18,37.798763,-122.24971
California,ORANGE,Department of Parks and Recreation: Orange Coast,CA0303200,61,20,41,65,21,44,1,0,1,0,0,0,0,0,0,0,0,0,479,22,457,20,2,18,374,7,367,1,0,1,873,31,842,33.565712,-117.828354
California,ORANGE,Fairview Developmental Center,CA030340X,17,6,11,17,6,11,0,0,0,0,0,0,0,0,0,0,0,0,6,2,4,3,1,2,9,4,5,0,0,0,18,7,11,33.663307,-117.91929
California,ORANGE,Mission Viejo Police Department,CA030350X,709,317,392,1098,456,642,57,22,35,0,0,0,4,2,2,9,4,5,1165,132,1033,707,136,571,6578,952,5626,102,38,64,8450,1220,7230,,
California,ORANGE,Dana Point Police Department,CA030360X,470,207,263,701,289,412,10,4,6,0,0,0,4,1,3,2,1,1,691,100,591,386,57,329,3179,455,2724,71,26,45,4256,612,3644,,
California,ORANGE,Laguna Niguel Police Department,CA030390X,480,223,257,727,310,417,21,6,15,0,0,0,4,1,3,11,5,6,831,76,755,487,79,408,4395,751,3644,67,24,43,5713,906,4807,,
California,ORANGE,Laguna Hills Police Department,CA030420X,358,147,211,586,235,351,26,7,19,0,0,0,3,1,2,3,2,1,789,52,737,442,73,369,2652,320,2332,59,24,35,3883,445,3438,,
California,ORANGE,Lake Forest Police Department,CA030430X,981,441,540,1430,605,825,58,18,40,0,0,0,9,2,7,9,4,5,1145,149,996,864,134,730,5163,771,4392,152,56,96,7172,1054,6118,,
California,ORANGE,Laguna Woods Police Department,CA030470X,64,27,37,96,38,58,5,2,3,0,0,0,0,0,0,2,1,1,145,13,132,128,26,102,801,82,719,11,5,6,1074,121,953,,
California,ORANGE,Rancho Santa Margarita Police Department,CA030480X,307,135,172,426,176,250,23,3,20,0,0,0,2,1,1,0,0,0,345,45,300,141,29,112,2169,417,1752,37,13,24,2655,491,2164,,
California,ORANGE,Aliso Viejo Police Department,CA030490X,327,149,178,456,195,261,16,4,12,0,0,0,0,0,0,5,2,3,474,49,425,317,47,270,2543,264,2279,42,13,29,3334,360,2974,,
California,ORANGE,Irvine Valley College,CA0309600,0,0,0,0,0,0,0,0,0,0,0,0,0,0,0,0,0,0,9,0,9,0,0,0,82,2,80,0,0,0,91,2,89,33.675687,-117.777207
California,ORANGE,University of California: Irvine,CA0309700,123,43,80,208,55,153,20,3,17,0,0,0,6,0,6,2,1,1,240,24,216,90,15,75,3160,196,2964,65,4,61,3490,235,3255,33.675687,-117.777207
California,ORANGE,Highway Patrol: Orange County,CA0309900,68,11,57,71,11,60,0,0,0,0,0,0,0,0,0,0,0,0,7,0,7,280,10,270,187,1,186,0,0,0,474,11,463,33.767143,-117.83901
California,PLACER,Placer County Sheriff's Office,CA0310000,2560,1102,1458,3190,1323,1867,70,29,41,0,0,0,0,0,0,32,13,19,2810,444,2366,321,76,245,7028,974,6054,291,90,201,10159,1494,8665,39.062032,-120.722718
California,PLACER,Auburn Police Department,CA0310100,456,165,291,582,203,379,22,5,17,0,0,0,10,2,8,5,2,3,429,57,372,217,26,191,1212,81,1131,57,12,45,1858,164,1694,38.89784,-121.074745
California,PLACER,Lincoln Police Department,CA0310300,228,70,158,410,104,306,32,4,28,0,0,0,29,3,26,4,1,3,690,33,657,396,27,369,2910,196,2714,101,13,88,3996,256,3740,38.894478,-121.2937
California,PLACER,Rocklin Police Department,CA0310400,350,118,232,668,178,490,56,7,49,0,0,0,11,1,10,5,2,3,1291,71,1220,707,39,668,6470,644,5826,147,20,127,8468,754,7714,38.790062,-121.23455
California,PLACER,Roseville Police Department,CA0310500,1379,486,893,2590,826,1764,171,32,139,0,0,0,0,0,0,24,11,13,2949,226,2723,2164,141,2023,19615,2249,17366,252,65,187,24728,2616,22112,38.760094,-121.2959
California,PLACER,Department of Parks and Recreation: Sierra,CA0310700,6,2,4,8,3,5,0,0,0,0,0,0,0,0,0,0,0,0,20,0,20,1,0,1,81,0,81,0,0,0,102,0,102,39.062032,-120.722718
California,PLACER,Union Pacific Railroad: Placer County,CA0311200,0,0,0,0,0,0,2,0,2,0,0,0,0,0,0,0,0,0,9,0,9,0,0,0,58,5,53,0,0,0,67,5,62,37.798763,-122.24971
California,PLACER,Highway Patrol: Placer County,CA0319900,23,8,15,23,8,15,0,0,0,0,0,0,0,0,0,0,0,0,8,0,8,687,41,646,367,3,364,0,0,0,1062,44,1018,39.062032,-120.722718
California,PLUMAS,Plumas County Sheriff's Office,CA0320000,1151,359,792,1311,394,917,29,8,21,0,0,0,0,0,0,9,4,5,898,111,787,60,15,45,1336,109,1227,103,13,90,2294,235,2059,39.934498,-120.91359
California,PLUMAS,Union Pacific Railroad: Plumas County,CA032030X,0,0,0,0,0,0,0,0,0,0,0,0,0,0,0,0,0,0,0,0,0,0,0,0,9,1,8,0,0,0,9,1,8,,
California,PLUMAS,Highway Patrol: Plumas County,CA0329900,0,0,0,0,0,0,0,0,0,0,0,0,0,0,0,0,0,0,0,0,0,84,13,71,45,0,45,0,0,0,129,13,116,39.93764,-120.938896
California,RIVERSIDE,Riverside County Sheriff's Office,CA0330000,6704,2076,4628,8723,2463,6260,184,36,148,0,0,0,0,0,0,246,88,158,11332,579,10753,11166,703,10463,31797,917,30880,349,43,306,54295,2199,52096,33.729828,-116.002239
California,RIVERSIDE,Banning Police Department,CA0330100,1192,438,754,1626,554,1072,4,1,3,0,0,0,15,2,13,47,16,31,1460,86,1374,1097,93,1004,1893,232,1661,149,35,114,4450,411,4039,33.729828,-116.002239
California,RIVERSIDE,Beaumont Police Department,CA0330200,1473,455,1018,1856,541,1315,36,3,33,0,0,0,18,3,15,15,5,10,1543,192,1351,1280,64,1216,4938,493,4445,137,26,111,7761,749,7012,33.92942,-116.97506
California,RIVERSIDE,Blythe Police Department,CA0330300,642,226,416,923,304,619,228,33,195,0,0,0,8,3,5,7,2,5,1540,110,1430,288,39,249,3370,598,2772,68,19,49,5198,747,4451,33.612965,-114.59825
California,RIVERSIDE,Coachella Police Department,CA0330500,838,238,600,1303,338,965,38,6,32,0,0,0,0,0,0,27,10,17,1120,100,1020,1497,98,1399,4941,209,4732,41,5,36,7558,407,7151,33.978046,-117.37402
California,RIVERSIDE,Desert Hot Springs Police Department,CA0330600,1914,663,1251,2552,802,1750,42,5,37,0,0,0,7,0,7,50,15,35,2254,154,2100,1694,98,1596,1616,187,1429,135,22,113,5564,439,5125,33.729828,-116.002239
California,RIVERSIDE,Hemet Police Department,CA0330800,3472,1319,2153,5181,1780,3401,133,19,114,0,0,0,32,2,30,99,45,54,5420,528,4892,4574,461,4113,12332,666,11666,278,77,201,22326,1655,20671,33.74941,-116.96785
California,RIVERSIDE,Indio Police Department,CA0330900,3531,991,2540,4798,1270,3528,65,4,61,0,0,0,0,0,0,42,12,30,2689,176,2513,3014,280,2734,8794,675,8119,290,40,250,14497,1131,13366,33.70857,-116.21641
California,RIVERSIDE,Norco Police Department,CA0331000,387,145,242,569,196,373,2,0,2,0,0,0,0,0,0,3,2,1,986,66,920,720,34,686,3504,260,3244,23,2,21,5210,360,4850,33.978046,-117.37402
California,RIVERSIDE,Palm Springs Police Department,CA0331100,1830,643,1187,2833,873,1960,62,10,52,0,0,0,0,0,0,53,23,30,4117,249,3868,2438,280,2158,10278,571,9707,269,44,225,16833,1100,15733,33.729828,-116.002239
California,RIVERSIDE,Perris Police Department,CA0331200,1442,444,998,2220,599,1621,39,8,31,0,0,0,0,0,0,41,13,28,1991,99,1892,4264,331,3933,8524,458,8066,43,6,37,14779,888,13891,33.787678,-117.226135
California,RIVERSIDE,Riverside Police Department,CA0331300,9756,3027,6729,15723,4374,11349,731,115,616,0,0,0,0,0,0,164,64,100,12038,781,11257,13171,787,12384,54118,5568,48550,1331,308,1023,79327,7136,72191,33.978416,-117.37522
California,RIVERSIDE,San Jacinto Police Department,CA0331400,564,181,383,1123,299,824,27,4,23,0,0,0,0,0,0,22,6,16,2262,109,2153,1946,126,1820,7467,683,6784,22,2,20,11675,918,10757,33.782,-116.95954
California,RIVERSIDE,Corona Police Department,CA0331500,1305,524,781,2700,936,1764,214,54,160,0,0,0,18,0,18,42,18,24,4723,353,4370,4742,398,4344,17966,1716,16250,376,109,267,27431,2467,24964,33.729828,-116.002239
California,RIVERSIDE,Indian Wells Police Department,CA0331600,55,15,40,72,20,52,0,0,0,0,0,0,0,0,0,2,1,1,266,15,251,66,3,63,650,22,628,4,0,4,982,40,942,33.978046,-117.37402
California,RIVERSIDE,Rancho Mirage Police Department,CA0331700,285,85,200,356,97,259,3,0,3,0,0,0,0,0,0,3,1,2,1078,64,1014,467,31,436,3395,115,3280,8,0,8,4940,210,4730,33.978046,-117.37402
California,RIVERSIDE,Palm Desert Police Department,CA0331800,825,249,576,1149,330,819,22,2,20,0,0,0,0,0,0,12,6,6,2639,212,2427,1197,84,1113,11672,1268,10404,38,3,35,15508,1564,13944,33.978046,-117.37402
California,RIVERSIDE,Union Pacific Railroad: Riverside County,CA033210X,10,3,7,10,3,7,4,1,3,0,0,0,0,0,0,0,0,0,72,0,72,0,0,0,79,4,75,0,0,0,151,4,147,37.798763,-122.24971
California,RIVERSIDE,Department of Parks and Recreation: Inland Empire,CA0332400,33,15,18,39,17,22,0,0,0,0,0,0,4,1,3,0,0,0,21,1,20,6,2,4,32,1,31,6,2,4,59,4,55,33.862755,-117.19964
California,RIVERSIDE,Cathedral City Police Department,CA0332500,821,277,544,1357,388,969,40,2,38,0,0,0,0,0,0,36,11,25,1515,97,1418,1878,80,1798,2576,169,2407,134,25,109,5969,346,5623,33.729828,-116.002239
California,RIVERSIDE,Lake Elsinore Police Department,CA033300X,1097,366,731,1646,505,1141,23,6,17,0,0,0,0,0,0,21,10,11,1899,134,1765,2600,232,2368,9664,501,9163,64,12,52,14163,867,13296,33.978046,-117.37402
California,RIVERSIDE,La Quinta Police Department,CA033310X,411,147,264,679,220,459,16,0,16,0,0,0,0,0,0,12,3,9,1181,87,1094,523,39,484,6775,809,5966,30,0,30,8479,935,7544,33.978046,-117.37402
California,RIVERSIDE,Moreno Valley Police Department,CA033320X,4847,1582,3265,7706,2156,5550,91,17,74,0,0,0,0,0,0,119,44,75,7214,468,6746,8339,627,7712,28118,2251,25867,204,29,175,43671,3346,40325,,
California,RIVERSIDE,Temecula Police Department,CA033380X,840,299,541,1457,453,1004,21,2,19,0,0,0,0,0,0,12,6,6,2896,190,2706,2345,172,2173,15213,1724,13489,65,12,53,20454,2086,18368,33.978046,-117.37402
California,RIVERSIDE,Calimesa Police Department,CA033400X,114,33,81,164,39,125,1,0,1,0,0,0,0,0,0,3,1,2,416,18,398,251,9,242,1328,30,1298,0,0,0,1995,57,1938,33.978046,-117.37402
California,RIVERSIDE,Canyon Lake Police Department,CA033410X,128,48,80,142,50,92,5,2,3,0,0,0,0,0,0,0,0,0,141,8,133,165,14,151,408,8,400,8,0,8,714,30,684,33.671688,-117.26131
California,RIVERSIDE,Murrieta Police Department,CA0334200,970,401,569,1524,563,961,56,5,51,0,0,0,37,4,33,15,7,8,2010,188,1822,1929,199,1730,8887,1055,7832,190,48,142,12826,1442,11384,33.559948,-117.209175
California,RIVERSIDE,Riverside Community College,CA0334400,6,3,3,13,6,7,8,3,5,0,0,0,0,0,0,0,0,0,62,10,52,77,26,51,362,87,275,2,1,1,501,123,378,33.971573,-117.38467
California,RIVERSIDE,Menifee,CA0334900,624,227,397,758,250,508,15,6,9,0,0,0,39,3,36,3,1,2,289,16,273,510,37,473,1768,69,1699,62,6,56,2567,122,2445,,
California,RIVERSIDE,Wildomar Police Department,CA033770X,389,143,246,518,163,355,6,1,5,0,0,0,0,0,0,2,1,1,836,47,789,978,84,894,2783,54,2729,31,5,26,4597,185,4412,33.66725,-117.331665
California,RIVERSIDE,Eastvale Police Department,CA033790X,444,140,304,680,188,492,12,1,11,0,0,0,0,0,0,9,5,4,1114,74,1040,1014,40,974,5869,443,5426,26,0,26,7997,557,7440,34.01191,-117.448814
California,RIVERSIDE,University of California: Riverside,CA0339700,26,7,19,79,14,65,7,2,5,0,0,0,3,1,2,0,0,0,259,23,236,143,3,140,1952,135,1817,28,4,24,2354,161,2193,33.97917,-117.33108
California,RIVERSIDE,Highway Patrol: Riverside County,CA0339900,156,72,84,167,76,91,1,0,1,0,0,0,0,0,0,6,2,4,42,13,29,464,84,380,180,22,158,2,1,1,686,119,567,33.92241,-117.410866
California,RIVERSIDE,Jurupa Valley Police Department,CA033A000,2281,802,1479,3109,953,2156,78,17,61,0,0,0,0,0,0,54,17,37,2907,181,2726,5963,248,5715,11081,285,10796,82,7,75,19951,714,19237,34.01191,-117.448814
California,RIVERSIDE,Mt. San Jacinto College,CA033A100,4,1,3,8,2,6,0,0,0,0,0,0,0,0,0,0,0,0,36,4,32,17,1,16,86,3,83,2,1,1,139,8,131,,
California,SACRAMENTO,Sacramento County Sheriff's Office,CA0340000,16569,4564,12005,24478,5893,18585,560,102,458,0,0,0,0,0,0,441,179,262,18662,942,17720,1625,473,1152,47409,2979,44430,1241,123,1118,67696,4394,63302,38.450011,-121.340441
California,SACRAMENTO,Folsom Police Department,CA0340100,526,227,299,912,336,576,93,20,73,0,0,0,6,2,4,3,1,2,1897,258,1639,740,96,644,7974,1321,6653,135,25,110,10611,1675,8936,38.681313,-121.1638
California,SACRAMENTO,Galt Police Department,CA0340200,617,222,395,844,273,571,54,12,42,0,0,0,6,0,6,4,3,1,620,76,544,395,34,361,3153,533,2620,88,16,72,4168,643,3525,38.26226,-121.30619
California,SACRAMENTO,Isleton Police Department,CA0340300,47,10,37,54,10,44,1,1,0,0,0,0,0,0,0,2,0,2,60,1,59,6,1,5,57,2,55,2,0,2,123,4,119,38.450011,-121.340441
California,SACRAMENTO,Sacramento Police Department,CA0340400,23943,7301,16642,35429,10043,25386,1719,408,1311,6,2,4,15,0,15,461,172,289,23519,2501,21018,22077,1917,20160,71926,3937,67989,1104,272,832,117522,8355,109167,38.520615,-121.49856
California,SACRAMENTO,California State University: Sacramento,CA0340800,21,5,16,51,7,44,4,0,4,0,0,0,2,0,2,0,0,0,108,7,101,44,10,34,1111,51,1060,13,0,13,1263,68,1195,38.56646,-121.42829
California,SACRAMENTO,Elk Grove Police Department,CA0340H00,3868,1522,2346,5215,1906,3309,75,27,48,1,0,1,17,2,15,15,8,7,2892,314,2578,1562,131,1431,15335,1546,13789,376,104,272,19789,1991,17798,38.450011,-121.340441
California,SACRAMENTO,Department of Parks and Recreation: Gold Fields District,CA0341201,29,10,19,32,10,22,6,1,5,0,0,0,2,0,2,0,0,0,70,2,68,4,1,3,55,2,53,2,0,2,129,5,124,,
California,SACRAMENTO,Twin Rivers Unified School District,CA0341400,144,52,92,212,65,147,5,1,4,0,0,0,4,0,4,0,0,0,578,102,476,71,19,52,322,46,276,10,1,9,971,167,804,38.65166,-121.389565
California,SACRAMENTO,California State Fair,CA0342000,39,10,29,48,12,36,6,0,6,0,0,0,0,0,0,0,0,0,105,4,101,31,5,26,311,10,301,1,0,1,447,19,428,38.595455,-121.424095
California,SACRAMENTO,Department of Parks and Recreation: Capital,CA0342200,16,5,11,17,5,12,3,0,3,0,0,0,0,0,0,0,0,0,29,3,26,4,0,4,26,0,26,0,0,0,59,3,56,38.450011,-121.340441
California,SACRAMENTO,Union Pacific Railroad: Sacramento County,CA0344800,1,0,1,1,0,1,0,0,0,0,0,0,0,0,0,0,0,0,16,1,15,0,0,0,50,6,44,0,0,0,66,7,59,37.798763,-122.24971
California,SACRAMENTO,Rancho Cordova Police Department,CA034550X,2019,632,1387,2899,804,2095,19,5,14,0,0,0,0,0,0,42,17,25,2176,115,2061,1578,100,1478,8062,856,7206,139,14,125,11816,1071,10745,38.584633,-121.4959
California,SACRAMENTO,Citrus Heights Police Department,CA0349600,2326,827,1499,3526,1120,2406,124,31,93,0,0,0,23,2,21,30,12,18,2840,248,2592,2306,147,2159,13175,1264,11911,347,64,283,18321,1659,16662,38.679226,-121.298195
California,SACRAMENTO,"University of California: Medical Center, Sacramento",CA0349700,71,21,50,83,23,60,13,2,11,0,0,0,0,0,0,0,0,0,55,9,46,34,2,32,995,90,905,10,2,8,1084,101,983,38.55433,-121.45746
California,SACRAMENTO,Highway Patrol: Sacramento County,CA0349900,72,12,60,77,13,64,9,2,7,0,0,0,0,0,0,3,1,2,34,2,32,15158,813,14345,8254,25,8229,0,0,0,23446,840,22606,38.585705,-121.49562
California,SAN BENITO,San Benito County Sheriff's Office,CA0350000,469,178,291,596,203,393,11,2,9,0,0,0,19,1,18,6,0,6,443,40,403,127,16,111,755,41,714,73,12,61,1325,97,1228,36.610702,-121.085296
California,SAN BENITO,Hollister Police Department,CA0350100,1191,455,736,1701,633,1068,77,15,62,0,0,0,33,2,31,15,8,7,674,143,531,738,87,651,2539,510,2029,203,64,139,3951,740,3211,36.89229,-121.39484
California,SAN BENITO,Union Pacific Railroad: San Benito County,CA035030X,0,0,0,0,0,0,0,0,0,0,0,0,0,0,0,0,0,0,1,0,1,0,0,0,0,0,0,0,0,0,1,0,1,37.798763,-122.24971
California,SAN BENITO,Highway Patrol: San Benito County,CA0359900,0,0,0,0,0,0,0,0,0,0,0,0,0,0,0,0,0,0,0,0,0,93,0,93,15,0,15,0,0,0,108,0,108,37.00466,-121.55546
California,SAN BERNARDINO,San Bernardino County Sheriff's Office,CA0360000,11766,4637,7129,14493,5367,9126,559,117,442,0,0,0,0,0,0,270,110,160,9944,1029,8915,8267,662,7605,16390,1315,15075,956,235,721,34601,3006,31595,34.85722,-116.181197
California,SAN BERNARDINO,Barstow Police Department,CA0360100,2369,1007,1362,3407,1350,2057,225,51,174,0,0,0,0,0,0,42,19,23,2677,308,2369,2292,996,1296,4128,1027,3101,157,59,98,9097,2331,6766,34.892834,-117.02627
California,SAN BERNARDINO,Chino Police Department,CA0360200,2349,970,1379,3396,1269,2127,52,4,48,0,0,0,48,10,38,33,20,13,3071,256,2815,2292,104,2188,13359,1238,12121,257,60,197,18722,1598,17124,34.012817,-117.68927
California,SAN BERNARDINO,Colton Police Department,CA0360300,1258,397,861,2266,592,1674,83,19,64,0,0,0,21,2,19,61,20,41,2319,150,2169,3181,112,3069,6982,467,6515,90,10,80,12482,729,11753,34.071785,-117.323296
California,SAN BERNARDINO,Fontana Police Department,CA0360400,5363,2044,3319,8180,2896,5284,133,31,102,0,0,0,83,29,54,97,47,50,4565,472,4093,6851,492,6359,16730,2388,14342,702,214,488,28146,3352,24794,34.102913,-117.432785
California,SAN BERNARDINO,Montclair Police Department,CA0360500,1716,690,1026,2800,1025,1775,207,29,178,0,0,0,10,4,6,32,16,16,2667,272,2395,2690,173,2517,8123,1338,6785,307,111,196,13480,1783,11697,34.85722,-116.181197
California,SAN BERNARDINO,Needles Police Department,CA0360600,612,274,338,716,306,410,59,11,48,0,0,0,0,0,0,3,1,2,496,90,406,161,35,126,697,107,590,44,11,33,1354,232,1122,34.85722,-116.181197
California,SAN BERNARDINO,Ontario Police Department,CA0360700,3824,1487,2337,6781,2352,4429,250,48,202,0,0,0,0,0,0,92,40,52,5738,509,5229,7422,462,6960,21443,2571,18872,833,256,577,34603,3542,31061,34.027554,-117.593216
California,SAN BERNARDINO,Redlands Police Department,CA0360800,1551,656,895,2975,1164,1811,161,31,130,0,0,0,55,5,50,42,23,19,3225,376,2849,2644,214,2430,14661,1252,13409,512,189,323,20530,1842,18688,34.85722,-116.181197
California,SAN BERNARDINO,Rialto Police Department,CA0360900,3047,1081,1966,4951,1515,3436,116,29,87,0,0,0,0,0,0,46,14,32,3746,344,3402,4478,231,4247,10885,997,9888,397,98,299,19109,1572,17537,34.103333,-117.37477
California,SAN BERNARDINO,San Bernardino Police Department,CA0361000,16460,3969,12491,25463,5646,19817,788,247,541,0,0,0,0,0,0,530,155,375,15146,793,14353,16198,601,15597,29939,1186,28753,1140,222,918,61283,2580,58703,34.85722,-116.181197
California,SAN BERNARDINO,Upland Police Department,CA0361100,1989,762,1227,3214,1121,2093,60,11,49,0,0,0,14,1,13,38,13,25,4068,463,3605,2426,359,2067,10429,1179,9250,211,67,144,16923,2001,14922,34.110546,-117.67902
California,SAN BERNARDINO,Victorville Police Department,CA0361200,7168,2718,4450,10075,3517,6558,325,80,245,0,0,0,0,0,0,136,59,77,5765,613,5152,4662,355,4307,13432,2604,10828,502,122,380,23859,3572,20287,34.85722,-116.181197
California,SAN BERNARDINO,Adelanto Police Department,CA0361300,2198,788,1410,2784,925,1859,141,21,120,0,0,0,0,0,0,18,8,10,1435,106,1329,782,71,711,1817,179,1638,183,45,138,4034,356,3678,34.85722,-116.181197
California,SAN BERNARDINO,California State University: San Bernardino,CA0361400,19,6,13,57,15,42,10,3,7,0,0,0,0,0,0,0,0,0,50,8,42,126,22,104,533,64,469,19,5,14,709,94,615,34.177666,-117.32848
California,SAN BERNARDINO,Rancho Cucamonga Police Department,CA0361600,3249,1419,1830,4765,1914,2851,118,35,83,0,0,0,0,0,0,25,12,13,5871,644,5227,2757,161,2596,22605,4200,18405,413,114,299,31233,5005,26228,34.10287,-117.575584
California,SAN BERNARDINO,Big Bear Lake Police Department,CA036200X,566,253,313,677,292,385,16,3,13,0,0,0,0,0,0,10,5,5,339,54,285,102,12,90,871,150,721,58,16,42,1312,216,1096,,
California,SAN BERNARDINO,Grand Terrace Police Department,CA036210X,292,123,169,417,156,261,10,3,7,0,0,0,0,0,0,4,2,2,485,48,437,290,11,279,1191,97,1094,34,7,27,1966,156,1810,,
California,SAN BERNARDINO,Loma Linda Police Department,CA036220X,427,182,245,601,229,372,34,13,21,0,0,0,0,0,0,3,1,2,983,101,882,835,42,793,2889,292,2597,54,15,39,4707,435,4272,,
California,SAN BERNARDINO,San Bernardino Unified School District,CA0362300,159,52,107,570,138,432,69,10,59,0,0,0,2,1,1,0,0,0,876,149,727,124,25,99,1050,140,910,18,4,14,2050,314,1736,34.121357,-117.29505
California,SAN BERNARDINO,Chaffey College,CA0362600,4,2,2,5,2,3,0,0,0,0,0,0,0,0,0,0,0,0,19,7,12,14,2,12,66,2,64,0,0,0,99,11,88,,
California,SAN BERNARDINO,Highland Police Department,CA036300X,2247,862,1385,3052,1060,1992,127,32,95,0,0,0,0,0,0,43,18,25,1860,210,1650,1819,93,1726,4075,448,3627,129,39,90,7754,751,7003,34.12124,-117.210754
California,SAN BERNARDINO,Twentynine Palms Police Department,CA036310X,967,408,559,1169,462,707,55,13,42,0,0,0,0,0,0,10,5,5,905,98,807,308,44,264,1142,131,1011,70,9,61,2355,273,2082,,
California,SAN BERNARDINO,Hesperia Police Department,CA036320X,3473,1359,2114,4761,1719,3042,172,33,139,0,0,0,0,0,0,45,17,28,3276,297,2979,2647,213,2434,8097,1062,7035,283,70,213,14020,1572,12448,,
California,SAN BERNARDINO,Apple Valley Police Department,CA036330X,2806,1168,1638,3639,1434,2205,118,33,85,0,0,0,0,0,0,47,21,26,2384,305,2079,1813,184,1629,7560,1527,6033,192,50,142,11757,2016,9741,,
California,SAN BERNARDINO,Yucaipa Police Department,CA036350X,1108,445,663,1478,553,925,42,11,31,0,0,0,0,0,0,14,6,8,1517,181,1336,1164,113,1051,4117,328,3789,112,25,87,6798,622,6176,,
California,SAN BERNARDINO,San Bernardino Community College,CA0363900,16,6,10,26,8,18,4,0,4,0,0,0,0,0,0,0,0,0,75,8,67,44,4,40,345,34,311,1,0,1,464,46,418,34.1005,-117.251274
California,SAN BERNARDINO,Chino Hills Police Department,CA036400X,722,313,409,1005,395,610,29,6,23,0,0,0,0,0,0,7,3,4,1916,140,1776,672,55,617,5394,396,4998,93,24,69,7982,591,7391,,
California,SAN BERNARDINO,Yucca Valley Police Department,CA036410X,1108,462,646,1404,564,840,51,17,34,0,0,0,0,0,0,11,5,6,911,106,805,404,37,367,1909,387,1522,72,21,51,3224,530,2694,,
California,SAN BERNARDINO,Fontana Unified School District,CA0365000,190,83,107,249,107,142,23,8,15,0,0,0,0,0,0,0,0,0,213,65,148,38,13,25,380,95,285,8,3,5,631,173,458,34.078053,-117.453735
California,SAN BERNARDINO,Union Pacific Railroad: San Bernardino County,CA0365400,5,0,5,5,0,5,1,0,1,0,0,0,0,0,0,0,0,0,210,9,201,0,0,0,150,16,134,0,0,0,360,25,335,37.798763,-122.24971
California,SAN BERNARDINO,Patton State Hospital,CA0365700,2860,272,2588,2885,273,2612,0,0,0,0,0,0,1,0,1,0,0,0,10,0,10,0,0,0,21,3,18,22,0,22,31,3,28,34.85722,-116.181197
California,SAN BERNARDINO,Department of Parks and Recreation: Tehachapi District,CA036590X,4,1,3,4,1,3,1,0,1,0,0,0,0,0,0,0,0,0,38,0,38,5,1,4,11,0,11,0,0,0,54,1,53,,
California,SAN BERNARDINO,Highway Patrol: San Bernardino County,CA0369900,267,103,164,274,103,171,2,1,1,0,0,0,0,0,0,0,0,0,41,3,38,434,11,423,309,10,299,1,0,1,784,24,760,34.071293,-117.27045
California,SAN DIEGO,San Diego County Sheriff's Office,CA0370000,16272,6112,10160,20465,7402,13063,482,157,325,5,0,5,186,36,150,254,101,153,10181,1540,8641,9909,1479,8430,28301,3503,24798,1198,326,872,48391,6522,41869,33.023604,-116.776117
California,SAN DIEGO,Carlsbad Police Department,CA0370100,1863,655,1208,2739,908,1831,129,33,96,0,0,0,54,8,46,18,8,10,2967,359,2608,1518,215,1303,14311,1523,12788,348,84,264,18796,2097,16699,33.137352,-117.265976
California,SAN DIEGO,Chula Vista Police Department,CA0370200,6037,1912,4125,9463,2683,6780,379,79,300,0,0,0,66,6,60,77,32,45,5064,526,4538,6950,280,6670,21324,2108,19216,541,65,476,33338,2914,30424,33.023604,-116.776117
California,SAN DIEGO,Coronado Police Department,CA0370300,232,101,131,330,131,199,15,2,13,0,0,0,15,1,14,0,0,0,338,56,282,212,25,187,2346,321,2025,48,12,36,2896,402,2494,32.690113,-117.177414
California,SAN DIEGO,Del Mar Police Department,CA0370400,85,36,49,117,41,76,3,1,2,0,0,0,1,0,1,0,0,0,279,28,251,115,17,98,658,53,605,21,3,18,1052,98,954,33.04468,-117.25954
California,SAN DIEGO,El Cajon Police Department,CA0370500,3402,1102,2300,5370,1564,3806,246,67,179,0,0,0,58,4,54,31,12,19,3205,428,2777,3419,362,3057,12578,1623,10955,365,40,325,19202,2413,16789,32.807697,-116.96212
California,SAN DIEGO,Escondido Police Department,CA0370600,4195,1431,2764,6434,2017,4417,182,36,146,0,0,0,63,1,62,62,30,32,3549,321,3228,4617,490,4127,17861,2698,15163,451,51,400,26027,3509,22518,33.13591,-117.09332
California,SAN DIEGO,Imperial Beach Police Department,CA0370700,844,306,538,1142,388,754,15,1,14,1,0,1,5,0,5,16,8,8,562,111,451,748,69,679,1595,115,1480,52,9,43,2905,295,2610,32.57655,-117.11539
California,SAN DIEGO,La Mesa Police Department,CA0370800,1232,401,831,2077,646,1431,118,32,86,0,0,0,17,1,16,27,14,13,1955,273,1682,1601,111,1490,8009,1069,6940,141,19,122,11565,1453,10112,32.767647,-117.02352
California,SAN DIEGO,National City Police Department,CA0370900,2341,736,1605,3786,1111,2675,94,16,78,2,1,1,33,1,32,42,17,25,1342,145,1197,2741,139,2602,7692,1484,6208,192,31,161,11775,1768,10007,32.67233,-117.10557
California,SAN DIEGO,Oceanside Police Department,CA0371000,5282,1487,3795,7815,2033,5782,290,69,221,1,0,1,112,6,106,98,41,57,4487,371,4116,4010,261,3749,24703,1846,22857,652,79,573,33200,2478,30722,33.023604,-116.776117
California,SAN DIEGO,San Diego Police Department,CA0371100,41064,12546,28518,60577,16862,43715,1903,471,1432,0,0,0,704,32,672,652,271,381,34525,3401,31124,46090,1478,44612,151027,11080,139947,5037,780,4257,231642,15959,215683,32.71573,-117.151886
California,SAN DIEGO,San Marcos Police Department,CA0371200,1663,605,1058,2419,846,1573,47,16,31,0,0,0,24,6,18,8,2,6,1767,232,1535,1505,160,1345,7211,1399,5812,187,63,124,10483,1791,8692,33.14137,-117.14562
California,SAN DIEGO,Vista Police Department,CA0371300,2937,1090,1847,4393,1541,2852,89,32,57,0,0,0,42,11,31,33,14,19,2647,412,2235,2603,311,2292,8626,1197,7429,361,110,251,13876,1920,11956,33.192047,-117.25364
California,SAN DIEGO,San Diego State University,CA0371400,76,35,41,247,113,134,27,13,14,0,0,0,1,0,1,0,0,0,588,211,377,131,35,96,3756,1154,2602,93,43,50,4475,1400,3075,33.023604,-116.776117
California,SAN DIEGO,Port of San Diego Harbor,CA0371500,743,195,548,933,242,691,28,7,21,0,0,0,16,4,12,1,0,1,568,110,458,153,48,105,3896,286,3610,60,11,49,4617,444,4173,32.729366,-117.19509
California,SAN DIEGO,Department of Parks and Recreation: Colorado,CA0372200,3,2,1,3,2,1,0,0,0,0,0,0,0,0,0,0,0,0,8,0,8,1,0,1,7,0,7,0,0,0,16,0,16,33.256496,-116.399376
California,SAN DIEGO,Department of Parks and Recreation: Ocotillo Wells,CA0372400,9,4,5,9,4,5,2,0,2,0,0,0,0,0,0,0,0,0,1,0,1,9,2,7,8,1,7,0,0,0,18,3,15,33.15929,-116.22911
California,SAN DIEGO,Department of Parks and Recreation: San Diego Coast,CA0372500,72,23,49,80,26,54,6,0,6,0,0,0,0,0,0,0,0,0,83,5,78,23,6,17,507,29,478,1,0,1,613,40,573,33.16131,-117.3535
California,SAN DIEGO,California State University: San Marcos,CA0373200,4,1,3,31,6,25,5,2,3,0,0,0,3,0,3,0,0,0,28,3,25,5,0,5,264,30,234,20,2,18,297,33,264,33.134045,-117.15313
California,SAN DIEGO,University of California: San Diego,CA0379700,64,18,46,103,23,80,29,7,22,0,0,0,2,0,2,0,0,0,258,53,205,491,20,471,3328,149,3179,21,1,20,4077,222,3855,33.023604,-116.776117
California,SAN DIEGO,Highway Patrol: San Diego County,CA0379900,269,116,153,271,116,155,1,0,1,0,0,0,0,0,0,0,0,0,18,2,16,572,28,544,228,2,226,1,0,1,818,32,786,32.82533,-117.16159
California,SAN DIEGO,Lemon Grove Police Department,CA037A100,1296,466,830,1943,656,1287,29,7,22,2,1,1,10,1,9,21,9,12,701,115,586,991,147,844,3428,833,2595,64,14,50,5120,1095,4025,32.740322,-117.03116
California,SAN DIEGO,Santee Police Department,CA037A200,1191,474,717,1692,659,1033,71,22,49,0,0,0,21,8,13,12,7,5,962,192,770,702,105,597,6251,1743,4508,125,46,79,7915,2040,5875,33.023604,-116.776117
California,SAN DIEGO,Poway Police Department,CA037A300,500,175,325,756,258,498,29,7,22,0,0,0,6,1,5,9,5,4,897,117,780,355,31,324,3152,457,2695,69,21,48,4404,605,3799,32.955612,-117.04518
California,SAN DIEGO,Encinitas Police Department,CA037A400,1018,361,657,1368,457,911,25,7,18,0,0,0,8,0,8,3,1,2,1516,222,1294,761,117,644,5673,752,4921,108,23,85,7950,1091,6859,33.04468,-117.25954
California,SAN DIEGO,Solana Beach Police Department,CA037A500,148,57,91,218,76,142,3,1,2,0,0,0,4,0,4,2,1,1,496,53,443,208,18,190,1213,107,1106,17,1,16,1917,178,1739,33.04468,-117.25954
California,SAN FRANCISCO,San Francisco County Sheriff's Office,CA0380000,0,0,0,0,0,0,0,0,0,0,0,0,0,0,0,0,0,0,0,0,0,0,0,0,0,0,0,0,0,0,0,0,0,37.727239,-123.032229
California,SAN FRANCISCO,San Francisco Police Department,CA0380100,25020,7199,17821,54671,13274,41397,2577,463,2114,0,0,0,0,0,0,588,233,355,43617,5153,38464,40950,3054,37896,275476,12569,262907,2946,709,2237,360043,20776,339267,37.775047,-122.40381
California,SAN FRANCISCO,San Francisco State University,CA0380300,30,10,20,80,17,63,4,0,4,0,0,0,1,0,1,0,0,0,189,13,176,78,1,77,1097,55,1042,23,4,19,1364,69,1295,37.720856,-122.47662
California,SAN FRANCISCO,San Francisco Bay Area Rapid Transit: San Francisco County,CA0380500,178,47,131,748,139,609,3,0,3,0,0,0,0,0,0,3,2,1,27,2,25,6,0,6,2279,181,2098,2,1,1,2312,183,2129,37.79742,-122.26664
California,SAN FRANCISCO,Union Pacific Railroad: San Francisco County,CA0381900,1,0,1,1,0,1,0,0,0,0,0,0,0,0,0,0,0,0,0,0,0,0,0,0,4,0,4,0,0,0,4,0,4,37.798763,-122.24971
California,SAN FRANCISCO,University of California: San Francisco,CA0389700,117,46,71,162,54,108,12,3,9,0,0,0,5,2,3,4,2,2,293,25,268,100,3,97,2786,209,2577,12,3,9,3179,237,2942,37.767666,-122.41551
California,SAN FRANCISCO,Highway Patrol: San Francisco County,CA0389900,17,6,11,23,7,16,0,0,0,0,0,0,0,0,0,1,0,1,0,0,0,131,1,130,50,0,50,3,1,2,181,1,180,37.773075,-122.40763
California,SAN JOAQUIN,San Joaquin County Sheriff's Office,CA0390000,6980,2554,4426,8716,2977,5739,252,65,187,0,0,0,0,0,0,73,23,50,5779,540,5239,1054,95,959,14613,1073,13540,235,58,177,21446,1708,19738,37.884598,-121.29794
California,SAN JOAQUIN,Escalon Police Department,CA0390100,209,76,133,249,85,164,3,0,3,0,0,0,1,0,1,2,1,1,223,20,203,108,14,94,766,87,679,19,2,17,1097,121,976,37.935034,-121.272237
California,SAN JOAQUIN,Lodi Police Department,CA0390200,1626,500,1126,2493,703,1790,78,15,63,0,0,0,0,0,0,38,12,26,2292,176,2116,2086,128,1958,7172,916,6256,88,14,74,11550,1220,10330,38.135468,-121.27515
California,SAN JOAQUIN,Manteca Police Department,CA0390300,1536,635,901,2567,948,1619,160,27,133,0,0,0,0,0,0,30,12,18,2248,220,2028,2612,346,2266,11666,1351,10315,211,67,144,16526,1917,14609,37.79916,-121.231125
California,SAN JOAQUIN,Ripon Police Department,CA0390400,55,22,33,146,49,97,5,1,4,0,0,0,3,0,3,0,0,0,193,33,160,169,19,150,1703,332,1371,46,16,30,2065,384,1681,37.740936,-121.135475
California,SAN JOAQUIN,Stockton Police Department,CA0390500,29905,7402,22503,42273,9711,32562,1478,196,1282,15,3,12,281,42,239,513,156,357,17543,1175,16368,14986,1154,13832,58963,3854,55109,1558,230,1328,91492,6183,85309,37.935034,-121.272237
California,SAN JOAQUIN,Tracy Police Department,CA0390600,1289,437,852,2176,651,1525,122,12,110,10,5,5,31,5,26,44,20,24,1764,151,1613,2520,187,2333,12109,926,11183,234,46,188,16393,1264,15129,37.935034,-121.272237
California,SAN JOAQUIN,Stockton Unified School District,CA0391500,191,54,137,334,82,252,17,3,14,0,0,0,1,0,1,0,0,0,445,51,394,32,6,26,855,70,785,7,0,7,1332,127,1205,37.96626,-121.290726
California,SAN JOAQUIN,Union Pacific Railroad: San Joaquin County,CA0392100,1,0,1,1,0,1,3,0,3,0,0,0,0,0,0,0,0,0,332,6,326,0,0,0,833,17,816,0,0,0,1165,23,1142,37.798763,-122.24971
California,SAN JOAQUIN,Highway Patrol: San Joaquin County,CA0399900,7,1,6,7,1,6,0,0,0,0,0,0,0,0,0,0,0,0,0,0,0,3096,1,3095,948,0,948,0,0,0,4044,1,4043,37.935034,-121.272237
California,SAN LUIS OBISPO,San Luis Obispo County Sheriff's Office,CA0400000,2552,1010,1542,2918,1110,1808,47,10,37,0,0,0,17,1,16,23,10,13,3063,376,2687,214,60,154,5706,615,5091,208,46,162,8983,1051,7932,35.385227,-120.447541
California,SAN LUIS OBISPO,Arroyo Grande Police Department,CA0400100,399,134,265,506,164,342,28,9,19,0,0,0,13,1,12,0,0,0,493,66,427,273,42,231,2167,390,1777,41,8,33,2933,498,2435,35.120285,-120.59154
California,SAN LUIS OBISPO,Grover Beach Police Department,CA0400200,284,106,178,392,138,254,22,4,18,0,0,0,9,0,9,8,4,4,464,63,401,271,38,233,1797,224,1573,44,9,35,2532,325,2207,35.120537,-120.6226
California,SAN LUIS OBISPO,Morro Bay Police Department,CA0400300,332,129,203,396,153,243,19,9,10,0,0,0,0,0,0,8,4,4,293,66,227,83,14,69,1175,223,952,17,4,13,1551,303,1248,35.365948,-120.842705
California,SAN LUIS OBISPO,Paso Robles Police Department,CA0400400,408,132,276,586,175,411,49,15,34,0,0,0,6,2,4,4,1,3,823,96,727,497,69,428,4896,718,4178,62,10,52,6216,883,5333,35.62364,-120.68984
California,SAN LUIS OBISPO,Pismo Beach Police Department,CA0400500,374,150,224,464,180,284,10,2,8,0,0,0,0,0,0,0,0,0,726,130,596,170,39,131,2578,497,2081,35,13,22,3474,666,2808,35.14444,-120.64104
California,SAN LUIS OBISPO,San Luis Obispo Police Department,CA0400600,1399,479,920,2012,605,1407,192,9,183,0,0,0,0,0,0,4,2,2,1898,173,1725,771,100,671,11431,1213,10218,336,43,293,14100,1486,12614,35.285446,-120.663635
California,SAN LUIS OBISPO,California State Polytechnic University: San Luis Obispo,CA0400700,17,3,14,52,5,47,8,0,8,0,0,0,5,0,5,0,0,0,113,2,111,74,5,69,1051,16,1035,33,2,31,1238,23,1215,35.385227,-120.447541
California,SAN LUIS OBISPO,Atascadero Police Department,CA0400800,925,387,538,1215,490,725,53,15,38,1,0,1,26,3,23,2,1,1,875,204,671,374,103,271,3414,714,2700,140,47,93,4663,1021,3642,35.49247,-120.67593
California,SAN LUIS OBISPO,Department of Parks and Recreation: San Luis Obispo Coast,CA0401300,2,1,1,2,1,1,0,0,0,0,0,0,0,0,0,0,0,0,5,1,4,4,0,4,115,0,115,0,0,0,124,1,123,35.257004,-120.66864
California,SAN LUIS OBISPO,Department of Parks and Recreation: Oceano Dunes,CA0401400,54,22,32,62,24,38,18,0,18,0,0,0,1,0,1,0,0,0,21,1,20,25,7,18,388,17,371,3,1,2,434,25,409,35.257004,-120.66864
California,SAN LUIS OBISPO,Atascadero State Hospital,CA040160X,1972,865,1107,1974,866,1108,0,0,0,0,0,0,0,0,0,0,0,0,2,1,1,6,3,3,16,8,8,0,0,0,24,12,12,,
California,SAN LUIS OBISPO,Union Pacific Railroad: San Luis Obispo County,CA0401800,0,0,0,0,0,0,0,0,0,0,0,0,0,0,0,0,0,0,0,0,0,0,0,0,10,1,9,0,0,0,10,1,9,37.798763,-122.24971
California,SAN LUIS OBISPO,Cuesta College,CA0401900,1,0,1,1,0,1,0,0,0,0,0,0,0,0,0,0,0,0,10,1,9,3,0,3,49,0,49,0,0,0,62,1,61,35.385227,-120.447541
California,SAN LUIS OBISPO,Highway Patrol: San Luis Obispo County,CA0409900,6,1,5,7,1,6,0,0,0,0,0,0,0,0,0,0,0,0,2,1,1,681,44,637,118,4,114,1,0,1,801,49,752,35.288876,-120.6572
California,SAN MATEO,San Mateo County Sheriff's Office,CA0410000,2184,806,1378,3599,1225,2374,118,27,91,0,0,0,54,10,44,32,16,16,3169,487,2682,3019,615,2404,17000,1691,15309,681,206,475,23188,2793,20395,37.414663,-122.371545
California,SAN MATEO,Atherton Police Department,CA0410100,46,22,24,83,35,48,3,0,3,0,0,0,0,0,0,0,0,0,212,36,176,27,5,22,593,90,503,18,5,13,832,131,701,37.46327,-122.19748
California,SAN MATEO,Belmont Police Department,CA0410200,276,90,186,418,124,294,35,7,28,0,0,0,15,3,12,5,2,3,559,62,497,263,17,246,2584,263,2321,78,20,58,3406,342,3064,37.516838,-122.279594
California,SAN MATEO,Brisbane Police Department,CA0410300,92,39,53,118,47,71,6,1,5,0,0,0,0,0,0,3,1,2,361,56,305,127,28,99,473,94,379,7,1,6,961,178,783,37.687454,-122.40451
California,SAN MATEO,Burlingame Police Department,CA0410400,388,145,243,638,199,439,31,4,27,0,0,0,3,0,3,4,1,3,1190,52,1138,774,25,749,5673,397,5276,82,12,70,7637,474,7163,37.595444,-122.38218
California,SAN MATEO,Colma Police Department,CA0410500,140,49,91,283,91,192,7,2,5,0,0,0,0,0,0,1,0,1,469,85,384,185,32,153,2931,824,2107,3,0,3,3585,941,2644,37.67692,-122.458595
California,SAN MATEO,Daly City Police Department,CA0410600,1525,642,883,2807,1050,1757,147,35,112,2,0,2,18,4,14,9,4,5,1754,307,1447,1749,94,1655,10299,1475,8824,328,93,235,13802,1876,11926,37.691093,-122.472984
California,SAN MATEO,Hillsborough Police Department,CA0410800,40,10,30,55,10,45,0,0,0,0,0,0,1,0,1,0,0,0,374,6,368,28,1,27,338,13,325,10,0,10,740,20,720,37.57814,-122.35546
California,SAN MATEO,Menlo Park Police Department,CA0410900,328,137,191,567,217,350,16,5,11,0,0,0,7,2,5,2,1,1,902,96,806,274,21,253,3939,388,3551,114,41,73,5115,505,4610,37.45417,-122.17698
California,SAN MATEO,Pacifica Police Department,CA0411100,454,135,319,714,175,539,24,5,19,0,0,0,9,0,9,4,2,2,700,58,642,373,26,347,3153,237,2916,135,15,120,4226,321,3905,37.414663,-122.371545
California,SAN MATEO,Redwood City Police Department,CA0411300,1017,350,667,2013,585,1428,105,23,82,0,0,0,19,3,16,8,4,4,1778,168,1610,1468,68,1400,8531,1142,7389,359,75,284,11777,1378,10399,37.49354,-122.21956
California,SAN MATEO,San Bruno Police Department,CA0411400,742,301,441,1275,461,814,52,8,44,0,0,0,2,0,2,4,2,2,1045,166,879,843,41,802,7401,1636,5765,145,41,104,9289,1843,7446,37.639008,-122.41736
California,SAN MATEO,San Mateo Police Department,CA0411600,1928,684,1244,2811,908,1903,61,12,49,0,0,0,5,1,4,15,5,10,4618,289,4329,1735,103,1632,10696,1330,9366,251,62,189,17049,1722,15327,37.551094,-122.30515
California,SAN MATEO,South San Francisco Police Department,CA0411700,1165,424,741,1944,656,1288,68,11,57,4,1,3,15,4,11,15,7,8,1998,296,1702,1630,175,1455,8456,919,7537,211,57,154,12084,1390,10694,37.6558,-122.43701
California,SAN MATEO,Broadmoor Police Department,CA0411900,103,41,62,170,58,112,3,0,3,0,0,0,0,0,0,3,1,2,194,22,172,111,15,96,282,17,265,13,4,9,587,54,533,37.414663,-122.371545
California,SAN MATEO,Foster City Police Department,CA0412000,282,118,164,412,148,264,15,1,14,0,0,0,5,1,4,2,1,1,478,41,437,203,9,194,2455,173,2282,67,12,55,3136,223,2913,37.55951,-122.27061
California,SAN MATEO,San Francisco Bay Area Rapid Transit: San Mateo County,CA0412300,76,21,55,162,36,126,2,0,2,0,0,0,0,0,0,0,0,0,12,0,12,132,1,131,1166,21,1145,5,1,4,1310,22,1288,37.79742,-122.26664
California,SAN MATEO,Union Pacific Railroad: San Mateo County,CA041240X,0,0,0,0,0,0,0,0,0,0,0,0,0,0,0,0,0,0,0,0,0,0,0,0,1,0,1,0,0,0,1,0,1,37.798763,-122.24971
California,SAN MATEO,East Palo Alto Police Department,CA0412700,758,276,482,1479,443,1036,69,8,61,0,0,0,5,0,5,36,14,22,652,60,592,1019,75,944,2933,417,2516,141,38,103,4604,552,4052,37.472054,-122.139496
California,SAN MATEO,Highway Patrol: San Mateo County,CA0419900,20,9,11,20,9,11,2,1,1,0,0,0,0,0,0,0,0,0,2,0,2,92,21,71,69,2,67,0,0,0,163,23,140,37.494576,-122.23008
California,SANTA BARBARA,Santa Barbara County Sheriff's Office,CA0420000,2020,723,1297,2638,906,1732,112,41,71,0,0,0,0,0,0,22,7,15,2967,358,2609,226,42,184,8201,698,7503,306,80,226,11394,1098,10296,34.537248,-120.037915
California,SANTA BARBARA,Guadalupe Police Department,CA0420100,85,37,48,121,52,69,10,3,7,0,0,0,0,0,0,0,0,0,171,31,140,155,30,125,316,28,288,19,8,11,642,89,553,34.9701,-120.56895
California,SANTA BARBARA,Lompoc Police Department,CA0420200,1648,471,1177,2169,584,1585,83,3,80,1,0,1,8,0,8,34,13,21,1332,121,1211,1373,137,1236,4244,448,3796,209,31,178,6949,706,6243,34.537248,-120.037915
California,SANTA BARBARA,Santa Barbara Police Department,CA0420300,2713,1024,1689,4275,1534,2741,197,63,134,0,0,0,17,3,14,31,22,9,2521,429,2092,1551,266,1285,15150,1817,13333,660,190,470,19222,2512,16710,34.537248,-120.037915
California,SANTA BARBARA,Santa Maria Police Department,CA0420400,4291,1538,2753,6592,2046,4546,171,29,142,3,0,3,134,17,117,74,22,52,3995,418,3577,6749,706,6043,11548,1643,9905,589,98,491,22292,2767,19525,34.94979,-120.43389
California,SANTA BARBARA,Carpinteria Police Department,CA0420500,185,73,112,257,101,156,16,6,10,0,0,0,0,0,0,2,1,1,274,32,242,157,11,146,1239,138,1101,10,2,8,1670,181,1489,34.537248,-120.037915
California,SANTA BARBARA,Union Pacific Railroad: Santa Barbara County,CA042070X,1,0,1,1,0,1,0,0,0,0,0,0,0,0,0,0,0,0,1,0,1,0,0,0,10,0,10,0,0,0,11,0,11,37.798763,-122.24971
California,SANTA BARBARA,Solvang Police Department,CA0421000,80,29,51,103,36,67,0,0,0,0,0,0,0,0,0,0,0,0,141,21,120,26,1,25,391,36,355,8,2,6,558,58,500,34.537248,-120.037915
California,SANTA BARBARA,Allan Hancock College,CA0421100,0,0,0,0,0,0,0,0,0,0,0,0,0,0,0,0,0,0,14,0,14,1,0,1,79,2,77,0,0,0,94,2,92,34.946743,-120.42478
California,SANTA BARBARA,Buellton Police Department,CA0421200,30,9,21,54,19,35,1,0,1,0,0,0,0,0,0,0,0,0,99,19,80,62,4,58,382,34,348,9,6,3,543,57,486,34.537248,-120.037915
California,SANTA BARBARA,Goleta Police Department,CA042140X,365,150,215,536,210,326,33,12,21,0,0,0,0,0,0,5,3,2,796,125,671,302,40,262,2817,387,2430,52,17,35,3915,552,3363,34.44241,-119.77944
California,SANTA BARBARA,University of California: Santa Barbara,CA0429700,123,33,90,350,49,301,11,2,9,0,0,0,28,2,26,0,0,0,210,19,191,40,3,37,2509,127,2382,208,10,198,2759,149,2610,34.537248,-120.037915
California,SANTA BARBARA,Highway Patrol: Santa Barbara County,CA0429900,13,5,8,14,5,9,0,0,0,0,0,0,0,0,0,0,0,0,6,0,6,745,1,744,327,0,327,1,0,1,1078,1,1077,34.439373,-119.85107
California,SANTA CLARA,Santa Clara County Sheriff's Office,CA0430000,3112,1386,1726,3808,1601,2207,16,2,14,0,0,0,0,0,0,27,13,14,1687,178,1509,1855,190,1665,6888,407,6481,428,139,289,10430,775,9655,37.3542,-121.90724
California,SANTA CLARA,Campbell Police Department,CA0430200,585,161,424,1011,248,763,112,7,105,0,0,0,0,0,0,4,2,2,1783,113,1670,1317,97,1220,7404,877,6527,134,16,118,10504,1087,9417,37.288048,-121.94482
California,SANTA CLARA,Cupertino Police Department,CA0430300,469,208,261,777,304,473,66,2,64,0,0,0,0,0,0,8,4,4,1555,115,1440,441,56,385,5307,668,4639,109,37,72,7303,839,6464,37.3542,-121.90724
California,SANTA CLARA,Gilroy Police Department,CA0430400,1254,430,824,2283,708,1575,161,45,116,0,0,0,11,3,8,18,8,10,1618,160,1458,2549,181,2368,8176,1003,7173,326,70,256,12343,1344,10999,37.003857,-121.57284
California,SANTA CLARA,Los Altos Police Department,CA0430500,83,31,52,153,45,108,16,3,13,0,0,0,3,0,3,2,1,1,760,43,717,140,3,137,1531,74,1457,28,5,23,2431,120,2311,37.382168,-122.11404
California,SANTA CLARA,Los Altos Hills Police Department,CA0430600,27,13,14,44,17,27,22,1,21,0,0,0,0,0,0,0,0,0,252,20,232,14,4,10,204,13,191,10,2,8,470,37,433,37.3542,-121.90724
California,SANTA CLARA,Los Gatos Police Department,CA0430700,147,56,91,261,92,169,18,7,11,0,0,0,6,1,5,0,0,0,786,68,718,362,39,323,2924,201,2723,38,12,26,4072,308,3764,37.220777,-121.690622
California,SANTA CLARA,Milpitas Police Department,CA0430800,550,212,338,1135,351,784,57,15,42,0,0,0,6,1,5,18,8,10,1930,142,1788,2022,56,1966,12501,1445,11056,112,27,85,16453,1643,14810,37.452545,-121.91041
California,SANTA CLARA,Monte Sereno Police Department,CA0430900,14,7,7,14,7,7,0,0,0,0,0,0,0,0,0,0,0,0,65,2,63,14,0,14,103,2,101,0,0,0,182,4,178,37.221287,-121.97938
California,SANTA CLARA,Morgan Hill Police Department,CA0431000,746,282,464,1034,368,666,24,10,14,0,0,0,35,9,26,16,7,9,1009,123,886,1037,87,950,4201,463,3738,72,22,50,6247,673,5574,37.220777,-121.690622
California,SANTA CLARA,Mountain View Police Department,CA0431100,1174,449,725,1790,649,1141,86,16,70,0,0,0,23,4,19,3,1,2,2630,264,2366,1194,164,1030,12737,953,11784,151,51,100,16561,1381,15180,37.394695,-122.08119
California,SANTA CLARA,Palo Alto Police Department,CA0431200,423,152,271,910,294,616,93,17,76,0,0,0,16,1,15,9,4,5,1619,162,1457,684,40,644,11182,771,10411,103,19,84,13485,973,12512,37.44405,-122.15936
California,SANTA CLARA,San Jose Police Department,CA0431300,23193,6792,16401,40206,10307,29899,1254,167,1087,0,0,0,0,0,0,401,157,244,31361,1697,29664,53153,3017,50136,103429,7995,95434,4684,541,4143,187943,12709,175234,37.220777,-121.690622
California,SANTA CLARA,Santa Clara Police Department,CA0431400,1461,565,896,2489,800,1689,123,29,94,0,0,0,52,9,43,17,8,9,3718,267,3451,3499,160,3339,22460,1461,20999,296,68,228,29677,1888,27789,37.220777,-121.690622
California,SANTA CLARA,Saratoga Police Department,CA0431500,153,68,85,248,101,147,28,2,26,0,0,0,0,0,0,8,4,4,873,88,785,109,15,94,927,60,867,43,14,29,1909,163,1746,37.3542,-121.90724
California,SANTA CLARA,Sunnyvale Police Department,CA0431600,1625,689,936,2665,966,1699,200,39,161,4,0,4,54,10,44,15,7,8,4288,375,3913,2606,69,2537,16101,1208,14893,335,76,259,22995,1652,21343,37.220777,-121.690622
California,SANTA CLARA,California State University: San Jose,CA0431700,169,65,104,286,98,188,34,8,26,0,0,0,7,0,7,0,0,0,279,46,233,137,25,112,2178,298,1880,61,13,48,2594,369,2225,37.220777,-121.690622
California,SANTA CLARA,San Jose/Evergreen Community College,CA0432000,5,1,4,5,1,4,0,0,0,0,0,0,0,0,0,0,0,0,55,2,53,18,1,17,204,4,200,0,0,0,277,7,270,37.29781,-121.76399
California,SANTA CLARA,West Valley-Mission College,CA043210X,8,0,8,18,0,18,1,0,1,0,0,0,0,0,0,0,0,0,59,0,59,14,0,14,122,3,119,5,0,5,195,3,192,37.26675,-122.01386
California,SANTA CLARA,Foothill-De Anza College,CA0432700,4,1,3,9,1,8,1,0,1,0,0,0,0,0,0,0,0,0,19,0,19,11,0,11,178,0,178,1,0,1,208,0,208,37.358177,-122.1275
California,SANTA CLARA,Union Pacific Railroad: Santa Clara County,CA0433600,1,0,1,1,0,1,1,0,1,0,0,0,0,0,0,0,0,0,3,0,3,0,0,0,19,1,18,0,0,0,22,1,21,37.798763,-122.24971
California,SANTA CLARA,San Francisco Bay Area Rapid Transit:,CA043380X,5,2,3,5,2,3,0,0,0,0,0,0,0,0,0,0,0,0,0,0,0,0,0,0,0,0,0,0,0,0,0,0,0,,
California,SANTA CLARA,Santa Clara Transit District,CA043950X,479,183,296,813,284,529,0,0,0,0,0,0,0,0,0,0,0,0,34,7,27,214,32,182,601,49,552,22,7,15,849,88,761,37.3542,-121.90724
California,SANTA CLARA,Highway Patrol: Santa Clara County,CA0439900,21,5,16,22,5,17,0,0,0,0,0,0,0,0,0,0,0,0,1,0,1,420,0,420,134,0,134,1,0,1,555,0,555,37.382786,-121.911415
California,SANTA CRUZ,Santa Cruz County Sheriff's Office,CA0440000,2596,914,1682,3416,1152,2264,127,40,87,0,0,0,43,10,33,35,19,16,3398,405,2993,205,42,163,9648,709,8939,363,82,281,13251,1156,12095,37.012488,-122.007205
California,SANTA CRUZ,Capitola Police Department,CA0440100,145,43,102,265,71,194,21,1,20,0,0,0,0,0,0,2,1,1,309,38,271,214,7,207,4204,915,3289,31,1,30,4727,960,3767,36.974045,-121.95333
California,SANTA CRUZ,Santa Cruz Police Department,CA0440200,3201,1205,1996,4490,1526,2964,248,10,238,0,0,0,0,0,0,18,7,11,2663,262,2401,2118,167,1951,18583,1780,16803,342,62,280,23364,2209,21155,36.96701,-122.026955
California,SANTA CRUZ,Watsonville Police Department,CA0440300,2035,671,1364,2881,870,2011,72,2,70,0,0,0,0,0,0,19,7,12,1492,125,1367,2652,162,2490,6878,964,5914,266,53,213,11022,1251,9771,37.012488,-122.007205
California,SANTA CRUZ,Scotts Valley Police Department,CA0440400,118,47,71,206,72,134,15,4,11,0,0,0,4,0,4,0,0,0,436,49,387,102,9,93,1243,224,1019,52,12,40,1781,282,1499,37.049614,-122.017624
California,SANTA CRUZ,Union Pacific Railroad: Santa Cruz County,CA044060X,0,0,0,0,0,0,0,0,0,0,0,0,0,0,0,0,0,0,0,0,0,0,0,0,0,0,0,0,0,0,0,0,0,37.798763,-122.24971
California,SANTA CRUZ,Department of Parks and Recreation: Santa Cruz Mountains,CA0440800,15,3,12,21,3,18,11,2,9,0,0,0,1,0,1,0,0,0,208,0,208,10,2,8,626,2,624,3,0,3,844,4,840,37.043594,-122.06985
California,SANTA CRUZ,University of California: Santa Cruz,CA0449700,66,20,46,129,23,106,17,2,15,0,0,0,17,1,16,0,0,0,200,9,191,52,2,50,1434,59,1375,56,2,54,1686,70,1616,36.977455,-122.055786
California,SANTA CRUZ,Highway Patrol: Santa Cruz County,CA0449900,0,0,0,0,0,0,0,0,0,0,0,0,0,0,0,0,0,0,2,0,2,2178,1,2177,965,0,965,0,0,0,3145,1,3144,37.012488,-122.007205
California,SHASTA,Shasta County Sheriff's Office,CA0450000,4557,2021,2536,5247,2248,2999,168,17,151,0,0,0,0,0,0,58,25,33,2820,320,2500,376,75,301,3063,538,2525,401,119,282,6259,933,5326,40.582897,-122.395515
California,SHASTA,Anderson Police Department,CA0450100,619,248,371,788,298,490,33,12,21,4,2,2,9,1,8,8,4,4,561,68,493,634,83,551,2112,391,1721,71,19,52,3307,542,2765,40.453262,-122.298325
California,SHASTA,Redding Police Department,CA0450200,3772,1522,2250,5231,1936,3295,84,38,46,0,0,0,0,0,0,32,15,17,3905,377,3528,3346,580,2766,14553,2307,12246,444,75,369,21804,3264,18540,40.585827,-122.39283
California,SHASTA,Union Pacific Railroad: Shasta County,CA045030X,2,0,2,2,0,2,0,0,0,0,0,0,0,0,0,0,0,0,7,0,7,0,0,0,38,2,36,0,0,0,45,2,43,37.798763,-122.24971
California,SHASTA,Shasta County Marshal,CA0459100,4,1,3,4,1,3,0,0,0,0,0,0,0,0,0,0,0,0,2,1,1,0,0,0,0,0,0,0,0,0,2,1,1,40.583073,-122.39574
California,SHASTA,Highway Patrol: Shasta County,CA0459900,4,2,2,6,2,4,0,0,0,0,0,0,0,0,0,0,0,0,11,0,11,1360,31,1329,420,1,419,0,0,0,1791,32,1759,40.66264,-122.35714
California,SIERRA,Sierra County Sheriff's Office,CA0460000,66,26,40,69,27,42,5,2,3,0,0,0,0,0,0,0,0,0,72,8,64,7,0,7,106,7,99,1,0,1,185,15,170,39.576925,-120.521993
California,SIERRA,Union Pacific Railroad: Sierra County,CA046020X,0,0,0,0,0,0,0,0,0,0,0,0,0,0,0,0,0,0,0,0,0,0,0,0,0,0,0,0,0,0,0,0,0,37.798763,-122.24971
California,SIERRA,Highway Patrol: Sierra County,CA0469900,0,0,0,0,0,0,0,0,0,0,0,0,0,0,0,0,0,0,0,0,0,5,0,5,1,0,1,0,0,0,6,0,6,39.234642,-121.03399
California,SISKIYOU,Siskiyou County Sheriff's Office,CA0470000,663,278,385,775,305,470,8,3,5,0,0,0,5,0,5,25,9,16,735,106,629,89,30,59,607,95,512,56,9,47,1431,231,1200,41.72972,-122.63826
California,SISKIYOU,Dorris Police Department,CA0470100,44,17,27,48,18,30,0,0,0,0,0,0,0,0,0,0,0,0,69,4,65,18,4,14,80,20,60,4,1,3,167,28,139,41.72972,-122.63826
California,SISKIYOU,Dunsmuir Police Department,CA0470200,107,41,66,120,44,76,0,0,0,0,0,0,0,0,0,2,1,1,82,14,68,43,13,30,136,25,111,10,2,8,261,52,209,41.587986,-122.533287
California,SISKIYOU,Etna Police Department,CA0470300,21,9,12,22,9,13,0,0,0,0,0,0,0,0,0,0,0,0,9,2,7,9,4,5,23,4,19,1,0,1,41,10,31,41.587986,-122.533287
California,SISKIYOU,Fort Jones Police Department,CA0470400,42,20,22,45,21,24,0,0,0,0,0,0,0,0,0,0,0,0,52,14,38,9,1,8,55,5,50,3,1,2,116,20,96,41.72972,-122.63826
California,SISKIYOU,Montague Police Department,CA0470500,108,45,63,127,52,75,6,3,3,0,0,0,1,0,1,2,1,1,81,10,71,39,14,25,87,12,75,13,4,9,207,36,171,41.587986,-122.533287
California,SISKIYOU,Mount Shasta Police Department,CA0470600,122,49,73,147,58,89,8,1,7,0,0,0,0,0,0,3,1,2,67,9,58,68,16,52,327,85,242,14,6,8,462,110,352,41.313313,-122.31235
California,SISKIYOU,Tulelake Police Department,CA0470700,13,6,7,20,9,11,0,0,0,0,0,0,0,0,0,0,0,0,17,3,14,9,3,6,27,2,25,7,3,4,53,8,45,41.587986,-122.533287
California,SISKIYOU,Weed Police Department,CA0470800,208,70,138,254,79,175,1,0,1,0,0,0,5,0,5,2,1,1,129,21,108,66,8,58,469,78,391,20,4,16,664,107,557,41.587986,-122.533287
California,SISKIYOU,Yreka Police Department,CA0470900,624,282,342,678,303,375,8,2,6,0,0,0,0,0,0,6,3,3,424,75,349,454,174,280,1817,608,1209,27,9,18,2695,857,1838,41.732212,-122.638565
California,SISKIYOU,Lake Shastina Police Department,CA0471000,31,13,18,32,13,19,0,0,0,0,0,0,0,0,0,0,0,0,15,2,13,18,7,11,63,11,52,1,0,1,96,20,76,41.587986,-122.533287
California,SISKIYOU,Union Pacific Railroad: Siskiyou County,CA0471600,2,1,1,2,1,1,0,0,0,0,0,0,0,0,0,0,0,0,10,0,10,0,0,0,15,2,13,0,0,0,25,2,23,37.798763,-122.24971
California,SISKIYOU,Highway Patrol: Siskiyou County,CA0479900,7,2,5,8,2,6,2,1,1,0,0,0,0,0,0,0,0,0,9,0,9,257,28,229,104,6,98,0,0,0,370,34,336,41.587986,-122.533287
California,SOLANO,Solano County Sheriff's Office,CA0480000,1049,454,595,1339,555,784,77,14,63,0,0,0,0,0,0,17,5,12,1180,233,947,657,133,524,1361,219,1142,107,37,70,3198,585,2613,38.267226,-121.939594
California,SOLANO,Benicia Police Department,CA0480100,127,51,76,287,93,194,41,6,35,0,0,0,4,0,4,4,2,2,722,67,655,510,30,480,2114,133,1981,58,19,39,3346,230,3116,38.05287,-122.153496
California,SOLANO,Dixon Police Department,CA0480200,521,218,303,709,273,436,40,5,35,0,0,0,15,5,10,5,2,3,409,40,369,454,73,381,2377,319,2058,53,14,39,3240,432,2808,38.44554,-121.82381
California,SOLANO,Fairfield Police Department,CA0480300,3188,1139,2049,5374,1706,3668,288,65,223,1,0,1,8,2,6,89,38,51,3245,267,2978,4345,321,4024,16844,1223,15621,486,99,387,24434,1811,22623,38.251545,-122.04343
California,SOLANO,Rio Vista Police Department,CA0480400,303,131,172,339,142,197,3,1,2,0,0,0,0,0,0,0,0,0,279,81,198,174,57,117,678,222,456,17,5,12,1131,360,771,38.15519,-121.689926
California,SOLANO,Suisun City Police Department,CA0480500,711,278,433,1101,395,706,90,26,64,0,0,0,9,1,8,10,3,7,668,117,551,720,94,626,3974,584,3390,127,38,89,5362,795,4567,38.239162,-122.036934
California,SOLANO,Vacaville Police Department,CA0480600,1891,800,1091,2919,1132,1787,89,4,85,4,2,2,14,1,13,16,7,9,1514,198,1316,1540,243,1297,14581,2590,11991,258,57,201,17635,3031,14604,38.35016,-121.99458
California,SOLANO,Vallejo Police Department,CA0480700,5876,1689,4187,10227,2697,7530,481,87,394,1,0,1,10,0,10,164,47,117,16395,1173,15222,8060,691,7369,11272,698,10574,1035,264,771,35727,2562,33165,38.267226,-121.939594
California,SOLANO,Union Pacific Railroad: Solano County,CA048080X,0,0,0,0,0,0,0,0,0,0,0,0,0,0,0,0,0,0,3,0,3,0,0,0,23,0,23,0,0,0,26,0,26,37.798763,-122.24971
California,SOLANO,Highway Patrol: Solano County,CA0489900,9,0,9,9,0,9,0,0,0,0,0,0,0,0,0,0,0,0,3,0,3,273,8,265,39,0,39,0,0,0,315,8,307,38.083885,-122.19726
California,SONOMA,Sonoma County Sheriff's Office,CA0490000,5641,2680,2961,6922,3130,3792,181,47,134,0,0,0,32,1,31,46,20,26,3197,553,2644,133,47,86,6107,795,5312,712,228,484,9437,1395,8042,38.46769,-122.72429
California,SONOMA,Cloverdale Police Department,CA0490100,164,75,89,233,100,133,15,2,13,0,0,0,0,0,0,0,0,0,165,32,133,80,20,60,719,113,606,42,16,26,964,165,799,38.806206,-123.01682
California,SONOMA,Cotati Police Department,CA0490200,367,164,203,468,201,267,9,2,7,0,0,0,0,0,0,4,2,2,195,37,158,109,15,94,563,113,450,57,23,34,867,165,702,38.323624,-122.70799
California,SONOMA,Healdsburg Police Department,CA0490300,189,67,122,246,82,164,7,2,5,0,0,0,4,0,4,5,2,3,232,28,204,162,31,131,1354,189,1165,17,1,16,1748,248,1500,38.609367,-122.86905
California,SONOMA,Rohnert Park Police Department,CA0490400,2049,886,1163,2634,1062,1572,65,19,46,6,3,3,18,2,16,2,1,1,936,134,802,788,71,717,4793,775,4018,291,73,218,6517,980,5537,38.525026,-122.937605
California,SONOMA,Santa Rosa Police Department,CA0490500,6066,2635,3431,8449,3273,5176,272,76,196,0,0,0,63,2,61,63,29,34,4278,584,3694,3213,430,2783,18000,2689,15311,1029,202,827,25491,3703,21788,38.525026,-122.937605
California,SONOMA,Sebastopol Police Department,CA0490600,150,65,85,227,95,132,13,3,10,0,0,0,0,0,0,4,2,2,409,111,298,99,23,76,881,192,689,26,8,18,1389,326,1063,38.525026,-122.937605
California,SONOMA,Sonoma Police Department,CA0490700,318,155,163,395,183,212,13,4,9,0,0,0,0,0,0,0,0,0,220,35,185,64,13,51,1028,184,844,42,15,27,1312,232,1080,38.29818,-122.45794
California,SONOMA,Petaluma Police Department,CA0490800,2096,938,1158,2801,1180,1621,83,21,62,1,0,1,14,0,14,16,7,9,1305,294,1011,608,91,517,6023,1011,5012,319,104,215,7936,1396,6540,38.245697,-122.64498
California,SONOMA,Sonoma State University,CA0490900,10,1,9,43,3,40,0,0,0,0,0,0,1,0,1,2,1,1,89,5,84,33,0,33,397,4,393,31,1,30,519,9,510,38.525026,-122.937605
California,SONOMA,Union Pacific Railroad: Sonoma County,CA049100X,0,0,0,0,0,0,0,0,0,0,0,0,0,0,0,0,0,0,0,0,0,0,0,0,1,0,1,0,0,0,1,0,1,37.798763,-122.24971
California,SONOMA,Department of Parks and Recreation: Silverado,CA0491100,6,2,4,8,2,6,0,0,0,0,0,0,0,0,0,0,0,0,21,0,21,0,0,0,24,0,24,0,0,0,45,0,45,38.525026,-122.937605
California,SONOMA,Department of Parks and Recreation: Russian River,CA0491200,18,6,12,21,7,14,4,1,3,0,0,0,0,0,0,0,0,0,20,3,17,7,2,5,188,6,182,1,0,1,215,11,204,38.525026,-122.937605
California,SONOMA,Santa Rosa Junior College,CA0491400,38,16,22,44,17,27,1,0,1,0,0,0,0,0,0,0,0,0,35,4,31,8,1,7,326,16,310,3,0,3,369,21,348,38.454853,-122.71736
California,SONOMA,Windsor Police Department,CA049150X,541,250,291,715,315,400,14,3,11,0,0,0,0,0,0,0,0,0,270,54,216,121,14,107,1876,517,1359,85,29,56,2267,585,1682,38.46769,-122.72429
California,SONOMA,Highway Patrol: Sonoma County,CA0499900,9,1,8,11,2,9,0,0,0,0,0,0,0,0,0,0,0,0,2,0,2,762,13,749,509,1,508,0,0,0,1273,14,1259,38.349846,-122.721176
California,STANISLAUS,Stanislaus County Sheriff's Office,CA0500000,2768,913,1855,4188,1247,2941,141,31,110,0,0,0,2,1,1,124,47,77,4496,389,4107,439,81,358,7200,234,6966,235,36,199,12135,704,11431,37.587627,-120.99018
California,STANISLAUS,Ceres Police Department,CA0500100,1371,504,867,2162,745,1417,104,29,75,0,0,0,7,0,7,13,6,7,1922,223,1699,2637,372,2265,6183,1088,5095,149,45,104,10742,1683,9059,37.592953,-120.95455
California,STANISLAUS,Modesto Police Department,CA0500200,15794,6364,9430,20898,7761,13137,712,126,586,2,1,1,92,27,65,196,83,113,8694,900,7794,10274,1299,8975,40229,3572,36657,978,264,714,59197,5771,53426,37.636703,-120.99575
California,STANISLAUS,Newman Police Department,CA0500300,150,54,96,218,80,138,8,3,5,0,0,0,3,1,2,7,3,4,246,41,205,234,22,212,556,62,494,18,5,13,1036,125,911,37.562384,-121.002656
California,STANISLAUS,Oakdale Police Department,CA0500400,364,146,218,579,218,361,37,8,29,0,0,0,5,2,3,4,2,2,790,87,703,545,61,484,3196,527,2669,87,26,61,4531,675,3856,37.76764,-120.84985
California,STANISLAUS,Patterson Police Department,CA0500500,352,120,232,504,157,347,16,4,12,0,0,0,0,0,0,2,0,2,547,50,497,765,33,732,1780,64,1716,25,2,23,3092,147,2945,37.470737,-121.13036
California,STANISLAUS,Riverbank Police Department,CA0500600,213,83,130,404,148,256,16,5,11,0,0,0,0,0,0,9,5,4,577,78,499,390,21,369,2732,330,2402,21,8,13,3699,429,3270,37.7363,-120.93573
California,STANISLAUS,Turlock Police Department,CA0500700,2836,971,1865,4205,1322,2883,293,50,243,0,0,0,10,1,9,45,15,30,3211,345,2866,3356,369,2987,11972,1576,10396,239,53,186,18539,2290,16249,37.562384,-121.002656
California,STANISLAUS,Waterford Police Department,CA0500800,127,38,89,169,51,118,0,0,0,0,0,0,0,0,0,1,1,0,155,8,147,228,12,216,425,13,412,5,1,4,808,33,775,37.562384,-121.002656
California,STANISLAUS,Hughson Police Department,CA0500900,50,17,33,64,21,43,8,2,6,0,0,0,0,0,0,0,0,0,147,12,135,112,7,105,397,18,379,0,0,0,656,37,619,37.562384,-121.002656
California,STANISLAUS,California State University: Stanislaus,CA0501000,6,2,4,19,2,17,2,1,1,0,0,0,2,0,2,0,0,0,7,0,7,29,8,21,287,13,274,13,0,13,323,21,302,37.562384,-121.002656
California,STANISLAUS,Union Pacific Railroad: Stanislaus County,CA050120X,0,0,0,0,0,0,0,0,0,0,0,0,0,0,0,0,0,0,5,0,5,0,0,0,28,0,28,0,0,0,33,0,33,37.798763,-122.24971
California,STANISLAUS,Highway Patrol: Stanislaus County,CA0509900,1,0,1,1,0,1,0,0,0,0,0,0,0,0,0,0,0,0,12,0,12,2335,1,2334,707,0,707,0,0,0,3054,1,3053,37.710976,-121.07166
California,SUTTER,Sutter County Sheriff's Office,CA0510000,600,205,395,719,230,489,18,6,12,0,0,0,0,0,0,6,1,5,1221,75,1146,360,28,332,2091,92,1999,51,10,41,3672,195,3477,39.128967,-121.60707
California,SUTTER,Yuba City Police Department,CA0510200,1897,719,1178,2902,1004,1898,107,32,75,7,2,5,31,1,30,32,14,18,2573,413,2160,2151,239,1912,11632,2401,9231,253,37,216,16356,3053,13303,39.144726,-121.641426
California,SUTTER,Union Pacific Railroad: Sutter County,CA051040X,0,0,0,0,0,0,0,0,0,0,0,0,0,0,0,0,0,0,1,0,1,0,0,0,2,0,2,0,0,0,3,0,3,37.798763,-122.24971
California,SUTTER,Highway Patrol: Sutter County,CA0519900,0,0,0,0,0,0,0,0,0,0,0,0,0,0,0,0,0,0,0,0,0,227,0,227,42,0,42,0,0,0,269,0,269,39.144722,-121.64491
California,TEHAMA,Tehama County Sheriff's Office,CA0520000,1390,608,782,1751,747,1004,48,19,29,0,0,0,44,6,38,48,22,26,1566,221,1345,118,28,90,1730,220,1510,195,75,120,3414,469,2945,40.126156,-122.232276
California,TEHAMA,Corning Police Department,CA0520100,384,152,232,476,186,290,32,11,21,0,0,0,7,1,6,3,1,2,540,85,455,335,50,285,1427,290,1137,47,19,28,2302,425,1877,39.928185,-122.179276
California,TEHAMA,Red Bluff Police Department,CA0520200,1292,547,745,1866,739,1127,220,62,158,2,1,1,24,2,22,14,8,6,1534,250,1284,984,148,836,5711,1440,4271,272,92,180,8229,1838,6391,40.175694,-122.23484
California,TEHAMA,Union Pacific Railroad: Tehama County,CA052040X,0,0,0,0,0,0,0,0,0,0,0,0,0,0,0,0,0,0,0,0,0,0,0,0,10,0,10,0,0,0,10,0,10,37.798763,-122.24971
California,TEHAMA,Highway Patrol: Tehama County,CA0529900,0,0,0,0,0,0,0,0,0,0,0,0,0,0,0,0,0,0,4,1,3,654,16,638,237,2,235,0,0,0,895,19,876,40.20063,-122.243195
California,TRINITY,Trinity County Sheriff's Office,CA0530000,642,261,381,791,312,479,30,8,22,0,0,0,5,1,4,21,10,11,839,258,581,30,10,20,1001,304,697,62,19,43,1870,572,1298,40.647724,-123.114404
California,TRINITY,Union Pacific Railroad: Trinity County,CA053010X,0,0,0,0,0,0,0,0,0,0,0,0,0,0,0,0,0,0,0,0,0,0,0,0,0,0,0,0,0,0,0,0,0,37.798763,-122.24971
California,TRINITY,Highway Patrol: Trinity County,CA0539900,5,0,5,5,0,5,0,0,0,0,0,0,0,0,0,0,0,0,2,0,2,278,0,278,78,0,78,0,0,0,358,0,358,40.647724,-123.114404
California,TULARE,Tulare County Sheriff's Office,CA0540000,2433,730,1703,3493,1011,2482,2,1,1,0,0,0,0,0,0,236,134,102,5021,521,4500,133,2,131,10041,982,9059,284,63,221,15195,1505,13690,36.327877,-119.317764
California,TULARE,Dinuba Police Department,CA0540100,1790,704,1086,2109,800,1309,93,5,88,0,0,0,17,2,15,10,4,6,790,86,704,730,74,656,3901,683,3218,83,20,63,5421,843,4578,36.55121,-119.39516
California,TULARE,Exeter Police Department,CA0540200,207,83,124,299,121,178,17,5,12,0,0,0,0,0,0,6,1,5,484,65,419,248,33,215,1321,107,1214,38,18,20,2053,205,1848,36.297142,-119.138405
California,TULARE,Farmersville Police Department,CA0540300,313,103,210,387,127,260,24,10,14,0,0,0,1,0,1,7,2,5,265,43,222,219,13,206,736,26,710,11,4,7,1220,82,1138,36.29776,-119.19875
California,TULARE,Lindsay Police Department,CA0540400,435,167,268,579,217,362,46,7,39,0,0,0,1,0,1,5,0,5,397,42,355,561,74,487,1026,89,937,22,8,14,1984,205,1779,36.228824,-118.781061
California,TULARE,Porterville Police Department,CA0540500,1694,346,1348,2372,482,1890,48,21,27,2,1,1,43,7,36,33,11,22,2219,163,2056,2228,175,2053,6499,171,6328,200,57,143,10946,509,10437,36.072,-119.01828
California,TULARE,Tulare Police Department,CA0540600,2746,1021,1725,3883,1378,2505,105,29,76,0,0,0,74,6,68,84,40,44,2490,313,2177,3124,268,2856,9638,1709,7929,350,120,230,15252,2290,12962,36.207127,-119.34315
California,TULARE,Visalia Police Department,CA0540700,3337,1145,2192,5596,1744,3852,324,82,242,0,0,0,58,4,54,79,32,47,6082,936,5146,4254,370,3884,20162,2229,17933,874,224,650,30498,3535,26963,36.32839,-119.29881
California,TULARE,Woodlake Police Department,CA0540800,241,87,154,278,96,182,30,9,21,0,0,0,0,0,0,3,0,3,159,30,129,109,23,86,522,62,460,13,2,11,790,115,675,36.418293,-119.09891
California,TULARE,Union Pacific Railroad: Tulare County,CA054100X,0,0,0,0,0,0,0,0,0,0,0,0,0,0,0,0,0,0,5,1,4,0,0,0,18,1,17,0,0,0,23,2,21,37.798763,-122.24971
California,TULARE,College of the Sequoias,CA0541100,4,0,4,8,0,8,23,11,12,0,0,0,0,0,0,0,0,0,50,0,50,30,0,30,272,0,272,1,0,1,352,0,352,36.33777,-119.31424
California,TULARE,Highway Patrol: Tulare County,CA0549900,0,0,0,0,0,0,121,1,120,0,0,0,0,0,0,0,0,0,2,0,2,3782,74,3708,584,1,583,0,0,0,4368,75,4293,36.228824,-118.781061
California,TUOLUMNE,Tuolumne County Sheriff's Office,CA0550000,1418,506,912,2039,649,1390,59,20,39,0,0,0,29,4,25,13,6,7,2366,267,2099,79,22,57,2547,290,2257,485,100,385,4992,579,4413,37.984512,-120.38597
California,TUOLUMNE,Sonora Police Department,CA0550100,238,103,135,400,164,236,66,24,42,0,0,0,3,0,3,1,0,1,521,104,417,193,45,148,2314,792,1522,79,30,49,3028,941,2087,37.98655,-120.38485
California,TUOLUMNE,Highway Patrol: Tuolumne County,CA0559900,1,0,1,1,0,1,0,0,0,0,0,0,0,0,0,0,0,0,3,0,3,539,75,464,447,14,433,0,0,0,989,89,900,37.956852,-120.41814
California,VENTURA,Ventura County Sheriff's Office,CA0560000,1094,418,676,1538,553,985,100,26,74,0,0,0,0,0,0,34,14,20,1373,154,1219,637,85,552,3739,372,3367,212,52,160,5749,611,5138,34.26795,-119.212875
California,VENTURA,Camarillo Police Department,CA0560100,502,210,292,883,312,571,61,20,41,0,0,0,0,0,0,14,5,9,1125,141,984,512,51,461,6404,1135,5269,126,26,100,8041,1327,6714,34.26795,-119.212875
California,VENTURA,Fillmore Police Department,CA0560200,299,117,182,415,156,259,42,11,31,0,0,0,0,0,0,4,2,2,208,43,165,159,33,126,861,214,647,51,12,39,1228,290,938,34.26795,-119.212875
California,VENTURA,Ojai Police Department,CA0560300,40,17,23,65,23,42,6,3,3,0,0,0,0,0,0,0,0,0,116,15,101,29,2,27,455,89,366,16,3,13,600,106,494,34.26795,-119.212875
California,VENTURA,Oxnard Police Department,CA0560400,3982,1046,2936,7451,1686,5765,338,49,289,0,0,0,0,0,0,135,54,81,5745,402,5343,5461,480,4981,27088,2582,24506,543,103,440,38294,3464,34830,34.200966,-119.181076
California,VENTURA,Port Hueneme Police Department,CA0560500,314,103,211,547,163,384,45,10,35,0,0,0,0,0,0,6,1,5,524,44,480,393,20,373,2210,191,2019,63,18,45,3127,255,2872,34.14973,-119.19544
California,VENTURA,Santa Paula Police Department,CA0560600,849,336,513,1195,443,752,37,11,26,0,0,0,4,0,4,20,10,10,800,105,695,412,66,346,2553,466,2087,66,14,52,3765,637,3128,34.35691,-119.06136
California,VENTURA,Thousand Oaks Police Department,CA0560700,707,272,435,1257,423,834,59,17,42,0,0,0,0,0,0,33,15,18,1778,176,1602,804,92,712,9632,1428,8204,227,40,187,12214,1696,10518,34.26795,-119.212875
California,VENTURA,Ventura Police Department,CA0560800,2779,1048,1731,4290,1469,2821,193,52,141,0,0,0,13,1,12,35,15,20,3887,434,3453,2272,328,1944,21139,3320,17819,421,82,339,27298,4082,23216,34.26,-119.2226
California,VENTURA,Simi Valley Police Department,CA0560900,1183,468,715,1843,665,1178,56,13,43,0,0,0,2,0,2,21,12,9,1891,166,1725,889,104,785,8637,1178,7459,237,41,196,11417,1448,9969,34.286324,-118.72261
California,VENTURA,Department of Parks and Recreation: Angeles,CA0561300,22,6,16,24,6,18,0,0,0,0,0,0,0,0,0,0,0,0,74,2,72,5,2,3,152,6,146,1,0,1,231,10,221,34.358741,-119.133143
California,VENTURA,Moorpark Police Department,CA056140X,213,86,127,330,117,213,22,6,16,0,0,0,0,0,0,6,3,3,372,42,330,177,35,142,1841,420,1421,47,5,42,2390,497,1893,,
California,VENTURA,Department of Parks and Recreation: Channel Coast,CA0561500,21,6,15,26,6,20,1,0,1,1,0,1,1,0,1,1,0,1,57,3,54,6,1,5,409,1,408,2,0,2,472,5,467,34.358741,-119.133143
California,VENTURA,Department of Parks and Recreation: Hungry Valley,CA0561700,5,2,3,5,2,3,0,0,0,0,0,0,0,0,0,0,0,0,4,0,4,3,1,2,2,0,2,0,0,0,9,1,8,34.358741,-119.133143
California,VENTURA,Union Pacific Railroad: Ventura County,CA0562100,3,1,2,3,1,2,0,0,0,0,0,0,0,0,0,0,0,0,0,0,0,0,0,0,11,0,11,0,0,0,11,0,11,34.358741,-119.133143
California,VENTURA,California State University: Channel Islands,CA0562200,11,5,6,32,7,25,1,0,1,0,0,0,1,0,1,0,0,0,21,2,19,17,7,10,446,121,325,20,2,18,484,130,354,34.183487,-119.04012
California,VENTURA,Ventura County Community College District,CA056800X,10,3,7,16,5,11,4,1,3,0,0,0,0,0,0,0,0,0,76,3,73,8,1,7,269,15,254,2,0,2,353,19,334,,
California,VENTURA,Highway Patrol: Ventura County,CA0569900,13,6,7,13,6,7,0,0,0,0,0,0,0,0,0,0,0,0,1,0,1,195,13,182,88,0,88,0,0,0,284,13,271,34.261433,-119.23135
California,YOLO,Yolo County Sheriff's Office,CA0570000,634,243,391,768,274,494,21,3,18,0,0,0,0,0,0,13,5,8,682,87,595,157,28,129,1434,92,1342,56,6,50,2273,207,2066,38.679595,-121.902444
California,YOLO,Davis Police Department,CA0570100,552,163,389,1047,238,809,71,9,62,0,0,0,29,2,27,11,4,7,2122,178,1944,878,56,822,11428,551,10877,169,15,154,14428,785,13643,38.679595,-121.902444
California,YOLO,Winters Police Department,CA0570200,126,53,73,155,64,91,13,4,9,0,0,0,0,0,0,0,0,0,128,19,109,142,58,84,600,63,537,9,4,5,870,140,730,38.521507,-121.97047
California,YOLO,Woodland Police Department,CA0570300,1873,698,1175,2569,904,1665,279,66,213,0,0,0,26,1,25,17,7,10,2083,244,1839,2011,442,1569,8987,980,8007,176,39,137,13081,1666,11415,38.679595,-121.902444
California,YOLO,West Sacramento Police Department,CA0570400,1298,513,785,2302,818,1484,151,33,118,0,0,0,4,1,3,28,13,15,1627,252,1375,2316,1038,1278,8261,2043,6218,190,51,139,12204,3333,8871,38.679595,-121.902444
California,YOLO,Union Pacific Railroad: Yolo County,CA057050X,0,0,0,0,0,0,0,0,0,0,0,0,0,0,0,0,0,0,2,0,2,0,0,0,4,0,4,0,0,0,6,0,6,37.798763,-122.24971
California,YOLO,University of California: Davis,CA0579700,66,15,51,141,22,119,17,1,16,0,0,0,6,0,6,0,0,0,453,11,442,238,5,233,4378,51,4327,56,4,52,5069,67,5002,38.679595,-121.902444
California,YOLO,Highway Patrol: Yolo County,CA0579900,0,0,0,2,1,1,0,0,0,0,0,0,0,0,0,0,0,0,3,0,3,253,7,246,72,1,71,0,0,0,328,8,320,38.679595,-121.902444
California,YUBA,Yuba County Sheriff's Office,CA0580000,1601,482,1119,2164,631,1533,137,21,116,0,0,0,0,0,0,51,25,26,2530,193,2337,127,42,85,4838,242,4596,164,31,133,7495,477,7018,39.270026,-121.34428
California,YUBA,Marysville Police Department,CA0580100,805,305,500,1104,367,737,69,1,68,2,0,2,11,3,8,11,4,7,609,56,553,956,57,899,2072,224,1848,100,16,84,3637,337,3300,39.270026,-121.34428
California,YUBA,Wheatland Police Department,CA0580200,56,27,29,64,29,35,5,1,4,0,0,0,0,0,0,0,0,0,77,8,69,71,15,56,225,21,204,1,0,1,373,44,329,39.270026,-121.34428
California,YUBA,Union Pacific Railroad: Yuba County,CA058030X,0,0,0,0,0,0,0,0,0,0,0,0,0,0,0,0,0,0,1,0,1,0,0,0,19,1,18,0,0,0,20,1,19,37.798763,-122.24971
California,YUBA,Highway Patrol: Yuba County,CA0589900,0,0,0,1,0,1,0,0,0,0,0,0,0,0,0,0,0,0,0,0,0,1868,0,1868,268,0,268,0,0,0,2136,0,2136,39.144722,-121.64491
California,NOT SPECIFIED,Blue Lake Tribal,CADI03900,14,2,12,16,2,14,0,0,0,0,0,0,0,0,0,0,0,0,0,0,0,8,2,6,125,1,124,1,0,1,133,3,130,,
California,NOT SPECIFIED,La Jolla Tribal,CADI0990X,22,6,16,39,17,22,0,0,0,0,0,0,0,0,0,2,1,1,10,0,10,0,0,0,14,0,14,0,0,0,24,0,24,,
California,NOT SPECIFIED,Tule River Tribal,CADIT0000,44,15,29,50,18,32,0,0,0,0,0,0,0,0,0,0,0,0,34,7,27,16,6,10,48,9,39,0,0,0,98,22,76,36.228824,-118.781061
California,NOT SPECIFIED,Yurok Tribal,CADIT0200,42,8,34,62,13,49,8,0,8,0,0,0,1,0,1,0,0,0,59,6,53,18,4,14,110,5,105,4,0,4,187,15,172,41.749903,-123.980998
California,NOT SPECIFIED,Sycuan Tribal,CADIT0400,195,93,102,239,112,127,0,0,0,0,0,0,1,0,1,2,1,1,202,90,112,342,140,202,436,160,276,10,4,6,980,390,590,,
California,NOT SPECIFIED,Los Coyotes Tribal,CADIT0500,26,13,13,26,13,13,0,0,0,0,0,0,0,0,0,0,0,0,28,9,19,4,2,2,7,1,6,0,0,0,39,12,27,,
California,NOT SPECIFIED,Hoopa Valley Tribal,CADIT0800,195,69,126,204,73,131,1,0,1,0,0,0,0,0,0,0,0,0,63,10,53,12,5,7,84,16,68,0,0,0,159,31,128,40.706673,-123.925818
California,NOT SPECIFIED,Coyote Valley Tribal,CADIT0900,4,2,2,4,2,2,0,0,0,0,0,0,0,0,0,0,0,0,1,1,0,1,1,0,1,1,0,0,0,0,3,3,0,,
California,NOT SPECIFIED,Table Mountain Rancheria,CADIT1100,18,4,14,28,4,24,0,0,0,0,0,0,0,0,0,0,0,0,45,0,45,82,5,77,803,95,708,0,0,0,930,100,830,,
California,NOT SPECIFIED,San Pasqual Band of Mission Indians Tribal,CADIT1400,20,9,11,26,12,14,0,0,0,0,0,0,0,0,0,0,0,0,9,1,8,32,9,23,93,24,69,0,0,0,134,34,100,,
California,NOT SPECIFIED,Bear River Band,CADIT1600,11,5,6,17,8,9,0,0,0,0,0,0,0,0,0,6,3,3,2,1,1,5,2,3,9,4,5,0,0,0,16,7,9,,
