State,County,Agency,Ori,total aggravated-assault crimes (2015-2023),total aggravated-assault cleared crimes (2015-2023),total aggravated-assault actual crimes (2015-2023),total violent-crime crimes (2015-2023),total violent-crime cleared crimes (2015-2023),total violent-crime actual crimes (2015-2023),total arson crimes (2015-2023),total arson cleared crimes (2015-2023),total arson actual crimes (2015-2023),total human-trafficing crimes (2015-2023),total human-trafficing cleared crimes (2015-2023),total human-trafficing actual crimes (2015-2023),total rape-legacy crimes (2015-2023),total rape-legacy cleared crimes (2015-2023),total rape-legacy actual crimes (2015-2023),total homicide crimes (2015-2023),total homicide cleared crimes (2015-2023),total homicide actual crimes (2015-2023),total burglary crimes (2015-2023),total burglary cleared crimes (2015-2023),total burglary actual crimes (2015-2023),total motor-vehicle-theft crimes (2015-2023),total motor-vehicle-theft cleared crimes (2015-2023),total motor-vehicle-theft actual crimes (2015-2023),total larceny crimes (2015-2023),total larceny cleared crimes (2015-2023),total larceny actual crimes (2015-2023),total rape crimes (2015-2023),total rape cleared crimes (2015-2023),total rape actual crimes (2015-2023),total property-crime crimes (2015-2023),total property-crime cleared crimes (2015-2023),total property-crime actual crimes (2015-2023),Latitude,Longitude
Alabama,JEFFERSON,Jefferson County Sheriff's Office,AL0010000,4704,1098,3606,6350,1452,4898,161,20,141,3,0,3,78,8,70,77,18,59,8294,728,7566,1638,109,1529,8313,564,7749,436,74,362,18245,1401,16844,33.553444,-86.896536
Alabama,JEFFERSON,Bessemer Police Department,AL0010100,3177,74,3103,4020,126,3894,75,8,67,0,0,0,16,2,14,69,11,58,2589,36,2553,1371,32,1339,9808,298,9510,123,5,118,13768,366,13402,33.396152,-86.95345
Alabama,"JEFFERSON, SHELBY",Birmingham Police Department,AL0010200,17742,2882,14860,25074,4227,20847,900,43,857,0,0,0,106,15,91,774,201,573,14718,1035,13683,11244,1561,9683,45778,2474,43304,877,121,756,71740,5070,66670,33.553444,-86.896536
Alabama,JEFFERSON,Mountain Brook Police Department,AL0010300,67,26,41,116,41,75,4,1,3,0,0,0,4,1,3,2,1,1,279,34,245,96,20,76,1527,262,1265,8,1,7,1902,316,1586,33.50124,-86.75607
Alabama,JEFFERSON,Fairfield Police Department,AL0010400,456,70,386,774,119,655,13,3,10,0,0,0,0,0,0,34,11,23,789,37,752,309,25,284,1623,148,1475,24,3,21,2721,210,2511,33.553444,-86.896536
Alabama,JEFFERSON,Gardendale Police Department,AL0010500,560,212,348,637,238,399,6,0,6,0,0,0,6,2,4,4,2,2,276,46,230,174,46,128,2600,712,1888,30,12,18,3050,804,2246,33.553444,-86.896536
Alabama,"JEFFERSON, SHELBY, ST CLAIR",Leeds Police Department,AL0010600,327,53,274,439,88,351,9,3,6,0,0,0,12,4,8,5,1,4,341,67,274,168,27,141,1932,291,1641,41,15,26,2441,385,2056,33.553444,-86.896536
Alabama,JEFFERSON,Midfield Police Department,AL0010700,262,24,238,422,38,384,5,1,4,0,0,0,4,2,2,16,5,11,495,20,475,136,6,130,847,56,791,19,4,15,1478,82,1396,33.553444,-86.896536
Alabama,JEFFERSON,Tarrant Police Department,AL0010800,968,334,634,1226,418,808,19,0,19,0,0,0,13,4,9,16,6,10,826,143,683,355,77,278,2200,599,1601,48,16,32,3381,819,2562,33.585728,-86.775024
Alabama,"JEFFERSON, SHELBY",Vestavia Hills Police Department,AL0010900,261,103,158,356,132,224,5,1,4,0,0,0,16,3,13,7,3,4,613,208,405,320,98,222,2999,995,2004,43,9,34,3932,1301,2631,33.553444,-86.896536
Alabama,JEFFERSON,Homewood Police Department,AL0011000,205,36,169,484,92,392,5,0,5,5,2,3,0,0,0,2,0,2,747,57,690,436,24,412,4875,427,4448,53,8,45,6058,508,5550,33.479603,-86.791016
Alabama,JEFFERSON,Fultondale Police Department,AL0011100,253,81,172,355,109,246,11,3,8,0,0,0,10,3,7,8,4,4,374,48,326,216,36,180,2088,390,1698,30,7,23,2678,474,2204,33.553444,-86.896536
Alabama,"JEFFERSON, SHELBY",Hoover Police Department,AL0011200,647,245,402,1241,446,795,18,6,12,0,0,0,108,32,76,38,15,23,1512,114,1398,697,52,645,12521,2359,10162,211,73,138,14730,2525,12205,33.38795,-86.80636
Alabama,JEFFERSON,Irondale Police Department,AL0011300,414,93,321,561,148,413,12,3,9,0,0,0,3,0,3,12,3,9,907,344,563,400,111,289,2198,744,1454,47,17,30,3505,1199,2306,33.538326,-86.70705
Alabama,JEFFERSON,Pleasant Grove Police Department,AL0011400,134,18,116,169,25,144,7,0,7,0,0,0,2,1,1,1,0,1,203,10,193,71,7,64,712,34,678,19,4,15,986,51,935,33.49046,-86.9703
Alabama,JEFFERSON,Brighton Police Department,AL0011800,45,0,45,64,1,63,0,0,0,0,0,0,0,0,0,6,0,6,38,1,37,14,0,14,83,3,80,0,0,0,135,4,131,33.42912,-86.94988
Alabama,JEFFERSON,Hueytown Police Department,AL0011900,435,91,344,577,141,436,13,4,9,0,0,0,7,3,4,20,9,11,687,68,619,214,31,183,3147,537,2610,54,18,36,4048,636,3412,33.553444,-86.896536
Alabama,JEFFERSON,Lipscomb Police Department,AL0012000,45,11,34,51,12,39,5,0,5,0,0,0,0,0,0,0,0,0,66,1,65,22,0,22,92,11,81,1,0,1,180,12,168,33.553444,-86.896536
Alabama,"JEFFERSON, ST CLAIR",Trussville Police Department,AL0012100,352,120,232,436,145,291,0,0,0,0,0,0,12,5,7,6,2,4,146,17,129,120,20,100,3909,1262,2647,38,14,24,4175,1299,2876,33.553444,-86.896536
Alabama,JEFFERSON,Adamsville Police Department,AL0012200,123,29,94,171,38,133,9,2,7,0,0,0,2,0,2,6,2,4,231,25,206,126,24,102,1909,609,1300,10,2,8,2266,658,1608,33.553444,-86.896536
Alabama,JEFFERSON,Warrior Police Department,AL0012300,64,17,47,81,21,60,9,3,6,0,0,0,2,1,1,1,0,1,49,8,41,45,2,43,219,33,186,8,2,6,313,43,270,33.553444,-86.896536
Alabama,JEFFERSON,University of Alabama: Birmingham,AL0012400,309,109,200,366,128,238,5,1,4,0,0,0,10,2,8,0,0,0,97,21,76,121,20,101,2674,367,2307,30,10,20,2892,408,2484,33.49646,-86.80456
Alabama,JEFFERSON,Trafford Police Department,AL0012500,4,1,3,4,1,3,0,0,0,0,0,0,0,0,0,0,0,0,7,0,7,4,0,4,24,0,24,0,0,0,35,0,35,33.553444,-86.896536
Alabama,JEFFERSON,Morris Police Department,AL0012600,10,3,7,17,4,13,0,0,0,0,0,0,0,0,0,1,0,1,45,2,43,34,3,31,154,9,145,5,1,4,233,14,219,33.553444,-86.896536
Alabama,JEFFERSON,Brookside Police Department,AL0012700,7,1,6,10,2,8,0,0,0,0,0,0,0,0,0,0,0,0,10,0,10,5,1,4,22,3,19,2,1,1,37,4,33,33.553444,-86.896536
Alabama,JEFFERSON,Kimberly Police Department,AL0012900,37,9,28,44,10,34,0,0,0,0,0,0,0,0,0,2,1,1,29,4,25,27,1,26,117,8,109,4,0,4,173,13,160,33.553444,-86.896536
Alabama,JEFFERSON,Tannehill Ironworks Historic State Park,AL0013200,0,0,0,0,0,0,0,0,0,0,0,0,0,0,0,0,0,0,0,0,0,0,0,0,0,0,0,0,0,0,0,0,0,33.553444,-86.896536
Alabama,JEFFERSON,Jefferson State Community College,AL0013400,0,0,0,1,0,1,0,0,0,0,0,0,0,0,0,0,0,0,0,0,0,0,0,0,43,10,33,1,0,1,43,10,33,33.64871,-86.7103
Alabama,JEFFERSON,Norfolk Southern Railway,AL001359E,0,0,0,0,0,0,0,0,0,0,0,0,0,0,0,0,0,0,0,0,0,0,0,0,0,0,0,0,0,0,0,0,0,,
Alabama,JEFFERSON,Lawson State Community College,AL0014000,2,0,2,2,0,2,0,0,0,0,0,0,0,0,0,0,0,0,3,0,3,1,0,1,20,0,20,0,0,0,24,0,24,33.553444,-86.896536
Alabama,JEFFERSON,Samford University,AL001419E,12,2,10,17,4,13,0,0,0,0,0,0,3,1,2,0,0,0,47,5,42,5,0,5,223,17,206,5,2,3,275,22,253,,
Alabama,JEFFERSON,Trussville Fire Department Fire and Explosion Investigation Unit,AL0014500,0,0,0,0,0,0,0,0,0,0,0,0,0,0,0,0,0,0,0,0,0,0,0,0,0,0,0,0,0,0,0,0,0,33.6301,-86.59608
Alabama,MOBILE,Mobile County Sheriff's Office,AL0020000,1612,571,1041,2095,758,1337,64,15,49,8,4,4,26,11,15,84,32,52,4509,821,3688,2603,741,1862,9434,2095,7339,177,66,111,16546,3657,12889,30.684572,-88.196568
Alabama,MOBILE,Mobile Police Department,AL0020100,12910,4226,8684,17499,5733,11766,274,60,214,1,0,1,208,82,126,402,158,244,15187,1958,13229,6372,1030,5342,54531,8141,46390,1264,457,807,76090,11129,64961,30.673004,-88.09793
Alabama,MOBILE,Prichard Police Department,AL0020200,1871,504,1367,2446,559,1887,138,14,124,0,0,0,12,0,12,67,8,59,1914,65,1849,954,131,823,3382,370,3012,63,8,55,6250,566,5684,30.730814,-88.0808
Alabama,MOBILE,Chickasaw Police Department,AL0020300,230,80,150,291,98,193,5,1,4,0,0,0,6,2,4,4,1,3,324,34,290,136,32,104,927,167,760,28,6,22,1387,233,1154,30.684572,-88.196568
Alabama,MOBILE,Citronelle Police Department,AL0020400,169,38,131,207,46,161,1,0,1,0,0,0,1,0,1,5,2,3,220,17,203,84,5,79,523,67,456,15,1,14,827,89,738,31.089754,-88.22756
Alabama,MOBILE,Saraland Police Department,AL0020500,311,85,226,383,101,282,7,0,7,0,0,0,1,0,1,3,0,3,399,43,356,267,26,241,3534,748,2786,33,6,27,4200,817,3383,30.80567,-88.071266
Alabama,MOBILE,Bayou La Batre Police Department,AL0020600,255,74,181,312,85,227,15,4,11,0,0,0,3,0,3,6,3,3,450,50,400,202,31,171,1254,150,1104,33,4,29,1906,231,1675,30.684572,-88.196568
Alabama,MOBILE,Satsuma Police Department,AL0020700,87,31,56,91,31,60,2,1,1,0,0,0,0,0,0,0,0,0,97,10,87,55,7,48,352,41,311,2,0,2,504,58,446,30.684572,-88.196568
Alabama,MOBILE,Mount Vernon Police Department,AL0020800,79,21,58,92,23,69,2,1,1,0,0,0,0,0,0,1,0,1,95,17,78,25,4,21,198,30,168,3,0,3,318,51,267,30.684572,-88.196568
Alabama,MOBILE,Creola Police Department,AL0021200,47,19,28,56,23,33,0,0,0,0,0,0,3,2,1,0,0,0,58,14,44,48,14,34,175,36,139,4,2,2,281,64,217,30.684572,-88.196568
Alabama,MOBILE,Mobile Regional Airport,AL0021300,0,0,0,0,0,0,0,0,0,0,0,0,0,0,0,0,0,0,2,0,2,47,3,44,26,1,25,0,0,0,75,4,71,30.684572,-88.196568
Alabama,MOBILE,University of South Alabama,AL0021400,164,51,113,206,63,143,2,0,2,0,0,0,13,3,10,1,0,1,101,12,89,29,8,21,770,86,684,31,10,21,900,106,794,30.69486,-88.17397
Alabama,MOBILE,Dauphin Island Police Department,AL0021500,37,11,26,42,12,30,0,0,0,0,0,0,0,0,0,0,0,0,70,8,62,17,0,17,271,27,244,5,1,4,358,35,323,30.684572,-88.196568
Alabama,MOBILE,Bishop State Community College,AL0021700,1,0,1,1,0,1,0,0,0,0,0,0,0,0,0,0,0,0,7,1,6,0,0,0,13,2,11,0,0,0,20,3,17,30.69399,-88.056145
Alabama,MONTGOMERY,Montgomery County Sheriff's Office,AL0030000,856,323,533,1000,370,630,4,1,3,0,0,0,9,4,5,7,3,4,840,163,677,352,66,286,1656,318,1338,43,14,29,2848,547,2301,32.20365,-86.203831
Alabama,MONTGOMERY,Montgomery Police Department,AL0030100,3898,674,3224,6516,1223,5293,94,10,84,0,0,0,0,0,0,171,23,148,9887,505,9382,4019,289,3730,25103,937,24166,306,104,202,39009,1731,37278,32.20365,-86.203831
Alabama,MONTGOMERY,Alabama Department of Mental Health,AL0030500,0,0,0,0,0,0,0,0,0,0,0,0,0,0,0,0,0,0,0,0,0,0,0,0,1,0,1,0,0,0,1,0,1,32.20365,-86.203831
Alabama,MONTGOMERY,Alabama State University,AL0030600,0,0,0,0,0,0,0,0,0,0,0,0,0,0,0,0,0,0,0,0,0,0,0,0,0,0,0,0,0,0,0,0,0,32.20365,-86.203831
Alabama,MONTGOMERY,Auburn University: Montgomery,AL0030700,2,1,1,6,3,3,0,0,0,0,0,0,2,1,1,0,0,0,10,0,10,3,0,3,59,5,54,4,2,2,72,5,67,32.20365,-86.203831
Alabama,MONTGOMERY,Alabama Public Service Commission Enforcement Division,AL0030800,0,0,0,0,0,0,0,0,0,0,0,0,0,0,0,0,0,0,0,0,0,0,0,0,0,0,0,0,0,0,0,0,0,32.20365,-86.203831
Alabama,MONTGOMERY,State Fire Marshal,AL0031400,0,0,0,0,0,0,0,0,0,0,0,0,0,0,0,0,0,0,0,0,0,0,0,0,0,0,0,0,0,0,0,0,0,32.20365,-86.203831
Alabama,MONTGOMERY,"Department of Conservation, Montgomery",AL0032500,0,0,0,0,0,0,0,0,0,0,0,0,0,0,0,0,0,0,0,0,0,0,0,0,2,1,1,0,0,0,2,1,1,,
Alabama,NOT SPECIFIED,Alabama Drug Enforcement Task Force,AL0033100,2,0,2,4,1,3,0,0,0,2,1,1,0,0,0,2,1,1,0,0,0,0,0,0,17,9,8,0,0,0,17,9,8,,
Alabama,MONTGOMERY,Department of Corrections Investigations and Intelligence Division,AL0033200,900,320,580,1283,435,848,1,0,1,0,0,0,4,0,4,30,11,19,2,0,2,0,0,0,7,2,5,346,102,244,9,2,7,,
Alabama,AUTAUGA,Autauga County Sheriff's Office,AL0040000,466,111,355,641,170,471,60,19,41,0,0,0,13,6,7,21,10,11,738,54,684,367,46,321,1640,148,1492,108,37,71,2745,248,2497,32.4632,-86.47712
Alabama,"AUTAUGA, ELMORE",Prattville Police Department,AL0040100,459,147,312,844,278,566,20,6,14,0,0,0,9,4,5,37,17,20,995,189,806,799,198,601,8084,1897,6187,111,33,78,9878,2284,7594,32.459705,-86.47263
Alabama,AUTAUGA,Autaugaville Police Department,AL0040200,4,1,3,4,1,3,0,0,0,0,0,0,0,0,0,0,0,0,1,0,1,2,0,2,5,0,5,0,0,0,8,0,8,32.536382,-86.64449
Alabama,BALDWIN,Baldwin County Sheriff's Office,AL0050000,1372,620,752,1731,765,966,29,13,16,0,0,0,0,0,0,5,2,3,1371,298,1073,370,103,267,2730,598,2132,68,24,44,4471,999,3472,30.884958,-87.775055
Alabama,BALDWIN,Bay Minette Police Department,AL0050100,507,131,376,585,151,434,8,3,5,0,0,0,2,0,2,8,4,4,292,56,236,120,31,89,1629,402,1227,28,5,23,2041,489,1552,30.659218,-87.746067
Alabama,BALDWIN,Fairhope Police Department,AL0050200,340,137,203,454,174,280,23,9,14,1,0,1,17,5,12,2,1,1,499,79,420,224,71,153,3460,860,2600,74,27,47,4183,1010,3173,30.659218,-87.746067
Alabama,BALDWIN,Foley Police Department,AL0050300,373,152,221,514,207,307,23,8,15,0,0,0,9,3,6,7,3,4,727,156,571,269,90,179,4744,1458,3286,42,13,29,5740,1704,4036,30.659218,-87.746067
Alabama,BALDWIN,Gulf Shores Police Department,AL0050400,271,73,198,361,84,277,9,2,7,0,0,0,16,3,13,3,0,3,547,33,514,168,16,152,3625,453,3172,60,6,54,4340,502,3838,30.659218,-87.746067
Alabama,BALDWIN,Robertsdale Police Department,AL0050500,246,105,141,335,146,189,6,3,3,0,0,0,10,6,4,2,1,1,446,76,370,134,54,80,2204,716,1488,70,32,38,2784,846,1938,30.659218,-87.746067
Alabama,BALDWIN,Loxley Police Department,AL0050600,73,20,53,88,21,67,1,0,1,0,0,0,0,0,0,1,0,1,77,1,76,63,4,59,331,20,311,6,0,6,471,25,446,30.659218,-87.746067
Alabama,BALDWIN,Silverhill Police Department,AL0050700,36,13,23,40,14,26,0,0,0,0,0,0,0,0,0,0,0,0,44,9,35,32,6,26,130,28,102,3,1,2,206,43,163,30.659218,-87.746067
Alabama,BALDWIN,Daphne Police Department,AL0050800,225,87,138,310,111,199,0,0,0,0,0,0,8,3,5,9,4,5,536,85,451,179,53,126,3201,718,2483,30,7,23,3916,856,3060,30.599625,-87.898056
Alabama,BALDWIN,Summerdale Police Department,AL0050900,96,38,58,108,42,66,2,1,1,0,0,0,0,0,0,0,0,0,87,19,68,64,21,43,340,89,251,12,4,8,491,129,362,30.659218,-87.746067
Alabama,BALDWIN,Elberta Police Department,AL0051000,32,15,17,44,17,27,0,0,0,0,0,0,3,0,3,3,1,2,32,9,23,45,7,38,135,21,114,8,1,7,212,37,175,30.659218,-87.746067
Alabama,BALDWIN,Faulkner State Community College,AL0051100,0,0,0,1,0,1,0,0,0,0,0,0,0,0,0,0,0,0,11,5,6,0,0,0,23,5,18,1,0,1,34,10,24,30.659218,-87.746067
Alabama,BALDWIN,Orange Beach Police Department,AL0051200,131,45,86,169,51,118,0,0,0,0,0,0,10,1,9,2,1,1,167,28,139,58,7,51,1330,133,1197,33,4,29,1555,168,1387,30.659218,-87.746067
Alabama,BALDWIN,Spanish Fort Police Department,AL0051300,104,7,97,147,14,133,5,2,3,0,0,0,0,0,0,0,0,0,126,1,125,28,1,27,1713,326,1387,15,1,14,1867,328,1539,30.659218,-87.746067
Alabama,BARBOUR,Barbour County Sheriff's Office,AL0060000,154,14,140,186,18,168,5,0,5,0,0,0,1,0,1,3,1,2,228,11,217,69,2,67,287,15,272,19,2,17,584,28,556,31.886034,-85.4849
Alabama,BARBOUR,Eufaula Police Department,AL0060100,557,107,450,772,163,609,17,1,16,0,0,0,7,2,5,22,8,14,795,90,705,323,32,291,2706,314,2392,74,19,55,3824,436,3388,31.870253,-85.405104
Alabama,BARBOUR,Clayton Police Department,AL0060200,62,23,39,71,26,45,0,0,0,0,0,0,0,0,0,0,0,0,59,9,50,15,4,11,113,27,86,3,1,2,187,40,147,31.870253,-85.405104
Alabama,BARBOUR,Clio Police Department,AL0060300,4,2,2,5,2,3,0,0,0,0,0,0,0,0,0,0,0,0,6,1,5,0,0,0,5,1,4,1,0,1,11,2,9,31.870253,-85.405104
Alabama,BARBOUR,Louisville Police Department,AL0060400,4,1,3,4,1,3,0,0,0,0,0,0,0,0,0,0,0,0,0,0,0,0,0,0,5,1,4,0,0,0,5,1,4,31.870253,-85.405104
Alabama,BARBOUR,Baker Hill Police Department,AL0060700,0,0,0,0,0,0,0,0,0,0,0,0,0,0,0,0,0,0,2,0,2,0,0,0,2,0,2,0,0,0,4,0,4,31.870253,-85.405104
Alabama,BIBB,Bibb County Sheriff's Office,AL0070000,78,18,60,91,20,71,1,0,1,0,0,0,2,0,2,0,0,0,197,23,174,64,7,57,211,21,190,11,2,9,472,51,421,32.939995,-87.11683
Alabama,BIBB,Centreville Police Department,AL0070100,33,11,22,42,12,30,2,0,2,0,0,0,4,0,4,0,0,0,39,5,34,11,1,10,111,12,99,9,1,8,161,18,143,33.015893,-87.127148
Alabama,BIBB,Brent Police Department,AL0070200,169,60,109,228,84,144,7,1,6,11,4,7,10,6,4,9,4,5,159,19,140,40,5,35,746,183,563,32,14,18,945,207,738,33.015893,-87.127148
Alabama,BIBB,West Blocton Police Department,AL0070300,26,5,21,39,5,34,1,0,1,0,0,0,0,0,0,0,0,0,57,7,50,29,4,25,75,2,73,7,0,7,161,13,148,33.015893,-87.127148
Alabama,"BIBB, TUSCALOOSA",Woodstock Police Department,AL0070400,38,9,29,58,14,44,3,0,3,2,1,1,11,3,8,0,0,0,76,8,68,69,11,58,321,42,279,15,4,11,466,61,405,33.015893,-87.127148
Alabama,BLOUNT,Blount County Sheriff's Office,AL0080000,1757,167,1590,2006,244,1762,35,9,26,3,1,2,36,11,25,23,10,13,1519,105,1414,727,55,672,3022,157,2865,180,57,123,5268,317,4951,33.929085,-86.4896
Alabama,BLOUNT,Oneonta Police Department,AL0080100,178,79,99,242,105,137,9,1,8,0,0,0,3,0,3,0,0,0,239,53,186,186,67,119,2461,924,1537,35,13,22,2886,1044,1842,33.943935,-86.47508
Alabama,BLOUNT,Blountsville Police Department,AL0080200,31,2,29,42,2,40,2,0,2,0,0,0,2,0,2,1,0,1,69,2,67,52,3,49,207,3,204,7,0,7,328,8,320,33.977448,-86.567246
Alabama,BLOUNT,Cleveland Police Department,AL0080300,10,2,8,11,2,9,0,0,0,0,0,0,0,0,0,0,0,0,18,1,17,17,1,16,38,0,38,1,0,1,73,2,71,33.977448,-86.567246
Alabama,BLOUNT,Snead Police Department,AL0080400,26,8,18,29,8,21,1,0,1,0,0,0,0,0,0,0,0,0,51,6,45,48,6,42,177,20,157,2,0,2,276,32,244,33.977448,-86.567246
Alabama,BLOUNT,Highland Lake Police Department,AL0080500,1,0,1,1,0,1,0,0,0,0,0,0,0,0,0,0,0,0,10,3,7,0,0,0,12,2,10,0,0,0,22,5,17,33.885117,-86.41327
Alabama,BLOUNT,Hayden,AL0080800,6,0,6,7,0,7,0,0,0,0,0,0,0,0,0,0,0,0,8,0,8,11,1,10,40,2,38,0,0,0,59,3,56,,
Alabama,BULLOCK,Bullock County Sheriff's Office,AL0090000,37,0,37,52,0,52,39,0,39,0,0,0,0,0,0,0,0,0,110,0,110,23,0,23,79,0,79,1,0,1,212,0,212,32.14111,-85.71614
Alabama,BULLOCK,Union Springs Police Department,AL0090100,278,46,232,346,55,291,39,1,38,0,0,0,2,0,2,15,5,10,256,7,249,88,3,85,486,24,462,10,0,10,830,34,796,32.13935,-85.716125
Alabama,BUTLER,Butler County Sheriff's Office,AL0100000,141,33,108,182,48,134,5,0,5,0,0,0,0,0,0,5,0,5,238,39,199,40,6,34,363,50,313,14,5,9,641,95,546,31.751667,-86.681969
Alabama,BUTLER,Greenville Police Department,AL0100100,421,103,318,506,137,369,10,3,7,0,0,0,0,0,0,13,6,7,275,81,194,79,19,60,1893,508,1385,18,7,11,2247,608,1639,31.751667,-86.681969
Alabama,BUTLER,Georgiana Police Department,AL0100200,66,24,42,76,25,51,2,0,2,0,0,0,1,0,1,1,0,1,70,15,55,15,1,14,208,43,165,6,1,5,293,59,234,31.751667,-86.681969
Alabama,"BUTLER, CONECUH",McKenzie Police Department,AL0100300,1,0,1,1,0,1,0,0,0,0,0,0,0,0,0,0,0,0,3,0,3,0,0,0,6,1,5,0,0,0,9,1,8,31.751667,-86.681969
Alabama,CALHOUN,Calhoun County Sheriff's Office,AL0110000,737,186,551,819,201,618,0,0,0,0,0,0,10,0,10,0,0,0,689,55,634,11,0,11,1300,125,1175,52,6,46,2000,180,1820,33.771706,-85.822513
Alabama,CALHOUN,Anniston Police Department,AL0110100,5184,2298,2886,6270,2717,3553,67,15,52,0,0,0,29,11,18,104,47,57,3927,773,3154,1235,348,887,8734,2750,5984,364,149,215,13896,3871,10025,33.771706,-85.822513
Alabama,CALHOUN,Jacksonville Police Department,AL0110200,881,299,582,998,331,667,9,2,7,0,0,0,14,5,9,5,2,3,733,59,674,186,53,133,2417,499,1918,50,15,35,3336,611,2725,33.813366,-85.76122
Alabama,CALHOUN,Piedmont Police Department,AL0110300,230,98,132,293,125,168,11,1,10,0,0,0,3,1,2,6,3,3,311,50,261,112,34,78,814,187,627,31,13,18,1237,271,966,33.771706,-85.822513
Alabama,CALHOUN,Weaver Police Department,AL0110400,153,57,96,189,65,124,0,0,0,0,0,0,4,0,4,1,0,1,211,39,172,65,15,50,435,63,372,27,5,22,711,117,594,33.771706,-85.822513
Alabama,"CALHOUN, TALLADEGA",Oxford Police Department,AL0110500,587,218,369,716,268,448,4,1,3,0,0,0,15,6,9,8,4,4,881,167,714,269,48,221,7498,2383,5115,38,17,21,8648,2598,6050,33.771706,-85.822513
Alabama,CALHOUN,Hobson City Police Department,AL0110600,0,0,0,0,0,0,0,0,0,0,0,0,0,0,0,0,0,0,0,0,0,0,0,0,0,0,0,0,0,0,0,0,0,33.62035,-85.845985
Alabama,CALHOUN,Ohatchee Police Department,AL0110700,9,2,7,12,2,10,1,0,1,0,0,0,2,0,2,0,0,0,62,5,57,9,2,7,85,3,82,2,0,2,156,10,146,33.771706,-85.822513
Alabama,CALHOUN,Jacksonville State University,AL0110800,49,13,36,62,16,46,0,0,0,0,0,0,3,0,3,0,0,0,54,6,48,3,0,3,271,29,242,11,2,9,328,35,293,33.798615,-85.761284
Alabama,CHAMBERS,Chambers County Sheriff's Office,AL0120000,82,28,54,97,32,65,3,0,3,0,0,0,5,1,4,0,0,0,185,9,176,15,2,13,426,40,386,10,3,7,626,51,575,32.89985,-85.40123
Alabama,CHAMBERS,Lafayette Police Department,AL0120100,55,9,46,67,10,57,0,0,0,0,0,0,0,0,0,1,0,1,57,6,51,13,1,12,159,18,141,6,0,6,229,25,204,32.915504,-85.394032
Alabama,CHAMBERS,Lanett Police Department,AL0120200,469,104,365,682,162,520,19,6,13,0,0,0,5,1,4,13,6,7,699,88,611,372,56,316,2190,246,1944,89,23,66,3261,390,2871,32.915504,-85.394032
Alabama,CHAMBERS,Valley Police Department,AL0120400,419,152,267,651,234,417,12,1,11,0,0,0,17,7,10,16,7,9,725,125,600,449,119,330,3206,730,2476,107,39,68,4380,974,3406,32.915504,-85.394032
Alabama,CHEROKEE,Cherokee County Sheriff's Office,AL0130000,485,105,380,606,131,475,49,9,40,0,0,0,8,1,7,23,11,12,884,92,792,414,43,371,1491,131,1360,80,11,69,2789,266,2523,34.163456,-85.66378
Alabama,CHEROKEE,Centre Police Department,AL0130100,144,42,102,191,55,136,10,1,9,0,0,0,3,1,2,4,2,2,186,31,155,111,22,89,1581,464,1117,26,6,20,1878,517,1361,34.1512,-85.67609
Alabama,CHEROKEE,Cedar Bluff Police Department,AL0130200,39,13,26,43,14,29,11,4,7,0,0,0,0,0,0,2,1,1,50,4,46,38,9,29,225,28,197,2,0,2,313,41,272,34.069515,-85.654242
Alabama,CHEROKEE,Leesburg Police Department,AL0130300,28,9,19,34,11,23,1,0,1,0,0,0,0,0,0,2,1,1,72,3,69,37,6,31,174,32,142,3,1,2,283,41,242,34.069515,-85.654242
Alabama,CHILTON,Chilton County Sheriff's Office,AL0140000,886,208,678,1035,237,798,29,8,21,4,2,2,31,5,26,13,6,7,1292,144,1148,398,68,330,1742,188,1554,112,19,93,3432,400,3032,32.84005,-86.62905
Alabama,CHILTON,Clanton Police Department,AL0140100,363,98,265,397,105,292,13,3,10,0,0,0,9,2,7,5,1,4,348,32,316,128,24,104,1793,468,1325,16,3,13,2269,524,1745,32.854051,-86.726607
Alabama,CHILTON,Maplesville Police Department,AL0140200,19,3,16,26,4,22,4,0,4,0,0,0,0,0,0,0,0,0,39,1,38,10,0,10,106,10,96,6,1,5,155,11,144,32.854051,-86.726607
Alabama,CHILTON,Jemison Police Department,AL0140300,84,17,67,104,22,82,3,1,2,0,0,0,7,1,6,2,1,1,68,10,58,41,8,33,245,18,227,12,3,9,354,36,318,32.854051,-86.726607
Alabama,CHILTON,Thorsby Police Department,AL0140400,37,10,27,41,10,31,5,0,5,0,0,0,0,0,0,0,0,0,17,1,16,21,1,20,57,6,51,4,0,4,95,8,87,32.854051,-86.726607
Alabama,CHOCTAW,Choctaw County Sheriff's Office,AL0150000,50,9,41,62,12,50,7,0,7,0,0,0,1,0,1,6,2,4,92,7,85,49,6,43,123,12,111,2,0,2,264,25,239,31.990997,-88.248908
Alabama,CHOCTAW,Butler Police Department,AL0150100,67,24,43,81,28,53,0,0,0,0,0,0,0,0,0,0,0,0,73,14,59,33,8,25,164,29,135,7,2,5,270,51,219,31.990997,-88.248908
Alabama,CHOCTAW,Gilbertown Police Department,AL0150200,3,0,3,3,0,3,0,0,0,0,0,0,0,0,0,0,0,0,0,0,0,0,0,0,17,1,16,0,0,0,17,1,16,31.990997,-88.248908
Alabama,CLARKE,Clarke County Sheriff's Office,AL0160000,345,97,248,422,117,305,12,2,10,0,0,0,6,2,4,18,8,10,298,65,233,84,17,67,309,32,277,43,9,34,691,114,577,31.685521,-87.818624
Alabama,CLARKE,Jackson Police Department,AL0160100,236,61,175,296,75,221,13,3,10,0,0,0,4,1,3,4,1,3,294,43,251,57,10,47,1047,152,895,31,7,24,1398,205,1193,31.685521,-87.818624
Alabama,CLARKE,Thomasville Police Department,AL0160200,205,61,144,224,64,160,2,0,2,0,0,0,0,0,0,0,0,0,152,31,121,80,9,71,861,184,677,11,1,10,1093,224,869,31.685521,-87.818624
Alabama,CLARKE,Grove Hill Police Department,AL0160300,20,6,14,21,6,15,0,0,0,0,0,0,0,0,0,0,0,0,14,3,11,8,3,5,42,2,40,0,0,0,64,8,56,31.685521,-87.818624
Alabama,CLARKE,Fulton Police Department,AL0160400,0,0,0,0,0,0,0,0,0,0,0,0,0,0,0,0,0,0,0,0,0,0,0,0,2,0,2,0,0,0,2,0,2,31.685521,-87.818624
Alabama,CLARKE,Coffeeville Police Department,AL0160600,3,1,2,3,1,2,0,0,0,0,0,0,0,0,0,0,0,0,2,0,2,2,0,2,3,1,2,0,0,0,7,1,6,31.685521,-87.818624
Alabama,CLAY,Clay County Sheriff's Office,AL0170000,78,27,51,81,27,54,0,0,0,0,0,0,3,0,3,0,0,0,111,7,104,21,6,15,178,19,159,3,0,3,310,32,278,33.267809,-85.862051
Alabama,CLAY,Ashland Police Department,AL0170100,305,71,234,313,72,241,3,1,2,0,0,0,0,0,0,0,0,0,83,18,65,27,6,21,359,79,280,5,1,4,469,103,366,33.267809,-85.862051
Alabama,CLAY,Lineville Police Department,AL0170200,97,47,50,106,51,55,0,0,0,0,0,0,0,0,0,0,0,0,51,22,29,29,13,16,189,85,104,5,2,3,269,120,149,33.267809,-85.862051
Alabama,CLEBURNE,Cleburne County Sheriff's Office,AL0180000,69,13,56,86,15,71,0,0,0,0,0,0,1,0,1,2,1,1,295,15,280,84,5,79,705,19,686,11,0,11,1084,39,1045,33.671964,-85.516126
Alabama,CLEBURNE,Heflin Police Department,AL0180100,32,11,21,40,12,28,6,3,3,0,0,0,0,0,0,0,0,0,45,6,39,49,7,42,88,8,80,4,1,3,182,21,161,33.671964,-85.516126
Alabama,CLEBURNE,Ranburne Police Department,AL0180200,21,7,14,21,7,14,0,0,0,0,0,0,0,0,0,0,0,0,18,0,18,11,1,10,78,10,68,0,0,0,107,11,96,33.671964,-85.516126
Alabama,COFFEE,Coffee County Sheriff's Office,AL0190000,168,39,129,244,58,186,38,2,36,0,0,0,5,2,3,13,4,9,417,57,360,144,21,123,566,53,513,48,10,38,1127,131,996,31.402258,-85.989602
Alabama,COFFEE,Elba Police Department,AL0190100,91,26,65,111,29,82,7,1,6,0,0,0,1,0,1,1,0,1,248,23,225,50,9,41,459,69,390,11,2,9,757,101,656,31.402258,-85.989602
Alabama,"COFFEE, DALE",Enterprise Police Department,AL0190200,1033,290,743,1291,379,912,19,4,15,1,0,1,9,2,7,19,9,10,1423,289,1134,576,153,423,5618,1212,4406,128,42,86,7617,1654,5963,31.402258,-85.989602
Alabama,COFFEE,New Brockton Police Department,AL0190300,9,1,8,15,2,13,1,0,1,0,0,0,0,0,0,2,1,1,55,6,49,18,3,15,101,10,91,2,0,2,174,19,155,31.402258,-85.989602
Alabama,COFFEE,Kinston Police Department,AL0190400,31,10,21,32,10,22,4,0,4,0,0,0,0,0,0,0,0,0,33,5,28,20,6,14,132,27,105,0,0,0,185,38,147,31.402258,-85.989602
Alabama,COFFEE,Enterprise State Junior College,AL0190500,0,0,0,0,0,0,0,0,0,0,0,0,0,0,0,0,0,0,0,0,0,0,0,0,10,2,8,0,0,0,10,2,8,31.402258,-85.989602
Alabama,COLBERT,Colbert County Sheriff's Office,AL0200000,221,54,167,294,72,222,26,3,23,3,1,2,5,0,5,18,8,10,357,32,325,112,5,107,593,57,536,33,2,31,1062,94,968,34.73306,-87.70358
Alabama,COLBERT,Sheffield Police Department,AL0200100,254,27,227,355,37,318,5,0,5,0,0,0,0,0,0,3,1,2,428,15,413,179,4,175,1360,72,1288,51,2,49,1967,91,1876,34.703112,-87.801457
Alabama,COLBERT,Tuscumbia Police Department,AL0200200,128,21,107,175,26,149,7,0,7,0,0,0,0,0,0,5,2,3,268,13,255,187,9,178,951,56,895,19,1,18,1406,78,1328,34.703112,-87.801457
Alabama,COLBERT,Muscle Shoals Police Department,AL0200300,366,59,307,455,76,379,5,2,3,0,0,0,9,1,8,6,1,5,765,60,705,341,51,290,3551,674,2877,38,6,32,4657,785,3872,34.703112,-87.801457
Alabama,COLBERT,Cherokee Police Department,AL0200400,22,4,18,27,4,23,7,2,5,0,0,0,0,0,0,1,0,1,38,3,35,21,2,19,113,15,98,4,0,4,172,20,152,34.703112,-87.801457
Alabama,COLBERT,Leighton Police Department,AL0200500,58,18,40,68,20,48,1,0,1,0,0,0,0,0,0,0,0,0,92,9,83,28,4,24,150,23,127,7,2,5,270,36,234,34.703112,-87.801457
Alabama,COLBERT,Littleville Police Department,AL0200600,6,2,4,7,2,5,0,0,0,0,0,0,0,0,0,0,0,0,20,3,17,10,1,9,76,9,67,0,0,0,106,13,93,34.59297,-87.67472
Alabama,COLBERT,Northwest-Shoals Community College,AL0200800,0,0,0,0,0,0,0,0,0,0,0,0,0,0,0,0,0,0,2,1,1,0,0,0,1,0,1,0,0,0,3,1,2,34.73978,-87.67938
Alabama,CONECUH,Conecuh County Sheriff's Office,AL0210000,18,2,16,29,5,24,5,0,5,0,0,0,0,0,0,2,0,2,39,5,34,6,0,6,40,8,32,5,1,4,85,13,72,31.435986,-86.95452
Alabama,CONECUH,Evergreen Police Department,AL0210100,208,25,183,281,41,240,7,0,7,0,0,0,2,1,1,3,0,3,251,26,225,97,13,84,676,35,641,30,6,24,1024,74,950,31.428292,-86.992029
Alabama,CONECUH,Castleberry Police Department,AL0210200,3,0,3,5,1,4,0,0,0,0,0,0,0,0,0,0,0,0,20,3,17,1,0,1,17,3,14,0,0,0,38,6,32,31.428292,-86.992029
Alabama,CONECUH,Repton Police Department,AL0210300,8,3,5,10,3,7,0,0,0,0,0,0,0,0,0,0,0,0,3,0,3,0,0,0,9,0,9,1,0,1,12,0,12,31.428292,-86.992029
Alabama,COOSA,Coosa County Sheriff's Office,AL0220000,298,79,219,336,93,243,18,8,10,0,0,0,1,0,1,15,7,8,426,106,320,123,38,85,694,123,571,11,3,8,1243,267,976,32.931445,-86.243482
Alabama,COOSA,Goodwater Police Department,AL0220100,23,3,20,32,5,27,1,0,1,0,0,0,0,0,0,0,0,0,9,0,9,10,1,9,40,2,38,3,0,3,59,3,56,32.931445,-86.243482
Alabama,COVINGTON,Covington County Sheriff's Office,AL0230000,89,17,72,124,26,98,3,0,3,0,0,0,0,0,0,0,0,0,245,28,217,106,16,90,415,25,390,33,8,25,766,69,697,31.31337,-86.50222
Alabama,COVINGTON,Andalusia Police Department,AL0230100,723,280,443,858,322,536,2,0,2,1,0,1,13,1,12,13,5,8,637,103,534,211,61,150,3273,917,2356,75,21,54,4121,1081,3040,31.243987,-86.448721
Alabama,COVINGTON,Opp Police Department,AL0230200,316,128,188,380,148,232,5,2,3,0,0,0,5,1,4,4,2,2,335,60,275,100,33,67,994,242,752,35,11,24,1429,335,1094,31.243987,-86.448721
Alabama,COVINGTON,Florala Police Department,AL0230300,32,9,23,54,15,39,0,0,0,0,0,0,3,0,3,4,2,2,32,2,30,39,9,30,160,37,123,18,4,14,231,48,183,31.243987,-86.448721
Alabama,COVINGTON,Gantt Police Department,AL0230400,8,3,5,8,3,5,1,0,1,0,0,0,0,0,0,0,0,0,11,2,9,1,0,1,29,5,24,0,0,0,41,7,34,31.243987,-86.448721
Alabama,COVINGTON,Red Level Police Department,AL0230500,2,1,1,2,1,1,0,0,0,0,0,0,0,0,0,0,0,0,2,0,2,0,0,0,2,0,2,0,0,0,4,0,4,31.243987,-86.448721
Alabama,COVINGTON,Lockhart Police Department,AL0230600,6,2,4,7,2,5,2,0,2,0,0,0,0,0,0,0,0,0,12,1,11,9,3,6,21,3,18,1,0,1,42,7,35,31.243987,-86.448721
Alabama,COVINGTON,River Falls Police Department,AL0230700,9,3,6,12,4,8,0,0,0,0,0,0,0,0,0,0,0,0,8,2,6,6,0,6,6,0,6,1,0,1,20,2,18,31.243987,-86.448721
Alabama,COVINGTON,22nd Judicial Circuit Drug Task Force,AL0230800,0,0,0,0,0,0,0,0,0,0,0,0,0,0,0,0,0,0,2,1,1,0,0,0,4,2,2,0,0,0,6,3,3,31.243987,-86.448721
Alabama,COVINGTON,Lurleen B. Wallace Community College,AL0230900,0,0,0,0,0,0,0,0,0,0,0,0,0,0,0,0,0,0,0,0,0,0,0,0,1,0,1,0,0,0,1,0,1,,
Alabama,CRENSHAW,Crenshaw County Sheriff's Office,AL0240000,157,46,111,186,52,134,4,1,3,0,0,0,4,1,3,3,1,2,189,27,162,112,15,97,307,25,282,19,4,15,608,67,541,31.732826,-86.319222
Alabama,CRENSHAW,Luverne Police Department,AL0240100,100,34,66,124,41,83,0,0,0,0,0,0,5,3,2,2,1,1,124,18,106,62,13,49,399,62,337,11,4,7,585,93,492,31.732826,-86.319222
Alabama,CRENSHAW,Brantley Police Department,AL0240200,2,0,2,2,0,2,0,0,0,0,0,0,0,0,0,0,0,0,11,0,11,5,0,5,13,1,12,0,0,0,29,1,28,31.732826,-86.319222
Alabama,CRENSHAW,Dozier Police Department,AL0240300,0,0,0,0,0,0,0,0,0,0,0,0,0,0,0,0,0,0,0,0,0,0,0,0,0,0,0,0,0,0,0,0,0,31.732826,-86.319222
Alabama,CULLMAN,Cullman County Sheriff's Office,AL0250000,482,177,305,764,258,506,12,3,9,1,0,1,52,22,30,11,5,6,1843,221,1622,1140,288,852,4953,845,4108,221,60,161,7936,1354,6582,34.131923,-86.869267
Alabama,CULLMAN,Cullman Police Department,AL0250100,186,70,116,320,116,204,8,4,4,0,0,0,20,7,13,8,4,4,531,87,444,383,99,284,5540,1596,3944,68,22,46,6454,1782,4672,34.131923,-86.869267
Alabama,CULLMAN,Hanceville Police Department,AL0250200,58,16,42,86,20,66,0,0,0,0,0,0,2,0,2,0,0,0,155,18,137,94,20,74,550,89,461,22,2,20,799,127,672,34.131923,-86.869267
Alabama,CULLMAN,Wallace State Community College,AL0250500,2,1,1,2,1,1,0,0,0,0,0,0,0,0,0,0,0,0,4,1,3,0,0,0,9,1,8,0,0,0,13,2,11,,
Alabama,DALE,Dale County Sheriff's Office,AL0260000,145,36,109,229,57,172,18,6,12,4,2,2,7,2,5,3,0,3,314,48,266,118,19,99,665,52,613,70,17,53,1097,119,978,31.430654,-85.609476
Alabama,DALE,Ozark Police Department,AL0260100,860,148,712,997,187,810,23,3,20,0,0,0,10,2,8,17,7,10,777,122,655,300,49,251,3878,604,3274,68,16,52,4955,775,4180,31.430654,-85.609476
Alabama,DALE,Daleville Police Department,AL0260200,114,29,85,138,35,103,14,1,13,0,0,0,2,1,1,1,0,1,128,10,118,63,9,54,561,56,505,13,5,8,752,75,677,31.430654,-85.609476
Alabama,DALE,Level Plains Police Department,AL0260300,80,25,55,95,29,66,1,0,1,0,0,0,0,0,0,0,0,0,136,10,126,53,6,47,277,27,250,10,3,7,466,43,423,31.430654,-85.609476
Alabama,DALE,Napier Field Police Department,AL0260400,6,3,3,6,3,3,2,1,1,0,0,0,0,0,0,0,0,0,13,4,9,2,0,2,20,2,18,0,0,0,35,6,29,31.314436,-85.453896
Alabama,DALE,Newton Police Department,AL0260500,41,8,33,50,8,42,0,0,0,0,0,0,2,0,2,0,0,0,63,7,56,57,5,52,226,22,204,5,0,5,346,34,312,31.430654,-85.609476
Alabama,DALE,Midland City Police Department,AL0260600,86,17,69,109,20,89,1,0,1,0,0,0,2,0,2,0,0,0,131,13,118,52,1,51,318,28,290,12,2,10,501,42,459,31.430654,-85.609476
Alabama,DALE,Pinckard Police Department,AL0260700,0,0,0,0,0,0,2,1,1,0,0,0,0,0,0,0,0,0,6,1,5,3,0,3,21,1,20,0,0,0,30,2,28,31.430654,-85.609476
Alabama,DALE,Ariton Police Department,AL0260800,2,1,1,2,1,1,0,0,0,0,0,0,0,0,0,0,0,0,1,0,1,1,0,1,4,2,2,0,0,0,6,2,4,31.430654,-85.609476
Alabama,DALE,Clayhatchee Police Department,AL0260900,7,2,5,7,2,5,0,0,0,0,0,0,0,0,0,0,0,0,1,0,1,10,1,9,22,1,21,0,0,0,33,2,31,31.23572,-85.72021
Alabama,DALLAS,Dallas County Sheriff's Office,AL0270000,536,78,458,679,98,581,50,5,45,0,0,0,5,0,5,20,8,12,926,34,892,306,29,277,1751,67,1684,54,5,49,2983,130,2853,32.33354,-87.114356
Alabama,DALLAS,Selma Police Department,AL0270100,1108,85,1023,1444,112,1332,129,2,127,0,0,0,5,0,5,38,7,31,1585,38,1547,419,19,400,4149,372,3777,76,6,70,6153,429,5724,32.33354,-87.114356
Alabama,DALLAS,Wallace Community College: Selma,AL0270200,0,0,0,0,0,0,0,0,0,0,0,0,0,0,0,0,0,0,0,0,0,0,0,0,0,0,0,0,0,0,0,0,0,32.33354,-87.114356
Alabama,DEKALB,DeKalb County Sheriff's Office,AL0280000,756,219,537,1032,296,736,32,9,23,0,0,0,8,1,7,20,7,13,1308,95,1213,683,109,574,2104,230,1874,236,69,167,4095,434,3661,34.460929,-85.803992
Alabama,DEKALB,Fort Payne Police Department,AL0280100,71,9,62,123,22,101,8,2,6,0,0,0,5,1,4,2,1,1,196,16,180,89,9,80,1094,179,915,26,5,21,1379,204,1175,34.440315,-85.72332
Alabama,"CHEROKEE, DEKALB",Collinsville Police Department,AL0280200,29,10,19,36,11,25,0,0,0,0,0,0,0,0,0,1,0,1,38,6,32,27,4,23,153,25,128,2,0,2,218,35,183,34.460929,-85.803992
Alabama,DEKALB,Geraldine Police Department,AL0280300,12,2,10,13,2,11,0,0,0,0,0,0,0,0,0,0,0,0,23,1,22,23,2,21,68,8,60,1,0,1,114,11,103,34.460929,-85.803992
Alabama,DEKALB,Henagar Police Department,AL0280400,17,2,15,17,2,15,1,0,1,0,0,0,0,0,0,0,0,0,59,2,57,25,0,25,173,6,167,0,0,0,257,8,249,34.460929,-85.803992
Alabama,DEKALB,Powell Police Department,AL0280500,14,4,10,16,4,12,0,0,0,0,0,0,0,0,0,0,0,0,15,2,13,17,4,13,94,19,75,2,0,2,126,25,101,34.460929,-85.803992
Alabama,DEKALB,Mentone Police Department,AL0280600,1,0,1,1,0,1,0,0,0,0,0,0,0,0,0,0,0,0,18,1,17,1,0,1,33,7,26,0,0,0,52,8,44,34.460929,-85.803992
Alabama,DEKALB,Rainsville Police Department,AL0280700,69,20,49,82,23,59,5,1,4,0,0,0,2,0,2,2,1,1,173,20,153,68,18,50,458,77,381,7,1,6,699,115,584,34.460929,-85.803992
Alabama,DEKALB,Hammondville Police Department,AL0280800,1,0,1,1,0,1,0,0,0,0,0,0,0,0,0,0,0,0,0,0,0,0,0,0,5,0,5,0,0,0,5,0,5,34.57885,-85.62933
Alabama,DEKALB,Crossville Police Department,AL0281000,18,5,13,20,5,15,0,0,0,0,0,0,0,0,0,0,0,0,21,0,21,19,1,18,87,9,78,2,0,2,127,10,117,34.460929,-85.803992
Alabama,DEKALB,Fyffe Police Department,AL0281100,26,4,22,27,4,23,0,0,0,0,0,0,0,0,0,0,0,0,29,0,29,19,1,18,151,24,127,1,0,1,199,25,174,34.460929,-85.803992
Alabama,DEKALB,Sylvania Police Department,AL0281200,14,3,11,17,3,14,0,0,0,0,0,0,1,0,1,0,0,0,23,1,22,16,0,16,51,6,45,3,0,3,90,7,83,34.460929,-85.803992
Alabama,DEKALB,Valley Head Police Department,AL0281300,2,0,2,2,0,2,0,0,0,0,0,0,0,0,0,0,0,0,8,0,8,0,0,0,36,5,31,0,0,0,44,5,39,34.460929,-85.803992
Alabama,DEKALB,Ider Police Department,AL0281400,10,3,7,12,3,9,0,0,0,0,0,0,0,0,0,0,0,0,30,7,23,17,3,14,88,21,67,2,0,2,135,31,104,34.460929,-85.803992
Alabama,ELMORE,Elmore County Sheriff's Office,AL0290000,383,151,232,674,281,393,10,4,6,0,0,0,4,1,3,34,15,19,1614,356,1258,487,164,323,3249,881,2368,188,84,104,5350,1401,3949,32.597229,-86.142738
Alabama,ELMORE,Wetumpka Police Department,AL0290100,194,77,117,276,105,171,2,0,2,0,0,0,4,1,3,14,6,8,312,72,240,104,30,74,2768,832,1936,30,9,21,3184,934,2250,32.597229,-86.142738
Alabama,"ELMORE, TALLAPOOSA",Tallassee Police Department,AL0290200,329,67,262,426,96,330,25,1,24,0,0,0,6,2,4,7,3,4,414,60,354,209,32,177,1489,200,1289,38,9,29,2112,292,1820,32.597229,-86.142738
Alabama,ELMORE,Eclectic Police Department,AL0290300,57,8,49,67,9,58,3,0,3,0,0,0,3,1,2,0,0,0,61,6,55,23,3,20,217,11,206,8,1,7,301,20,281,32.597229,-86.142738
Alabama,ELMORE,Coosada Police Department,AL0290400,20,6,14,23,7,16,3,0,3,0,0,0,0,0,0,0,0,0,37,2,35,11,1,10,60,8,52,2,1,1,108,11,97,32.597229,-86.142738
Alabama,"AUTAUGA, ELMORE",Millbrook Police Department,AL0290600,279,65,214,431,116,315,6,0,6,0,0,0,7,2,5,8,3,5,519,41,478,253,33,220,3958,839,3119,74,28,46,4730,913,3817,32.597229,-86.142738
Alabama,ELMORE,Central Alabama Drug Task Force,AL0290700,2,1,1,2,1,1,0,0,0,0,0,0,0,0,0,0,0,0,0,0,0,0,0,0,0,0,0,0,0,0,0,0,0,,
Alabama,ESCAMBIA,Escambia County Sheriff's Office,AL0300000,13,2,11,15,2,13,5,0,5,0,0,0,0,0,0,0,0,0,24,3,21,13,2,11,52,6,46,0,0,0,89,11,78,31.106821,-87.071945
Alabama,ESCAMBIA,Atmore Police Department,AL0300100,741,193,548,880,227,653,15,4,11,0,0,0,6,0,6,8,2,6,537,37,500,154,20,134,2120,287,1833,42,11,31,2811,344,2467,31.121747,-87.168429
Alabama,ESCAMBIA,Brewton Police Department,AL0300200,259,22,237,314,28,286,11,2,9,0,0,0,6,0,6,1,0,1,177,10,167,114,7,107,958,44,914,29,3,26,1249,61,1188,31.121747,-87.168429
Alabama,ESCAMBIA,East Brewton Police Department,AL0300300,116,15,101,126,17,109,2,0,2,0,0,0,0,0,0,2,1,1,59,7,52,27,1,26,247,35,212,6,0,6,333,43,290,31.121747,-87.168429
Alabama,ESCAMBIA,Flomaton Police Department,AL0300400,102,47,55,122,52,70,11,4,7,0,0,0,2,0,2,8,3,5,120,31,89,39,13,26,244,61,183,7,2,5,403,105,298,31.121747,-87.168429
Alabama,ETOWAH,Etowah County Sheriff's Office,AL0310000,778,352,426,1010,449,561,50,17,33,0,0,0,7,3,4,13,6,7,1192,322,870,580,221,359,1890,514,1376,190,77,113,3662,1057,2605,34.01584,-86.011925
Alabama,ETOWAH,Attalla Police Department,AL0310100,65,11,54,87,17,70,6,0,6,0,0,0,6,1,5,5,2,3,356,17,339,52,7,45,724,98,626,8,2,6,1132,122,1010,34.022778,-86.08711
Alabama,ETOWAH,Gadsden Police Department,AL0310200,2128,97,2031,2695,148,2547,77,1,76,0,0,0,34,4,30,26,3,23,2479,42,2437,1416,40,1376,11384,300,11084,196,19,177,15279,382,14897,34.047648,-86.034522
Alabama,"CALHOUN, ETOWAH",Glencoe Police Department,AL0310400,51,4,47,65,5,60,0,0,0,0,0,0,0,0,0,1,0,1,150,3,147,55,4,51,352,6,346,8,0,8,557,13,544,34.047648,-86.034522
Alabama,ETOWAH,Rainbow City Police Department,AL0310500,129,22,107,166,33,133,1,0,1,11,5,6,5,0,5,1,0,1,253,69,184,104,22,82,754,157,597,22,4,18,1111,248,863,33.951508,-86.044334
Alabama,ETOWAH,Hokes Bluff Police Department,AL0310600,37,14,23,46,17,29,4,0,4,0,0,0,0,0,0,1,0,1,105,21,84,52,14,38,258,49,209,7,3,4,415,84,331,34.047648,-86.034522
Alabama,"CALHOUN, ETOWAH",Southside Police Department,AL0310700,53,8,45,76,9,67,4,0,4,0,0,0,0,0,0,1,0,1,117,12,105,57,4,53,364,27,337,19,1,18,538,43,495,33.92092,-86.02231
Alabama,"ETOWAH, MARSHALL",Sardis City Police Department,AL0310800,20,8,12,21,8,13,3,1,2,0,0,0,0,0,0,0,0,0,51,7,44,48,12,36,170,34,136,1,0,1,269,53,216,34.047648,-86.034522
Alabama,"BLOUNT, ETOWAH",Altoona Police Department,AL0310900,5,0,5,6,0,6,0,0,0,0,0,0,0,0,0,0,0,0,4,0,4,3,1,2,20,2,18,0,0,0,27,3,24,34.047648,-86.034522
Alabama,ETOWAH,Walnut Grove Police Department,AL0311000,0,0,0,0,0,0,0,0,0,0,0,0,0,0,0,0,0,0,0,0,0,1,0,1,0,0,0,0,0,0,1,0,1,34.047648,-86.034522
Alabama,ETOWAH,Etowah County Drug Enforcement Unit,AL0312200,8,4,4,12,6,6,0,0,0,0,0,0,0,0,0,0,0,0,0,0,0,0,0,0,2,0,2,0,0,0,2,0,2,34.047648,-86.034522
Alabama,FAYETTE,Fayette County Sheriff's Office,AL0320000,47,18,29,65,22,43,4,0,4,0,0,0,1,0,1,1,0,1,116,29,87,82,21,61,148,32,116,17,4,13,346,82,264,33.685856,-87.83186
Alabama,FAYETTE,Fayette Police Department,AL0320100,72,23,49,93,27,66,2,0,2,0,0,0,2,0,2,0,0,0,98,16,82,66,9,57,542,113,429,18,3,15,706,138,568,33.716157,-87.764292
Alabama,FAYETTE,Berry Police Department,AL0320200,0,0,0,2,1,1,0,0,0,0,0,0,0,0,0,0,0,0,4,1,3,2,1,1,17,2,15,0,0,0,23,4,19,33.661625,-87.60143
Alabama,FRANKLIN,Franklin County Sheriff's Office,AL0330000,295,99,196,378,127,251,11,1,10,0,0,0,12,3,9,10,4,6,584,177,407,230,72,158,1199,381,818,54,16,38,2013,630,1383,34.441989,-87.842814
Alabama,FRANKLIN,Russellville Police Department,AL0330100,230,69,161,293,84,209,12,1,11,0,0,0,4,1,3,7,3,4,363,51,312,126,19,107,1543,256,1287,41,9,32,2032,326,1706,34.476738,-87.72945
Alabama,FRANKLIN,Phil Campbell Police Department,AL0330200,5,0,5,6,0,6,1,0,1,0,0,0,0,0,0,0,0,0,12,0,12,8,0,8,13,0,13,1,0,1,33,0,33,34.441989,-87.842814
Alabama,FRANKLIN,Red Bay Police Department,AL0330300,56,17,39,79,23,56,16,8,8,0,0,0,3,1,2,0,0,0,77,13,64,55,11,44,348,50,298,19,4,15,480,74,406,34.441989,-87.842814
Alabama,FRANKLIN,Hodges Police Department,AL0330500,0,0,0,0,0,0,0,0,0,0,0,0,0,0,0,0,0,0,0,0,0,0,0,0,0,0,0,0,0,0,0,0,0,34.441989,-87.842814
Alabama,GENEVA,Geneva County Sheriff's Office,AL0340000,251,48,203,309,55,254,94,0,94,0,0,0,4,0,4,6,3,3,438,25,413,180,10,170,751,31,720,43,3,40,1369,66,1303,31.092392,-85.821011
Alabama,GENEVA,Geneva Police Department,AL0340100,158,71,87,191,78,113,4,1,3,0,0,0,3,0,3,4,2,2,206,41,165,112,34,78,962,218,744,17,2,15,1280,293,987,31.092392,-85.821011
Alabama,GENEVA,Samson Police Department,AL0340200,91,31,60,106,35,71,9,4,5,0,0,0,1,0,1,4,2,2,80,16,64,32,5,27,244,39,205,9,2,7,356,60,296,31.092392,-85.821011
Alabama,GENEVA,Hartford Police Department,AL0340300,101,7,94,109,7,102,3,1,2,0,0,0,0,0,0,0,0,0,82,5,77,39,3,36,322,9,313,4,0,4,443,17,426,31.092392,-85.821011
Alabama,GENEVA,Slocomb Police Department,AL0340400,32,9,23,36,9,27,0,0,0,0,0,0,0,0,0,0,0,0,40,7,33,13,1,12,152,22,130,4,0,4,205,30,175,31.092392,-85.821011
Alabama,GREENE,Greene County Sheriff's Office,AL0350000,143,5,138,171,7,164,4,0,4,0,0,0,0,0,0,0,0,0,211,2,209,61,0,61,259,3,256,8,2,6,531,5,526,32.844497,-87.9642
Alabama,GREENE,Eutaw Police Department,AL0350100,115,22,93,141,26,115,4,0,4,0,0,0,0,0,0,3,1,2,81,3,78,29,2,27,171,18,153,4,1,3,281,23,258,32.844497,-87.9642
Alabama,HALE,Hale County Sheriff's Office,AL0360000,76,13,63,81,13,68,2,0,2,0,0,0,0,0,0,0,0,0,103,3,100,30,3,27,93,4,89,3,0,3,226,10,216,32.752796,-87.623061
Alabama,HALE,Greensboro Police Department,AL0360100,33,11,22,39,13,26,5,1,4,0,0,0,0,0,0,5,2,3,6,0,6,0,0,0,5,1,4,0,0,0,11,1,10,32.7041,-87.59217
Alabama,"HALE, TUSCALOOSA",Moundville Police Department,AL0360200,12,0,12,17,0,17,2,0,2,0,0,0,0,0,0,0,0,0,47,0,47,17,0,17,167,0,167,3,0,3,231,0,231,32.752796,-87.623061
Alabama,HENRY,Henry County Sheriff's Office,AL0370000,141,34,107,197,52,145,3,0,3,2,1,1,15,6,9,15,6,9,204,16,188,76,10,66,326,31,295,34,10,24,606,57,549,31.516978,-85.239971
Alabama,HENRY,Abbeville Police Department,AL0370100,98,31,67,119,38,81,3,0,3,0,0,0,0,0,0,4,2,2,109,13,96,34,6,28,313,48,265,17,5,12,456,67,389,31.516978,-85.239971
Alabama,HENRY,Headland Police Department,AL0370200,36,5,31,60,12,48,3,0,3,0,0,0,1,0,1,2,1,1,140,19,121,41,4,37,420,40,380,9,2,7,601,63,538,31.35161,-85.34198
Alabama,HENRY,Newville Police Department,AL0370300,0,0,0,1,0,1,0,0,0,0,0,0,0,0,0,0,0,0,0,0,0,0,0,0,2,0,2,1,0,1,2,0,2,31.516978,-85.239971
Alabama,HOUSTON,Houston County Sheriff's Office,AL0380000,978,419,559,1247,512,735,27,4,23,3,1,2,35,10,25,33,14,19,1358,231,1127,577,206,371,3179,803,2376,143,44,99,5114,1240,3874,31.224411,-85.393456
Alabama,"DALE, HENRY, HOUSTON",Dothan Police Department,AL0380100,4978,1909,3069,6088,2315,3773,102,20,82,6,1,5,60,18,42,86,35,51,4982,968,4014,1665,594,1071,16393,5107,11286,348,122,226,23040,6669,16371,31.225441,-85.3914
Alabama,HOUSTON,Ashford Police Department,AL0380200,40,9,31,40,9,31,0,0,0,0,0,0,0,0,0,0,0,0,17,1,16,14,1,13,172,29,143,0,0,0,203,31,172,31.158193,-85.296398
Alabama,HOUSTON,Gordon Police Department,AL0380300,4,2,2,4,2,2,0,0,0,0,0,0,0,0,0,0,0,0,6,1,5,3,1,2,18,8,10,0,0,0,27,10,17,31.14179,-85.096176
Alabama,HOUSTON,Columbia Police Department,AL0380400,4,1,3,4,1,3,0,0,0,0,0,0,0,0,0,0,0,0,4,0,4,1,0,1,19,4,15,0,0,0,24,4,20,31.158193,-85.296398
Alabama,HOUSTON,Cottonwood Police Department,AL0380500,31,14,17,31,14,17,4,1,3,0,0,0,0,0,0,0,0,0,38,6,32,14,5,9,72,14,58,0,0,0,124,25,99,31.158193,-85.296398
Alabama,HOUSTON,Kinsey Police Department,AL0380600,6,3,3,9,4,5,0,0,0,0,0,0,0,0,0,0,0,0,7,2,5,2,1,1,39,11,28,0,0,0,48,14,34,31.298319,-85.344284
Alabama,HOUSTON,Dothan-Houston County Airport Authority,AL0380700,0,0,0,0,0,0,0,0,0,0,0,0,0,0,0,0,0,0,0,0,0,9,0,9,4,0,4,0,0,0,13,0,13,,
Alabama,HOUSTON,Wallace Community College: Dothan,AL0380800,0,0,0,0,0,0,0,0,0,0,0,0,0,0,0,0,0,0,0,0,0,0,0,0,10,1,9,0,0,0,10,1,9,31.158193,-85.296398
Alabama,"GENEVA, HOUSTON",Taylor Police Department,AL0380900,10,3,7,11,3,8,1,0,1,0,0,0,0,0,0,0,0,0,1,0,1,9,0,9,25,2,23,1,0,1,35,2,33,31.160837,-85.46916
Alabama,JACKSON,Jackson County Sheriff's Office,AL0390000,22,3,19,30,3,27,2,0,2,0,0,0,0,0,0,1,0,1,68,5,63,17,3,14,74,7,67,2,0,2,159,15,144,34.67283,-86.03464
Alabama,JACKSON,Scottsboro Police Department,AL0390100,1589,662,927,1672,689,983,13,1,12,0,0,0,0,0,0,2,1,1,463,51,412,198,51,147,3486,1085,2401,43,13,30,4147,1187,2960,34.66247,-86.035
Alabama,JACKSON,Bridgeport Police Department,AL0390200,45,0,45,49,0,49,26,0,26,0,0,0,2,0,2,0,0,0,24,1,23,17,1,16,116,7,109,4,0,4,157,9,148,34.764095,-85.979956
Alabama,JACKSON,Stevenson Police Department,AL0390300,45,8,37,48,8,40,3,0,3,0,0,0,1,0,1,0,0,0,18,0,18,28,0,28,94,7,87,2,0,2,140,7,133,34.867935,-85.837616
Alabama,JACKSON,Hollywood Police Department,AL0390400,23,8,15,26,8,18,3,0,3,0,0,0,0,0,0,0,0,0,19,0,19,7,1,6,112,14,98,1,0,1,138,15,123,34.764095,-85.979956
Alabama,JACKSON,Pisgah Police Department,AL0390500,10,2,8,10,2,8,1,0,1,0,0,0,0,0,0,0,0,0,12,2,10,3,1,2,34,8,26,0,0,0,49,11,38,34.764095,-85.979956
Alabama,JACKSON,Skyline Police Department,AL0390900,4,2,2,4,2,2,0,0,0,0,0,0,0,0,0,0,0,0,18,1,17,2,0,2,50,10,40,0,0,0,70,11,59,34.764095,-85.979956
Alabama,LAMAR,Lamar County Sheriff's Office,AL0400000,43,11,32,54,15,39,7,1,6,0,0,0,0,0,0,0,0,0,108,10,98,24,2,22,137,2,135,11,4,7,269,14,255,33.787085,-88.087431
Alabama,LAMAR,Sulligent Police Department,AL0400100,31,7,24,40,8,32,2,1,1,0,0,0,0,0,0,0,0,0,120,8,112,23,3,20,253,30,223,4,1,3,396,41,355,33.787085,-88.087431
Alabama,LAMAR,Vernon Police Department,AL0400200,28,5,23,32,5,27,8,3,5,0,0,0,2,0,2,0,0,0,44,4,40,24,5,19,142,16,126,4,0,4,210,25,185,33.787085,-88.087431
Alabama,LAMAR,Kennedy Police Department,AL0400300,0,0,0,2,0,2,0,0,0,0,0,0,0,0,0,0,0,0,4,1,3,1,0,1,8,1,7,1,0,1,13,2,11,33.787085,-88.087431
Alabama,LAMAR,Millport Police Department,AL0400400,2,0,2,7,0,7,0,0,0,0,0,0,0,0,0,0,0,0,13,4,9,2,1,1,11,5,6,4,0,4,26,10,16,33.787085,-88.087431
Alabama,LAUDERDALE,Lauderdale County Sheriff's Office,AL0410000,518,183,335,573,198,375,19,7,12,0,0,0,17,4,13,4,1,3,445,48,397,442,102,340,1484,235,1249,37,9,28,2371,385,1986,34.904122,-87.650997
Alabama,LAUDERDALE,Florence Police Department,AL0410100,1618,574,1044,2170,708,1462,29,6,23,0,0,0,56,12,44,34,14,20,2159,327,1832,1102,227,875,9898,2024,7874,248,55,193,13159,2578,10581,34.904122,-87.650997
Alabama,LAUDERDALE,Anderson Police Department,AL0410300,0,0,0,0,0,0,0,0,0,0,0,0,0,0,0,0,0,0,0,0,0,0,0,0,0,0,0,0,0,0,0,0,0,34.904122,-87.650997
Alabama,LAUDERDALE,St. Florian Police Department,AL0410400,6,1,5,6,1,5,0,0,0,0,0,0,0,0,0,0,0,0,28,0,28,15,3,12,86,3,83,0,0,0,129,6,123,34.904122,-87.650997
Alabama,LAUDERDALE,Lexington Police Department,AL0410500,4,0,4,7,0,7,0,0,0,0,0,0,0,0,0,0,0,0,16,0,16,7,0,7,37,0,37,2,0,2,60,0,60,34.904122,-87.650997
Alabama,LAUDERDALE,Rogersville Police Department,AL0410600,47,16,31,57,19,38,5,1,4,0,0,0,2,1,1,1,0,1,70,8,62,33,5,28,161,28,133,6,2,4,264,41,223,34.904122,-87.650997
Alabama,LAUDERDALE,Killen Police Department,AL0410700,26,7,19,29,8,21,0,0,0,0,0,0,0,0,0,0,0,0,36,2,34,29,0,29,126,6,120,0,0,0,191,8,183,34.904122,-87.650997
Alabama,LAUDERDALE,University of North Alabama,AL0410800,34,10,24,64,19,45,1,0,1,0,0,0,7,1,6,0,0,0,42,4,38,5,0,5,175,13,162,18,4,14,222,17,205,34.904122,-87.650997
Alabama,LAWRENCE,Lawrence County Sheriff's Office,AL0420000,361,85,276,457,119,338,31,3,28,0,0,0,7,1,6,12,6,6,648,80,568,285,38,247,1156,132,1024,61,20,41,2089,250,1839,34.51096,-87.2851
Alabama,LAWRENCE,Moulton Police Department,AL0420100,66,19,47,91,24,67,0,0,0,0,0,0,2,0,2,1,0,1,170,31,139,52,11,41,517,115,402,13,3,10,739,157,582,34.48087,-87.29011
Alabama,LAWRENCE,Town Creek Police Department,AL0420200,30,8,22,41,11,30,6,3,3,0,0,0,1,0,1,2,1,1,27,4,23,24,6,18,71,9,62,5,1,4,122,19,103,34.529776,-87.321865
Alabama,LAWRENCE,Courtland Police Department,AL0420300,6,2,4,10,3,7,0,0,0,0,0,0,0,0,0,0,0,0,9,1,8,2,0,2,15,2,13,1,0,1,26,3,23,34.529776,-87.321865
Alabama,LAWRENCE,Hillsboro Police Department,AL0420400,0,0,0,0,0,0,0,0,0,0,0,0,0,0,0,0,0,0,0,0,0,0,0,0,0,0,0,0,0,0,0,0,0,34.529776,-87.321865
Alabama,LAWRENCE,North Courtland Police Department,AL0420500,1,0,1,1,0,1,0,0,0,0,0,0,0,0,0,0,0,0,6,2,4,2,0,2,3,0,3,0,0,0,11,2,9,34.529776,-87.321865
Alabama,LAWRENCE,Lawrence County Drug and Violent Crime Task Force,AL0420600,0,0,0,0,0,0,0,0,0,0,0,0,0,0,0,0,0,0,0,0,0,1,0,1,2,0,2,0,0,0,3,0,3,34.51096,-87.2851
Alabama,LEE,Lee County Sheriff's Office,AL0430000,2238,589,1649,2552,679,1873,46,11,35,0,0,0,42,5,37,46,21,25,1554,184,1370,781,167,614,3895,528,3367,186,49,137,6230,879,5351,32.604064,-85.353048
Alabama,LEE,Auburn Police Department,AL0430100,1627,688,939,2071,833,1238,9,3,6,0,0,0,42,11,31,40,17,23,1201,162,1039,836,275,561,9801,2176,7625,162,58,104,11838,2613,9225,32.608086,-85.475136
Alabama,LEE,Opelika Police Department,AL0430200,1385,272,1113,1867,381,1486,35,6,29,10,1,9,27,2,25,53,19,34,1304,135,1169,706,144,562,8322,1556,6766,144,26,118,10332,1835,8497,32.604064,-85.353048
Alabama,LIMESTONE,Limestone County Sheriff's Office,AL0440000,596,257,339,784,318,466,24,9,15,0,0,0,0,0,0,23,11,12,1116,272,844,371,124,247,3034,900,2134,124,37,87,4521,1296,3225,34.81945,-86.96882
Alabama,LIMESTONE,Athens Police Department,AL0440100,114,37,77,227,77,150,4,1,3,1,0,1,3,0,3,13,5,8,866,192,674,185,48,137,5573,1713,3860,5,0,5,6624,1953,4671,34.803825,-86.95889
Alabama,LIMESTONE,Ardmore Police Department,AL0440200,39,12,27,44,13,31,2,0,2,0,0,0,0,0,0,0,0,0,68,6,62,26,3,23,156,14,142,2,1,1,250,23,227,34.810239,-86.981399
Alabama,LOWNDES,Lowndes County Sheriff's Office,AL0450000,257,56,201,390,89,301,17,1,16,0,0,0,2,0,2,27,7,20,398,34,364,215,18,197,671,60,611,47,13,34,1284,112,1172,32.147888,-86.650586
Alabama,LOWNDES,Fort Deposit Police Department,AL0450100,42,5,37,52,6,46,1,0,1,0,0,0,0,0,0,0,0,0,33,2,31,25,0,25,91,4,87,4,0,4,149,6,143,32.147888,-86.650586
Alabama,LOWNDES,Hayneville Police Department,AL0450200,10,1,9,15,1,14,0,0,0,0,0,0,0,0,0,1,0,1,19,0,19,5,0,5,27,0,27,1,0,1,51,0,51,32.147888,-86.650586
Alabama,LOWNDES,White Hall Police Department,AL0450500,4,0,4,4,0,4,0,0,0,0,0,0,0,0,0,0,0,0,5,0,5,1,0,1,12,0,12,0,0,0,18,0,18,32.147888,-86.650586
Alabama,MACON,Macon County Sheriff's Office,AL0460000,118,17,101,151,22,129,8,0,8,0,0,0,2,1,1,6,1,5,254,2,252,102,6,96,259,10,249,20,3,17,615,18,597,32.40025,-85.63693
Alabama,MACON,Tuskegee Police Department,AL0460100,486,54,432,639,73,566,10,0,10,0,0,0,2,0,2,36,9,27,626,16,610,171,4,167,1004,34,970,34,1,33,1801,54,1747,32.436695,-85.69221
Alabama,"LEE, MACON",Notasulga Police Department,AL0460200,68,23,45,74,24,50,1,0,1,0,0,0,0,0,0,2,1,1,70,2,68,25,6,19,110,21,89,2,0,2,205,29,176,32.387027,-85.692887
Alabama,MACON,Franklin,AL0460400,6,3,3,8,3,5,0,0,0,0,0,0,1,0,1,0,0,0,12,0,12,8,0,8,14,0,14,1,0,1,34,0,34,,
Alabama,MACON,Shorter Police Department,AL0460600,0,0,0,0,0,0,0,0,0,0,0,0,0,0,0,0,0,0,0,0,0,0,0,0,0,0,0,0,0,0,0,0,0,32.387027,-85.692887
Alabama,MACON,Tuskegee University,AL0460700,9,0,9,16,2,14,2,0,2,0,0,0,2,1,1,0,0,0,31,4,27,7,0,7,254,1,253,6,2,4,292,5,287,32.387027,-85.692887
Alabama,MADISON,Madison County Sheriff's Office,AL0470000,2788,1141,1647,3499,1385,2114,81,19,62,0,0,0,10,0,10,40,18,22,3986,972,3014,1777,622,1155,10079,2728,7351,328,94,234,15842,4322,11520,34.730453,-86.58588
Alabama,"LIMESTONE, MADISON",Huntsville Police Department,AL0470100,9990,3919,6071,14154,5382,8772,119,15,104,0,0,0,78,13,65,196,88,108,9209,1430,7779,7108,2140,4968,44673,11408,33265,1354,529,825,60990,14978,46012,34.764238,-86.55108
Alabama,"LIMESTONE, MADISON",Madison Police Department,AL0470200,1172,449,723,1433,528,905,7,2,5,0,0,0,0,0,0,8,4,4,765,134,631,402,126,276,4852,1122,3730,103,26,77,6019,1382,4637,34.6994,-86.74227
Alabama,MADISON,Gurley Police Department,AL0470300,24,6,18,26,6,20,3,1,2,0,0,0,0,0,0,0,0,0,43,4,39,19,3,16,191,43,148,2,0,2,253,50,203,34.764238,-86.55108
Alabama,MADISON,New Hope Police Department,AL0470400,54,10,44,59,10,49,6,3,3,0,0,0,0,0,0,0,0,0,82,9,73,49,6,43,220,28,192,3,0,3,351,43,308,34.764238,-86.55108
Alabama,MADISON,Owens Crossroads Police Department,AL0470500,35,7,28,39,7,32,0,0,0,0,0,0,0,0,0,1,0,1,33,0,33,28,1,27,170,10,160,0,0,0,231,11,220,34.764238,-86.55108
Alabama,MADISON,Triana Police Department,AL0470600,39,11,28,45,11,34,0,0,0,0,0,0,0,0,0,0,0,0,90,0,90,11,1,10,84,6,78,2,0,2,185,7,178,34.583607,-86.73393
Alabama,MADISON,University of Alabama: Huntsville,AL0470700,57,14,43,72,20,52,0,0,0,0,0,0,2,1,1,0,0,0,88,11,77,4,0,4,396,54,342,14,6,8,488,65,423,34.72357,-86.64402
Alabama,MADISON,Alabama A&M University,AL0470800,26,6,20,40,8,32,2,0,2,0,0,0,0,0,0,0,0,0,36,5,31,7,0,7,162,6,156,6,1,5,205,11,194,34.764238,-86.55108
Alabama,MADISON,Huntsville International Airport,AL0470900,0,0,0,0,0,0,0,0,0,0,0,0,0,0,0,0,0,0,0,0,0,1,0,1,7,0,7,0,0,0,8,0,8,34.764238,-86.55108
Alabama,MARENGO,Marengo County Sheriff's Office,AL0480000,191,17,174,244,21,223,31,3,28,0,0,0,0,0,0,13,1,12,400,13,387,118,3,115,517,12,505,22,2,20,1035,28,1007,32.247591,-87.791091
Alabama,MARENGO,Demopolis Police Department,AL0480100,329,77,252,408,98,310,9,3,6,2,1,1,6,1,5,8,3,5,316,56,260,79,18,61,1285,211,1074,26,6,20,1680,285,1395,32.247591,-87.791091
Alabama,MARENGO,Linden Police Department,AL0480200,82,20,62,102,27,75,1,0,1,0,0,0,2,1,1,3,1,2,85,4,81,37,6,31,179,18,161,6,1,5,301,28,273,32.247591,-87.791091
Alabama,MARENGO,Thomaston Police Department,AL0480300,6,2,4,6,2,4,0,0,0,0,0,0,0,0,0,0,0,0,2,0,2,2,0,2,13,1,12,0,0,0,17,1,16,32.247591,-87.791091
Alabama,MARENGO,Sweet Water Police Department,AL0480600,0,0,0,0,0,0,0,0,0,0,0,0,0,0,0,0,0,0,0,0,0,0,0,0,1,0,1,0,0,0,1,0,1,32.247591,-87.791091
Alabama,MARENGO,17th Judicial Circuit Drug Task Force,AL0480700,2,1,1,4,2,2,0,0,0,0,0,0,0,0,0,0,0,0,0,0,0,0,0,0,0,0,0,0,0,0,0,0,0,32.247591,-87.791091
Alabama,MARION,Marion County Sheriff's Office,AL0490000,162,75,87,202,90,112,8,3,5,0,0,0,0,0,0,8,4,4,430,118,312,115,39,76,581,173,408,24,7,17,1126,330,796,34.138219,-87.881551
Alabama,MARION,Hamilton Police Department,AL0490100,130,42,88,149,46,103,4,0,4,0,0,0,2,1,1,2,1,1,214,24,190,99,19,80,783,174,609,12,2,10,1096,217,879,34.138219,-87.881551
Alabama,MARION,District Attorney:,AL049015A,2,1,1,33,22,11,4,2,2,0,0,0,14,12,2,6,3,3,0,0,0,0,0,0,6,2,4,25,18,7,6,2,4,,
Alabama,"FAYETTE, MARION",Winfield Police Department,AL0490200,127,59,68,177,80,97,19,6,13,0,0,0,2,1,1,3,1,2,260,65,195,193,76,117,1042,330,712,24,10,14,1495,471,1024,34.138219,-87.881551
Alabama,MARION,Guin Police Department,AL0490300,58,14,44,65,14,51,1,0,1,0,0,0,1,0,1,0,0,0,61,3,58,52,4,48,206,8,198,3,0,3,319,15,304,34.138219,-87.881551
Alabama,MARION,Hackleburg Police Department,AL0490400,13,2,11,16,2,14,0,0,0,0,0,0,1,0,1,0,0,0,33,3,30,15,4,11,130,33,97,3,0,3,178,40,138,34.138219,-87.881551
Alabama,MARION,Brilliant Police Department,AL0490500,35,10,25,40,10,30,3,1,2,0,0,0,1,0,1,1,0,1,38,5,33,29,4,25,72,9,63,3,0,3,139,18,121,34.138219,-87.881551
Alabama,MARION,Bear Creek Police Department,AL0490700,9,1,8,13,2,11,1,0,1,0,0,0,1,0,1,0,0,0,43,1,42,11,2,9,73,1,72,3,1,2,127,4,123,34.138219,-87.881551
Alabama,MARION,Marion County Drug Task Force,AL0490800,0,0,0,0,0,0,0,0,0,0,0,0,0,0,0,0,0,0,0,0,0,0,0,0,0,0,0,0,0,0,0,0,0,,
Alabama,MARSHALL,Marshall County Sheriff's Office,AL0500000,451,186,265,592,238,354,9,1,8,0,0,0,20,3,17,11,5,6,1047,141,906,397,108,289,1536,337,1199,106,37,69,2980,586,2394,34.3587,-86.29298
Alabama,MARSHALL,Albertville Police Department,AL0500100,84,9,75,156,10,146,7,0,7,0,0,0,1,0,1,0,0,0,883,7,876,466,5,461,2373,23,2350,36,0,36,3722,35,3687,34.309564,-86.321668
Alabama,MARSHALL,Guntersville Police Department,AL0500200,286,90,196,371,109,262,16,3,13,0,0,0,8,0,8,9,4,5,523,71,452,262,44,218,2983,853,2130,32,2,30,3768,968,2800,34.36029,-86.29187
Alabama,"CULLMAN, MARSHALL",Arab Police Department,AL0500300,374,153,221,465,184,281,14,7,7,0,0,0,12,1,11,4,2,2,644,116,528,329,94,235,2790,901,1889,66,22,44,3763,1111,2652,34.32761,-86.4977
Alabama,"ETOWAH, MARSHALL",Boaz Police Department,AL0500400,632,173,459,675,182,493,11,3,8,0,0,0,0,0,0,2,0,2,336,17,319,216,37,179,1788,257,1531,27,7,20,2340,311,2029,34.1956,-86.16411
Alabama,MARSHALL,Grant Police Department,AL0500500,12,4,8,18,6,12,3,0,3,0,0,0,0,0,0,0,0,0,51,7,44,29,9,20,119,23,96,4,1,3,199,39,160,34.309564,-86.321668
Alabama,MARSHALL,Douglas Police Department,AL0500600,62,28,34,65,29,36,8,4,4,0,0,0,0,0,0,0,0,0,153,55,98,66,23,43,325,115,210,3,1,2,544,193,351,34.309564,-86.321668
Alabama,MARSHALL,Marshall County Drug Enforcement Unit,AL0500800,0,0,0,0,0,0,0,0,0,0,0,0,0,0,0,0,0,0,0,0,0,0,0,0,0,0,0,0,0,0,0,0,0,34.309564,-86.321668
Alabama,MONROE,Monroe County Sheriff's Office,AL0510000,214,56,158,239,64,175,5,1,4,0,0,0,1,0,1,9,3,6,197,26,171,53,9,44,304,28,276,1,0,1,554,63,491,31.580332,-87.383266
Alabama,MONROE,Monroeville Police Department,AL0510100,240,29,211,271,32,239,5,0,5,0,0,0,2,0,2,5,0,5,169,18,151,83,9,74,832,66,766,10,2,8,1084,93,991,31.580332,-87.383266
Alabama,MONROE,Frisco City Police Department,AL0510200,14,1,13,16,1,15,1,0,1,0,0,0,0,0,0,1,0,1,23,4,19,4,0,4,30,1,29,1,0,1,57,5,52,31.580332,-87.383266
Alabama,MONROE,Excel Police Department,AL0510400,14,3,11,19,4,15,2,0,2,0,0,0,0,0,0,4,1,3,22,4,18,10,1,9,61,6,55,1,0,1,93,11,82,31.580332,-87.383266
Alabama,MORGAN,Morgan County Sheriff's Office,AL0520000,234,0,234,270,0,270,2,0,2,0,0,0,0,0,0,0,0,0,554,0,554,58,0,58,446,0,446,31,0,31,1058,0,1058,34.454484,-86.846402
Alabama,"LIMESTONE, MORGAN",Decatur Police Department,AL0520100,1111,342,769,1788,553,1235,238,25,213,0,0,0,19,1,18,61,25,36,3164,660,2504,1503,476,1027,12879,2799,10080,173,38,135,17546,3935,13611,34.454484,-86.846402
Alabama,MORGAN,Hartselle Police Department,AL0520200,398,153,245,432,165,267,6,1,5,0,0,0,6,2,4,4,1,3,296,46,250,209,75,134,2120,514,1606,20,7,13,2625,635,1990,34.442818,-86.940285
Alabama,MORGAN,Falkville Police Department,AL0520400,68,20,48,75,22,53,1,0,1,0,0,0,0,0,0,0,0,0,53,7,46,29,7,22,133,23,110,6,2,4,215,37,178,34.454484,-86.846402
Alabama,MORGAN,Somerville Police Department,AL0520600,11,4,7,11,4,7,0,0,0,0,0,0,0,0,0,0,0,0,9,0,9,14,3,11,35,7,28,0,0,0,58,10,48,34.454484,-86.846402
Alabama,"LAWRENCE, MORGAN",Trinity Police Department,AL0520700,43,14,29,59,19,40,4,0,4,0,0,0,0,0,0,2,1,1,60,7,53,52,10,42,182,26,156,11,3,8,294,43,251,34.610783,-87.08653
Alabama,MORGAN,Priceville Police Department,AL0520900,14,5,9,33,10,23,0,0,0,0,0,0,3,0,3,2,1,1,40,8,32,29,3,26,111,13,98,8,0,8,180,24,156,34.5353,-86.90332
Alabama,MORGAN,Calhoun Community College,AL052119E,0,0,0,0,0,0,0,0,0,0,0,0,0,0,0,0,0,0,0,0,0,0,0,0,3,0,3,0,0,0,3,0,3,,
Alabama,PERRY,Perry County Sheriff's Office,AL0530000,0,0,0,0,0,0,0,0,0,0,0,0,0,0,0,0,0,0,0,0,0,0,0,0,1,0,1,0,0,0,1,0,1,32.639005,-87.293827
Alabama,PERRY,Marion Police Department,AL0530100,19,0,19,23,2,21,0,0,0,0,0,0,2,1,1,0,0,0,42,2,40,5,0,5,30,0,30,2,1,1,77,2,75,32.639005,-87.293827
Alabama,PERRY,Uniontown Police Department,AL0530200,108,13,95,132,16,116,8,0,8,0,0,0,1,0,1,2,1,1,90,4,86,45,2,43,160,8,152,4,1,3,295,14,281,32.639005,-87.293827
Alabama,PICKENS,Pickens County Sheriff's Office,AL0540000,98,32,66,119,37,82,0,0,0,0,0,0,2,0,2,2,1,1,100,10,90,33,5,28,106,11,95,11,2,9,239,26,213,33.296808,-88.096878
Alabama,PICKENS,Aliceville Police Department,AL0540100,44,9,35,45,9,36,2,0,2,0,0,0,0,0,0,0,0,0,35,4,31,5,0,5,84,2,82,0,0,0,124,6,118,33.129322,-88.15072
Alabama,PICKENS,Gordo Police Department,AL0540200,11,2,9,14,2,12,0,0,0,0,0,0,0,0,0,0,0,0,17,1,16,8,0,8,41,3,38,3,0,3,66,4,62,33.296808,-88.096878
Alabama,PICKENS,Reform Police Department,AL0540300,82,29,53,100,36,64,1,0,1,0,0,0,0,0,0,0,0,0,59,15,44,21,8,13,87,24,63,8,2,6,167,47,120,33.296808,-88.096878
Alabama,PICKENS,Carrollton Police Department,AL0540400,24,7,17,25,7,18,2,1,1,0,0,0,0,0,0,0,0,0,29,4,25,17,3,14,63,8,55,0,0,0,109,15,94,33.296808,-88.096878
Alabama,PICKENS,Pickensville Police Department,AL0540500,6,3,3,6,3,3,0,0,0,0,0,0,0,0,0,0,0,0,1,0,1,4,0,4,5,1,4,0,0,0,10,1,9,33.296808,-88.096878
Alabama,PICKENS,24th Judicial Circuit Drug and Violent Crime Task Force,AL0540700,2,1,1,2,1,1,0,0,0,0,0,0,0,0,0,0,0,0,0,0,0,0,0,0,0,0,0,0,0,0,0,0,0,33.296808,-88.096878
Alabama,PIKE,Pike County Sheriff's Office,AL0550000,124,37,87,156,48,108,9,0,9,0,0,0,3,1,2,3,1,2,202,32,170,95,13,82,342,45,297,16,5,11,639,90,549,31.80726,-85.972015
Alabama,PIKE,Troy Police Department,AL0550100,1172,153,1019,1468,253,1215,15,4,11,0,0,0,21,6,15,26,11,15,978,83,895,377,61,316,4525,523,4002,97,32,65,5880,667,5213,31.798651,-85.941604
Alabama,PIKE,Brundidge Police Department,AL0550200,18,3,15,29,7,22,0,0,0,0,0,0,0,0,0,2,1,1,35,1,34,9,0,9,92,4,88,1,0,1,136,5,131,31.72041,-85.81567
Alabama,PIKE,Troy University,AL0550300,13,2,11,31,4,27,3,0,3,0,0,0,3,0,3,0,0,0,56,8,48,32,7,25,461,40,421,13,2,11,549,55,494,31.798651,-85.941604
Alabama,RANDOLPH,Randolph County Sheriff's Office,AL0560000,122,27,95,132,28,104,3,0,3,0,0,0,4,1,3,0,0,0,372,20,352,62,7,55,653,48,605,9,1,8,1087,75,1012,33.296475,-85.464068
Alabama,RANDOLPH,Roanoke Police Department,AL0560100,189,30,159,230,36,194,0,0,0,0,0,0,0,0,0,0,0,0,132,13,119,65,17,48,646,97,549,17,3,14,843,127,716,33.150887,-85.37395
Alabama,RANDOLPH,Wadley Police Department,AL0560200,11,3,8,13,4,9,2,0,2,0,0,0,2,1,1,0,0,0,9,3,6,3,1,2,26,4,22,2,1,1,38,8,30,33.296475,-85.464068
Alabama,RANDOLPH,Wedowee Police Department,AL0560300,30,8,22,35,8,27,0,0,0,0,0,0,0,0,0,0,0,0,58,6,52,35,5,30,190,21,169,3,0,3,283,32,251,33.296475,-85.464068
Alabama,RANDOLPH,Southern Union State Community College,AL0560400,0,0,0,1,0,1,0,0,0,0,0,0,1,0,1,0,0,0,0,0,0,0,0,0,0,0,0,1,0,1,0,0,0,33.296475,-85.464068
Alabama,RANDOLPH,5th Judicial Circuit Narcotics Unit,AL0560500,0,0,0,0,0,0,0,0,0,0,0,0,0,0,0,0,0,0,0,0,0,0,0,0,0,0,0,0,0,0,0,0,0,33.296475,-85.464068
Alabama,RUSSELL,Russell County Sheriff's Office,AL0570000,310,114,196,471,177,294,7,1,6,0,0,0,7,2,5,13,6,7,579,89,490,265,68,197,1227,191,1036,111,45,66,2071,348,1723,32.289811,-85.18698
Alabama,"LEE, RUSSELL",Phenix City Police Department,AL0570100,1629,372,1257,2757,714,2043,67,22,45,0,0,0,64,10,54,94,37,57,2521,305,2216,1589,153,1436,8730,1183,7547,427,137,290,12840,1641,11199,32.46812,-85.00083
Alabama,RUSSELL,Hurtsboro Police Department,AL0570200,0,0,0,0,0,0,0,0,0,0,0,0,0,0,0,0,0,0,0,0,0,0,0,0,0,0,0,0,0,0,0,0,0,32.289811,-85.18698
Alabama,ST CLAIR,St. Clair County Sheriff's Office,AL0580000,1263,180,1083,1422,212,1210,16,2,14,0,0,0,22,6,16,15,6,9,889,76,813,245,29,216,1599,159,1440,118,20,98,2733,264,2469,33.712963,-86.315663
Alabama,ST CLAIR,Pell City Police Department,AL0580100,188,68,120,267,89,178,8,0,8,0,0,0,6,1,5,3,1,2,216,43,173,111,23,88,1730,495,1235,38,9,29,2057,561,1496,33.712963,-86.315663
Alabama,ST CLAIR,Ashville Police Department,AL0580200,47,16,31,55,18,37,1,0,1,0,0,0,0,0,0,2,1,1,55,5,50,28,3,25,164,16,148,4,0,4,247,24,223,33.712963,-86.315663
Alabama,ST CLAIR,Ragland Police Department,AL0580300,8,0,8,8,0,8,0,0,0,0,0,0,0,0,0,0,0,0,20,1,19,5,0,5,67,1,66,0,0,0,92,2,90,33.699944,-86.25525
Alabama,ST CLAIR,Springville Police Department,AL0580400,104,15,89,108,15,93,3,0,3,0,0,0,0,0,0,1,0,1,64,5,59,21,4,17,465,119,346,1,0,1,550,128,422,33.712963,-86.315663
Alabama,ST CLAIR,Odenville Police Department,AL0580500,157,66,91,195,78,117,2,1,1,0,0,0,3,0,3,0,0,0,106,35,71,64,19,45,284,89,195,24,8,16,454,143,311,33.712963,-86.315663
Alabama,ST CLAIR,Moody Police Department,AL0580600,294,64,230,341,78,263,2,0,2,0,0,0,3,0,3,8,4,4,204,29,175,168,16,152,1018,98,920,25,6,19,1390,143,1247,33.712963,-86.315663
Alabama,ST CLAIR,Riverside Police Department,AL0580700,41,6,35,53,6,47,1,0,1,0,0,0,0,0,0,1,0,1,96,4,92,38,2,36,244,13,231,7,0,7,378,19,359,33.712963,-86.315663
Alabama,ST CLAIR,Margaret Police Department,AL0580800,53,14,39,63,16,47,0,0,0,0,0,0,0,0,0,2,1,1,45,3,42,41,4,37,138,5,133,8,1,7,224,12,212,33.712963,-86.315663
Alabama,ST CLAIR,Steele Police Department,AL0580900,11,3,8,14,3,11,0,0,0,0,0,0,0,0,0,0,0,0,22,4,18,9,0,9,59,11,48,2,0,2,90,15,75,33.712963,-86.315663
Alabama,"JEFFERSON, ST CLAIR",Argo Police Department,AL0581200,32,6,26,36,6,30,1,0,1,0,0,0,1,0,1,0,0,0,58,1,57,35,0,35,115,1,114,3,0,3,208,2,206,33.68995,-86.50901
Alabama,SHELBY,Shelby County Sheriff's Office,AL0590000,528,194,334,772,252,520,6,0,6,0,0,0,0,0,0,18,9,9,1299,138,1161,492,74,418,2673,318,2355,170,36,134,4464,530,3934,33.262937,-86.678104
Alabama,"CHILTON, SHELBY",Calera Police Department,AL0590100,1268,344,924,1339,363,976,2,0,2,0,0,0,7,3,4,5,1,4,556,73,483,130,19,111,1143,209,934,39,11,28,1829,301,1528,33.262937,-86.678104
Alabama,SHELBY,Columbiana Police Department,AL0590200,280,26,254,309,32,277,2,0,2,0,0,0,6,1,5,0,0,0,598,28,570,40,3,37,574,47,527,15,1,14,1212,78,1134,33.177193,-86.60668
Alabama,SHELBY,Montevallo Police Department,AL0590300,108,24,84,152,33,119,3,0,3,0,0,0,0,0,0,1,0,1,184,23,161,56,7,49,703,76,627,21,4,17,943,106,837,33.099293,-86.86463
Alabama,SHELBY,Alabaster Police Department,AL0590400,825,303,522,914,339,575,6,1,5,0,0,0,8,2,6,3,1,2,409,128,281,228,71,157,5078,1886,3192,28,10,18,5715,2085,3630,33.24704,-86.81563
Alabama,SHELBY,Pelham Police Department,AL0590600,324,137,187,421,166,255,7,2,5,0,0,0,2,0,2,4,2,2,324,65,259,354,108,246,3406,834,2572,35,11,24,4084,1007,3077,33.262937,-86.678104
Alabama,"JEFFERSON, SHELBY",Helena Police Department,AL0590700,217,45,172,264,58,206,1,0,1,0,0,0,5,0,5,6,3,3,107,18,89,88,14,74,691,71,620,30,7,23,886,103,783,33.262937,-86.678104
Alabama,SHELBY,Harpersville Police Department,AL0590900,57,21,36,73,27,46,1,0,1,1,0,1,0,0,0,0,0,0,57,7,50,31,6,25,165,27,138,8,3,5,253,40,213,33.262937,-86.678104
Alabama,SHELBY,University of Montevallo,AL0591100,2,0,2,7,1,6,4,2,2,0,0,0,0,0,0,0,0,0,3,0,3,0,0,0,39,1,38,4,1,3,42,1,41,33.262937,-86.678104
Alabama,SUMTER,Sumter County Sheriff's Office,AL0600000,86,32,54,103,37,66,6,0,6,0,0,0,0,0,0,5,2,3,75,11,64,25,5,20,77,11,66,4,1,3,177,27,150,32.597481,-88.200057
Alabama,SUMTER,York Police Department,AL0600100,51,7,44,64,7,57,0,0,0,0,0,0,0,0,0,3,0,3,41,3,38,16,0,16,73,6,67,1,0,1,130,9,121,32.597481,-88.200057
Alabama,SUMTER,Livingston Police Department,AL0600200,133,14,119,155,19,136,6,0,6,0,0,0,0,0,0,3,1,2,77,7,70,20,2,18,224,14,210,5,0,5,321,23,298,32.597481,-88.200057
Alabama,SUMTER,Cuba Police Department,AL0600300,1,0,1,1,0,1,0,0,0,0,0,0,0,0,0,0,0,0,0,0,0,0,0,0,3,0,3,0,0,0,3,0,3,32.597481,-88.200057
Alabama,SUMTER,University of West Alabama,AL0600500,33,14,19,41,18,23,0,0,0,0,0,0,2,1,1,0,0,0,3,0,3,4,1,3,115,27,88,4,2,2,122,28,94,32.597481,-88.200057
Alabama,TALLADEGA,Talladega County Sheriff's Office,AL0610000,893,341,552,1103,412,691,12,4,8,0,0,0,16,6,10,25,9,16,1484,289,1195,809,263,546,3962,1313,2649,90,28,62,6255,1865,4390,33.369277,-86.175805
Alabama,TALLADEGA,Sylacauga Police Department,AL0610100,440,59,381,610,95,515,13,1,12,0,0,0,25,5,20,17,1,16,787,55,732,259,29,230,3403,442,2961,90,20,70,4449,526,3923,33.369277,-86.175805
Alabama,TALLADEGA,Talladega Police Department,AL0610200,1048,402,646,1237,450,787,7,0,7,0,0,0,8,1,7,24,6,18,1469,301,1168,497,154,343,5603,2242,3361,57,15,42,7569,2697,4872,33.369277,-86.175805
Alabama,TALLADEGA,Childersburg Police Department,AL0610300,364,35,329,413,40,373,0,0,0,0,0,0,0,0,0,7,1,6,320,11,309,78,10,68,982,68,914,16,1,15,1380,89,1291,33.278336,-86.35341
Alabama,TALLADEGA,Lincoln Police Department,AL0610400,286,49,237,367,64,303,7,0,7,0,0,0,7,2,5,8,3,5,480,32,448,276,28,248,1524,134,1390,44,10,34,2280,194,2086,33.369277,-86.175805
Alabama,TALLADEGA,Munford Police Department,AL0611200,0,0,0,0,0,0,0,0,0,0,0,0,0,0,0,0,0,0,0,0,0,0,0,0,20,7,13,0,0,0,20,7,13,33.369277,-86.175805
Alabama,TALLAPOOSA,Tallapoosa County Sheriff's Office,AL0620000,204,98,106,307,145,162,1,0,1,0,0,0,6,3,3,26,13,13,396,116,280,73,19,54,625,136,489,51,23,28,1094,271,823,32.814243,-85.77444
Alabama,TALLAPOOSA,Alexander City Police Department,AL0620100,2063,609,1454,2277,684,1593,6,1,5,1,0,1,10,4,6,20,9,11,1270,158,1112,360,89,271,3693,753,2940,71,24,47,5323,1000,4323,32.863369,-85.799553
Alabama,TALLAPOOSA,Dadeville Police Department,AL0620200,167,60,107,218,73,145,3,0,3,0,0,0,4,1,3,2,0,2,123,19,104,60,12,48,622,124,498,17,4,13,805,155,650,32.829388,-85.76364
Alabama,TALLAPOOSA,Camp Hill Police Department,AL0620300,35,10,25,57,18,39,3,1,2,0,0,0,2,1,1,11,5,6,34,3,31,9,0,9,58,2,56,5,2,3,101,5,96,32.863369,-85.799553
Alabama,TALLAPOOSA,New Site Police Department,AL0620600,8,3,5,14,5,9,1,0,1,0,0,0,0,0,0,0,0,0,7,2,5,6,2,4,39,11,28,6,2,4,52,15,37,32.863369,-85.799553
Alabama,TALLAPOOSA,Jacksons Gap Police Department,AL0620700,12,4,8,12,4,8,0,0,0,0,0,0,0,0,0,0,0,0,15,2,13,9,1,8,31,4,27,0,0,0,55,7,48,32.863369,-85.799553
Alabama,TUSCALOOSA,Tuscaloosa County Sheriff's Office,AL0630000,1497,635,862,1742,722,1020,31,9,22,0,0,0,0,0,0,30,13,17,2169,344,1825,1038,285,753,4697,910,3787,67,27,40,7904,1539,6365,33.290202,-87.52286
Alabama,TUSCALOOSA,Tuscaloosa Police Department,AL0630100,3570,1237,2333,5523,1903,3620,58,16,42,4,1,3,49,17,32,120,53,67,5797,1119,4678,2028,370,1658,24182,5577,18605,451,176,275,32007,7066,24941,33.173267,-87.55792
Alabama,TUSCALOOSA,Northport Police Department,AL0630200,526,111,415,772,144,628,18,1,17,1,0,1,17,1,16,7,2,5,814,67,747,251,23,228,4307,271,4036,105,16,89,5372,361,5011,33.290202,-87.52286
Alabama,TUSCALOOSA,University of Alabama: Tuscaloosa,AL0630300,151,59,92,255,96,159,10,2,8,0,0,0,9,1,8,2,1,1,333,103,230,35,7,28,1859,309,1550,57,19,38,2227,419,1808,33.290202,-87.52286
Alabama,TUSCALOOSA,Bryce State Hospital,AL0630500,5,0,5,5,0,5,0,0,0,0,0,0,0,0,0,0,0,0,0,0,0,0,0,0,6,2,4,0,0,0,6,2,4,33.290202,-87.52286
Alabama,"BIBB, TUSCALOOSA",Vance Police Department,AL0630700,29,5,24,39,8,31,7,0,7,0,0,0,1,0,1,0,0,0,58,1,57,18,2,16,87,3,84,3,0,3,163,6,157,33.290202,-87.52286
Alabama,TUSCALOOSA,Brookwood Police Department,AL0630800,31,0,31,45,0,45,4,0,4,0,0,0,0,0,0,1,0,1,108,1,107,71,2,69,253,5,248,6,0,6,432,8,424,33.290202,-87.52286
Alabama,"JEFFERSON, TUSCALOOSA",Lake View Police Department,AL0631100,32,9,23,41,10,31,0,0,0,0,0,0,0,0,0,1,0,1,36,2,34,16,0,16,135,13,122,7,1,6,187,15,172,33.290202,-87.52286
Alabama,TUSCALOOSA,Coaling Police Department,AL0631400,46,6,40,65,10,55,4,0,4,0,0,0,0,0,0,3,1,2,101,10,91,41,6,35,169,10,159,13,3,10,311,26,285,33.290202,-87.52286
Alabama,WALKER,Walker County Sheriff's Office,AL0640000,524,57,467,694,77,617,44,1,43,0,0,0,15,2,13,9,3,6,1319,54,1265,673,30,643,2504,79,2425,102,7,95,4496,163,4333,33.832783,-87.276886
Alabama,WALKER,Jasper Police Department,AL0640100,779,146,633,1006,204,802,22,0,22,0,0,0,11,2,9,4,1,3,1050,99,951,573,112,461,5906,1298,4608,78,20,58,7529,1509,6020,33.835384,-87.27464
Alabama,WALKER,Carbon Hill Police Department,AL0640200,59,13,46,72,17,55,1,0,1,0,0,0,0,0,0,2,1,1,76,5,71,39,1,38,350,67,283,5,0,5,465,73,392,33.791558,-87.301094
Alabama,WALKER,Cordova Police Department,AL0640300,18,4,14,30,6,24,0,0,0,0,0,0,2,0,2,0,0,0,41,8,33,23,6,17,128,20,108,12,2,10,192,34,158,33.791558,-87.301094
Alabama,WALKER,Dora Police Department,AL0640400,104,50,54,135,64,71,22,11,11,0,0,0,0,0,0,0,0,0,126,40,86,123,50,73,705,271,434,17,8,9,954,361,593,33.738365,-87.08069
Alabama,"JEFFERSON, WALKER",Sumiton Police Department,AL0640500,28,5,23,39,7,32,1,0,1,0,0,0,1,0,1,2,0,2,68,4,64,52,7,45,505,121,384,4,0,4,625,132,493,33.791558,-87.301094
Alabama,WALKER,Parrish Police Department,AL0640600,22,2,20,35,4,31,5,0,5,0,0,0,0,0,0,0,0,0,68,4,64,27,1,26,140,11,129,7,1,6,235,16,219,33.791558,-87.301094
Alabama,WALKER,Oakman Police Department,AL0640700,3,0,3,6,0,6,0,0,0,0,0,0,0,0,0,0,0,0,8,0,8,9,0,9,37,0,37,2,0,2,54,0,54,33.791558,-87.301094
Alabama,WALKER,Sipsey Police Department,AL0640900,1,0,1,2,0,2,1,0,1,0,0,0,0,0,0,0,0,0,3,0,3,5,0,5,21,3,18,1,0,1,29,3,26,33.791558,-87.301094
Alabama,WALKER,Bevill State Community College,AL0641100,0,0,0,1,0,1,0,0,0,0,0,0,0,0,0,0,0,0,0,0,0,0,0,0,3,0,3,1,0,1,3,0,3,33.791558,-87.301094
Alabama,WASHINGTON,Washington County Sheriff's Office,AL0650000,193,45,148,228,51,177,18,2,16,0,0,0,4,2,2,5,2,3,226,20,206,141,14,127,344,22,322,24,2,22,711,56,655,31.405217,-88.197564
Alabama,WASHINGTON,McIntosh Police Department,AL0650100,37,9,28,41,10,31,2,0,2,0,0,0,0,0,0,0,0,0,46,7,39,25,5,20,180,43,137,1,0,1,251,55,196,31.405217,-88.197564
Alabama,WASHINGTON,Millry Police Department,AL0650200,13,0,13,14,0,14,0,0,0,0,0,0,0,0,0,0,0,0,6,0,6,6,0,6,38,0,38,1,0,1,50,0,50,31.405217,-88.197564
Alabama,WASHINGTON,Chatom Police Department,AL0650300,35,11,24,48,13,35,1,0,1,0,0,0,1,0,1,0,0,0,45,5,40,17,2,15,133,27,106,9,1,8,195,34,161,31.405217,-88.197564
Alabama,WILCOX,Wilcox County Sheriff's Office,AL0660000,169,11,158,199,14,185,16,3,13,0,0,0,0,0,0,6,1,5,227,6,221,44,3,41,234,10,224,9,2,7,505,19,486,31.990372,-87.302216
Alabama,WILCOX,Camden Police Department,AL0660100,62,0,62,80,1,79,2,0,2,0,0,0,0,0,0,3,1,2,82,0,82,18,0,18,129,2,127,4,0,4,229,2,227,31.990372,-87.302216
Alabama,WILCOX,Pine Hill Police Department,AL0660200,64,20,44,89,27,62,3,1,2,0,0,0,0,0,0,10,3,7,54,6,48,25,3,22,123,13,110,6,1,5,202,22,180,31.990372,-87.302216
Alabama,WINSTON,Winston County Sheriff's Office,AL0670000,127,32,95,169,39,130,11,3,8,0,0,0,2,0,2,4,2,2,252,27,225,59,5,54,445,26,419,31,4,27,756,58,698,34.155888,-87.364147
Alabama,WINSTON,Double Springs Police Department,AL0670100,25,8,17,29,9,20,4,2,2,0,0,0,0,0,0,0,0,0,52,14,38,19,3,16,111,22,89,0,0,0,182,39,143,34.155888,-87.364147
Alabama,"MARION, WINSTON",Haleyville Police Department,AL0670200,109,15,94,145,22,123,0,0,0,0,0,0,3,2,1,2,1,1,261,13,248,69,6,63,857,94,763,27,4,23,1187,113,1074,34.155888,-87.364147
Alabama,WINSTON,Addison Police Department,AL0670300,18,3,15,18,3,15,0,0,0,0,0,0,0,0,0,0,0,0,34,6,28,18,1,17,66,2,64,0,0,0,118,9,109,34.155888,-87.364147
Alabama,WINSTON,Arley Police Department,AL0670400,11,4,7,13,4,9,0,0,0,0,0,0,0,0,0,0,0,0,41,9,32,6,1,5,35,7,28,2,0,2,82,17,65,34.155888,-87.364147
Alabama,WINSTON,Lynn Police Department,AL0670500,6,2,4,7,2,5,1,0,1,0,0,0,0,0,0,0,0,0,23,3,20,12,1,11,23,0,23,1,0,1,58,4,54,34.155888,-87.364147
Alabama,NOT SPECIFIED,Poarch Creek Tribal,ALDI00300,50,23,27,101,43,58,0,0,0,0,0,0,0,0,0,0,0,0,99,37,62,120,48,72,2859,964,1895,5,2,3,3078,1049,2029,31.121747,-87.168429
Alabama,NOT SPECIFIED,Alabama Law Enforcement Agency,ALLEA0000,12,3,9,32,9,23,0,0,0,0,0,0,2,1,1,12,4,8,10,1,9,15,0,15,34,4,30,4,1,3,59,5,54,,
