State,County,Agency,Ori,total aggravated-assault crimes (2015-2023),total aggravated-assault cleared crimes (2015-2023),total aggravated-assault actual crimes (2015-2023),total violent-crime crimes (2015-2023),total violent-crime cleared crimes (2015-2023),total violent-crime actual crimes (2015-2023),total arson crimes (2015-2023),total arson cleared crimes (2015-2023),total arson actual crimes (2015-2023),total human-trafficing crimes (2015-2023),total human-trafficing cleared crimes (2015-2023),total human-trafficing actual crimes (2015-2023),total rape-legacy crimes (2015-2023),total rape-legacy cleared crimes (2015-2023),total rape-legacy actual crimes (2015-2023),total homicide crimes (2015-2023),total homicide cleared crimes (2015-2023),total homicide actual crimes (2015-2023),total burglary crimes (2015-2023),total burglary cleared crimes (2015-2023),total burglary actual crimes (2015-2023),total motor-vehicle-theft crimes (2015-2023),total motor-vehicle-theft cleared crimes (2015-2023),total motor-vehicle-theft actual crimes (2015-2023),total larceny crimes (2015-2023),total larceny cleared crimes (2015-2023),total larceny actual crimes (2015-2023),total rape crimes (2015-2023),total rape cleared crimes (2015-2023),total rape actual crimes (2015-2023),total property-crime crimes (2015-2023),total property-crime cleared crimes (2015-2023),total property-crime actual crimes (2015-2023),Latitude,Longitude
Virginia,ACCOMACK,Accomack County Sheriff's Office,VA0010000,528,170,358,884,281,603,11,4,7,10,4,6,77,22,55,58,21,37,700,94,606,160,39,121,2082,344,1738,169,57,112,2942,477,2465,37.765944,-75.757807
Virginia,ACCOMACK,Chincoteague Police Department,VA0010100,49,23,26,83,36,47,3,1,2,0,0,0,16,6,10,2,1,1,62,12,50,36,12,24,408,89,319,26,10,16,506,113,393,37.765944,-75.757807
Virginia,ACCOMACK,Onancock Police Department,VA0010200,17,3,14,41,10,31,1,0,1,0,0,0,3,0,3,0,0,0,56,11,45,18,6,12,193,34,159,12,2,10,267,51,216,37.713074,-75.74851
Virginia,ACCOMACK,Parksley Police Department,VA0010300,11,4,7,12,4,8,0,0,0,0,0,0,0,0,0,0,0,0,6,1,5,7,1,6,41,9,32,0,0,0,54,11,43,37.765944,-75.757807
Virginia,ACCOMACK,Tangier Police Department,VA0010400,0,0,0,0,0,0,0,0,0,0,0,0,0,0,0,0,0,0,0,0,0,0,0,0,0,0,0,0,0,0,0,0,0,37.765944,-75.757807
Virginia,ACCOMACK,Onley Police Department,VA0010500,7,2,5,13,4,9,0,0,0,0,0,0,0,0,0,2,1,1,8,1,7,8,2,6,160,39,121,1,0,1,176,42,134,37.765944,-75.757807
Virginia,ACCOMACK,State Police: Accomack County,VA001SP00,129,53,76,147,60,87,29,5,24,3,0,3,9,3,6,8,3,5,14,2,12,21,6,15,84,10,74,10,4,6,119,18,101,37.765944,-75.757807
Virginia,ALBEMARLE,University of Virginia,VA0020100,79,20,59,187,35,152,2,0,2,0,0,0,60,7,53,3,0,3,99,6,93,128,3,125,1360,57,1303,88,12,76,1587,66,1521,38.04681,-78.52244
Virginia,ALBEMARLE,Albemarle County Police Department,VA0020300,810,322,488,1390,465,925,52,7,45,0,0,0,176,32,144,34,14,20,1235,195,1040,734,127,607,11873,2094,9779,383,82,301,13842,2416,11426,38.024184,-78.553506
Virginia,ALBEMARLE,State Police: Albemarle County,VA002SP00,31,12,19,42,17,25,0,0,0,1,0,1,0,0,0,11,5,6,1,0,1,12,4,8,20,2,18,0,0,0,33,6,27,38.024184,-78.553506
Virginia,ALLEGHANY,Alleghany County Sheriff's Office,VA0030000,167,65,102,233,89,144,11,3,8,1,0,1,30,9,21,3,1,2,398,39,359,56,14,42,479,72,407,60,22,38,933,125,808,37.792618,-79.99534
Virginia,ALLEGHANY,State Police: Alleghany County,VA003SP00,118,34,84,132,39,93,2,0,2,2,1,1,7,3,4,3,0,3,5,2,3,11,4,7,30,7,23,11,5,6,46,13,33,37.81733,-79.80464
Virginia,AMELIA,Amelia County Sheriff's Office,VA0040000,185,82,103,297,131,166,5,1,4,0,0,0,27,13,14,13,5,8,261,42,219,157,50,107,948,133,815,77,36,41,1366,225,1141,37.331927,-77.977462
Virginia,AMELIA,State Police: Amelia County,VA004SP00,23,10,13,31,14,17,1,0,1,0,0,0,0,0,0,6,3,3,3,1,2,4,1,3,18,4,14,0,0,0,25,6,19,37.331927,-77.977462
Virginia,AMHERST,Amherst County Sheriff's Office,VA0050000,486,188,298,689,251,438,16,2,14,5,2,3,82,29,53,13,5,8,294,41,253,312,68,244,2667,480,2187,147,48,99,3273,589,2684,37.630362,-79.147848
Virginia,AMHERST,Amherst Police Department,VA0050100,20,8,12,24,9,15,0,0,0,3,1,2,2,1,1,0,0,0,17,4,13,4,2,2,85,18,67,2,1,1,106,24,82,37.630362,-79.147848
Virginia,AMHERST,State Police: Amherst County,VA005SP00,35,10,25,38,11,27,2,0,2,0,0,0,0,0,0,1,0,1,2,1,1,3,0,3,25,2,23,2,1,1,30,3,27,37.630362,-79.147848
Virginia,APPOMATTOX,Appomattox County Sheriff's Office,VA0060000,121,33,88,176,47,129,4,1,3,0,0,0,10,1,9,10,4,6,103,10,93,37,7,30,758,100,658,33,7,26,898,117,781,37.370725,-78.81094
Virginia,APPOMATTOX,State Police: Appomattox County,VA006SP00,13,5,8,19,8,11,4,1,3,2,1,1,2,1,1,0,0,0,2,1,1,5,2,3,19,3,16,4,2,2,26,6,20,37.370725,-78.81094
Virginia,ARLINGTON,Arlington County Police Department,VA0070100,2766,1022,1744,4681,1538,3143,69,16,53,8,3,5,355,84,271,31,15,16,1705,355,1350,2123,246,1877,26277,3617,22660,660,173,487,30105,4218,25887,38.889954,-77.08372
Virginia,ARLINGTON,State Police: Arlington County,VA007SP00,32,11,21,34,12,22,0,0,0,0,0,0,0,0,0,0,0,0,0,0,0,11,3,8,15,7,8,0,0,0,26,10,16,38.86854,-77.065315
Virginia,AUGUSTA,Augusta County Sheriff's Office,VA0080000,824,356,468,1217,494,723,33,10,23,0,0,0,168,54,114,27,14,13,1703,277,1426,741,204,537,4888,708,4180,305,100,205,7332,1189,6143,38.167807,-79.146682
Virginia,AUGUSTA,State Police: Augusta County,VA008SP00,111,49,62,117,51,66,20,4,16,0,0,0,3,1,2,0,0,0,7,2,5,29,8,21,84,14,70,4,1,3,120,24,96,38.167807,-79.146682
Virginia,BATH,Bath County Sheriff's Office,VA0090000,30,11,19,33,12,21,1,0,1,0,0,0,0,0,0,2,1,1,21,7,14,9,3,6,125,24,101,1,0,1,155,34,121,38.068988,-79.732898
Virginia,BATH,State Police: Bath County,VA009SP00,15,5,10,21,8,13,0,0,0,0,0,0,2,1,1,0,0,0,0,0,0,0,0,0,17,6,11,6,3,3,17,6,11,37.81733,-79.80464
Virginia,BEDFORD,Bedford County Sheriff's Office,VA0100000,726,336,390,998,442,556,34,12,22,0,0,0,115,44,71,27,13,14,1122,205,917,411,115,296,3448,610,2838,197,76,121,4981,930,4051,37.311317,-79.50447
Virginia,BEDFORD,Bedford Police Department,VA0100100,109,50,59,190,82,108,19,7,12,0,0,0,28,10,18,6,3,3,111,35,76,63,20,43,2071,666,1405,57,21,36,2245,721,1524,37.33405,-79.522026
Virginia,BEDFORD,State Police: Bedford County,VA010SP00,71,34,37,78,37,41,1,0,1,0,0,0,3,1,2,2,1,1,1,0,1,5,0,5,36,6,30,5,2,3,42,6,36,37.312408,-79.527947
Virginia,BLAND,Bland County Sheriff's Office,VA0110000,19,8,11,34,12,22,5,2,3,0,0,0,12,4,8,1,0,1,110,14,96,25,6,19,239,30,209,13,4,9,374,50,324,37.130612,-81.125853
Virginia,BLAND,State Police: Bland County,VA011SP00,25,12,13,42,17,25,0,0,0,0,0,0,8,2,6,4,1,3,20,4,16,11,3,8,22,7,15,11,3,8,53,14,39,37.130612,-81.125853
Virginia,BOTETOURT,Botetourt County Sheriff's Office,VA0120000,314,155,159,464,218,246,17,6,11,0,0,0,38,15,23,7,4,3,401,139,262,223,89,134,1973,506,1467,111,45,66,2597,734,1863,37.553005,-79.804564
Virginia,BOTETOURT,State Police: Botetourt County,VA012SP00,71,26,45,77,29,48,0,0,0,0,0,0,2,1,1,0,0,0,1,0,1,18,6,12,32,8,24,2,1,1,51,14,37,37.686653,-79.49071
Virginia,BRUNSWICK,Brunswick County Sheriff's Office,VA0130000,100,39,61,169,54,115,23,7,16,0,0,0,12,3,9,6,1,5,210,27,183,79,16,63,564,48,516,45,11,34,853,91,762,36.764531,-77.860916
Virginia,BRUNSWICK,Lawrenceville Police Department,VA0130100,9,2,7,12,3,9,0,0,0,0,0,0,0,0,0,0,0,0,29,2,27,6,1,5,59,13,46,2,1,1,94,16,78,36.75952,-77.847145
Virginia,BRUNSWICK,State Police: Brunswick County,VA013SP00,24,10,14,24,10,14,0,0,0,0,0,0,0,0,0,0,0,0,4,1,3,7,2,5,3,1,2,0,0,0,14,4,10,36.741623,-77.507034
Virginia,BUCHANAN,Buchanan County Sheriff's Office,VA0140000,373,167,206,620,241,379,32,7,25,0,0,0,64,16,48,16,6,10,570,101,469,271,49,222,1890,378,1512,214,61,153,2731,528,2203,37.26812,-82.038151
Virginia,BUCHANAN,Grundy Police Department,VA0140100,7,1,6,8,1,7,0,0,0,0,0,0,0,0,0,0,0,0,8,1,7,7,0,7,400,138,262,1,0,1,415,139,276,37.26812,-82.038151
Virginia,BUCHANAN,State Police: Buchanan County,VA014SP00,28,12,16,40,17,23,47,7,40,8,4,4,2,1,1,5,2,3,9,1,8,14,4,10,73,14,59,7,3,4,96,19,77,37.26812,-82.038151
Virginia,BUCKINGHAM,Buckingham County Sheriff's Office,VA0150000,142,56,86,230,87,143,19,5,14,0,0,0,27,8,19,8,3,5,261,40,221,206,56,150,967,152,815,57,20,37,1434,248,1186,37.573928,-78.529169
Virginia,BUCKINGHAM,State Police: Buckingham County,VA015SP00,34,13,21,43,17,26,4,1,3,0,0,0,6,3,3,2,1,1,3,1,2,7,1,6,16,5,11,6,3,3,26,7,19,37.573928,-78.529169
Virginia,CAMPBELL,Campbell County Sheriff's Office,VA0160000,832,335,497,1122,407,715,45,15,30,0,0,0,105,19,86,40,17,23,905,134,771,536,106,430,4509,554,3955,183,36,147,5950,794,5156,37.210151,-79.095428
Virginia,CAMPBELL,Altavista Police Department,VA0160100,44,9,35,61,13,48,2,1,1,0,0,0,5,2,3,1,0,1,59,5,54,28,3,25,935,158,777,9,3,6,1022,166,856,37.210151,-79.095428
Virginia,CAMPBELL,Brookneal Police Department,VA0160200,10,1,9,14,2,12,1,0,1,0,0,0,2,1,1,0,0,0,23,0,23,3,0,3,110,0,110,2,1,1,136,0,136,37.210151,-79.095428
Virginia,CAMPBELL,State Police: Campbell County,VA016SP00,67,29,38,68,29,39,5,0,5,0,0,0,0,0,0,1,0,1,3,0,3,0,0,0,17,4,13,0,0,0,20,4,16,37.210151,-79.095428
Virginia,CAROLINE,Caroline County Sheriff's Office,VA0170000,385,154,231,570,199,371,19,5,14,0,0,0,72,20,52,8,3,5,409,82,327,13,3,10,1917,339,1578,149,37,112,2339,424,1915,38.030319,-77.352348
Virginia,CAROLINE,Bowling Green Police Department,VA0170100,0,0,0,0,0,0,0,0,0,0,0,0,0,0,0,0,0,0,2,1,1,0,0,0,19,3,16,0,0,0,21,4,17,38.030319,-77.352348
Virginia,CAROLINE,State Police: Caroline County,VA017SP00,99,41,58,108,44,64,9,1,8,1,0,1,3,1,2,1,0,1,16,4,12,99,15,84,99,17,82,4,1,3,214,36,178,38.030319,-77.352348
Virginia,CARROLL,Carroll County Sheriff's Office,VA0180000,198,71,127,303,95,208,13,2,11,0,0,0,45,11,34,7,2,5,515,54,461,306,43,263,1386,117,1269,87,21,66,2207,214,1993,36.731951,-80.727838
Virginia,CARROLL,Hillsville Police Department,VA0180100,22,9,13,44,19,25,2,1,1,0,0,0,6,3,3,2,0,2,78,9,69,42,11,31,432,63,369,20,10,10,552,83,469,36.731951,-80.727838
Virginia,CARROLL,State Police: Carroll County,VA018SP00,41,18,23,46,20,26,9,2,7,3,1,2,1,0,1,0,0,0,9,1,8,36,11,25,62,13,49,5,2,3,107,25,82,36.731951,-80.727838
Virginia,CHARLES CITY,Charles City County Sheriff's Office,VA0190000,89,36,53,117,42,75,6,2,4,0,0,0,12,1,11,4,2,2,98,18,80,45,6,39,218,14,204,21,4,17,361,38,323,37.361054,-77.05417
Virginia,CHARLES CITY,State Police: Charles City County,VA019SP00,4,2,2,5,2,3,1,0,1,0,0,0,0,0,0,0,0,0,1,0,1,3,0,3,2,0,2,0,0,0,6,0,6,37.361054,-77.05417
Virginia,CHARLOTTE,Charlotte County Sheriff's Office,VA0200000,149,66,83,233,98,135,1,0,1,0,0,0,36,15,21,10,5,5,263,54,209,119,32,87,737,138,599,57,22,35,1119,224,895,37.052235,-78.63804
Virginia,CHARLOTTE,State Police: Charlotte County,VA020SP00,12,5,7,19,8,11,4,1,3,2,1,1,3,1,2,0,0,0,0,0,0,2,1,1,6,1,5,7,3,4,8,2,6,37.014091,-78.661424
Virginia,CHESTERFIELD,Chesterfield County Police Department,VA0210100,3463,1418,2045,6605,2402,4203,404,119,285,13,2,11,677,190,487,155,65,90,7192,1164,6028,3535,720,2815,47096,9897,37199,1284,400,884,57823,11781,46042,37.378434,-77.585847
Virginia,CHESTERFIELD,State Police: Chesterfield County,VA021SP00,120,40,80,126,41,85,1,0,1,0,0,0,1,0,1,1,0,1,2,1,1,39,12,27,57,9,48,1,0,1,98,22,76,37.510227,-77.7662
Virginia,CLARKE,Clarke County Sheriff's Office,VA0220000,36,16,20,76,29,47,5,1,4,0,0,0,9,2,7,4,2,2,123,17,106,46,15,31,500,103,397,22,7,15,669,135,534,39.115864,-77.991226
Virginia,CLARKE,Berryville Police Department,VA0220100,12,5,7,22,8,14,1,0,1,1,0,1,6,2,4,0,0,0,84,35,49,9,2,7,284,37,247,8,2,6,377,74,303,39.150543,-77.98041
Virginia,CLARKE,State Police: Clarke County,VA022SP00,6,1,5,10,3,7,0,0,0,0,0,0,0,0,0,4,2,2,0,0,0,0,0,0,8,2,6,0,0,0,8,2,6,39.124973,-78.19413
Virginia,CRAIG,Craig County Sheriff's Office,VA0230000,35,16,19,46,19,27,0,0,0,0,0,0,5,1,4,0,0,0,38,10,28,23,8,15,143,29,114,10,3,7,204,47,157,37.473129,-80.231734
Virginia,CRAIG,State Police: Craig County,VA023SP00,11,5,6,24,10,14,1,0,1,0,0,0,3,2,1,4,1,3,2,0,2,3,1,2,6,2,4,9,4,5,11,3,8,37.473129,-80.231734
Virginia,CULPEPER,Culpeper County Sheriff's Office,VA0240000,275,129,146,367,169,198,18,8,10,0,0,0,18,5,13,8,6,2,212,50,162,197,72,125,1076,205,871,54,21,33,1485,327,1158,38.48593,-77.956476
Virginia,CULPEPER,Culpeper Police Department,VA0240100,309,137,172,474,184,290,19,6,13,0,0,0,35,11,24,6,2,4,165,47,118,184,65,119,3326,963,2363,56,15,41,3675,1075,2600,38.4783,-77.98682
Virginia,CULPEPER,State Police: Culpeper County,VA024SP00,40,17,23,58,23,35,5,1,4,3,1,2,4,2,2,6,2,4,0,0,0,3,0,3,12,1,11,11,4,7,15,1,14,38.494274,-77.926315
Virginia,CUMBERLAND,Cumberland County Sheriff's Office,VA0250000,147,65,82,188,77,111,8,4,4,1,0,1,9,1,8,1,0,1,108,28,80,57,19,38,275,61,214,30,7,23,440,108,332,37.520189,-78.252836
Virginia,CUMBERLAND,State Police: Cumberland County,VA025SP00,3,0,3,8,2,6,1,0,1,0,0,0,1,1,0,3,1,2,1,0,1,6,1,5,8,1,7,2,1,1,15,2,13,37.520189,-78.252836
Virginia,DICKENSON,Dickenson County Sheriff's Office,VA0260000,144,57,87,229,77,152,16,1,15,0,0,0,16,4,12,12,5,7,181,28,153,86,15,71,464,68,396,71,14,57,731,111,620,37.137081,-82.349208
Virginia,DICKENSON,Clintwood Police Department,VA0260100,20,10,10,20,10,10,0,0,0,0,0,0,0,0,0,0,0,0,28,7,21,5,2,3,251,87,164,0,0,0,284,96,188,37.137081,-82.349208
Virginia,DICKENSON,Haysi Police Department,VA0260200,0,0,0,1,0,1,0,0,0,0,0,0,0,0,0,0,0,0,13,0,13,2,1,1,41,6,35,0,0,0,56,7,49,37.137081,-82.349208
Virginia,DICKENSON,Clinchco Police Department,VA0260300,0,0,0,0,0,0,0,0,0,0,0,0,0,0,0,0,0,0,0,0,0,0,0,0,0,0,0,0,0,0,0,0,0,37.137081,-82.349208
Virginia,DICKENSON,State Police: Dickenson County,VA026SP00,41,17,24,47,20,27,19,0,19,0,0,0,0,0,0,1,0,1,0,0,0,4,1,3,27,7,20,5,3,2,31,8,23,37.137081,-82.349208
Virginia,DINWIDDIE,Dinwiddie County Sheriff's Office,VA0270000,687,157,530,842,185,657,27,6,21,0,0,0,40,5,35,18,8,10,493,68,425,174,19,155,2026,166,1860,89,14,75,2693,253,2440,37.073498,-77.635492
Virginia,DINWIDDIE,State Police: Dinwiddie County,VA027SP00,55,12,43,68,16,52,1,1,0,0,0,0,9,3,6,0,0,0,0,0,0,11,4,7,17,2,15,12,4,8,28,6,22,37.073498,-77.635492
Virginia,ESSEX,Essex County Sheriff's Office,VA0280000,146,64,82,174,73,101,5,2,3,0,0,0,18,6,12,2,0,2,188,21,167,47,5,42,214,22,192,21,7,14,449,48,401,37.93948,-76.941871
Virginia,ESSEX,Tappahannock Police Department,VA0280200,153,71,82,173,78,95,1,0,1,0,0,0,5,1,4,2,1,1,50,10,40,24,5,19,716,236,480,12,4,8,790,251,539,37.93948,-76.941871
Virginia,ESSEX,State Police: Essex County,VA028SP00,14,6,8,15,6,9,2,0,2,0,0,0,0,0,0,1,0,1,0,0,0,4,1,3,5,1,4,0,0,0,9,2,7,37.93948,-76.941871
Virginia,FAIRFAX,Fairfax County Police Department,VA0290100,5681,2213,3468,12597,4360,8237,249,55,194,11,3,8,1149,349,800,263,117,146,7757,2123,5634,9708,1899,7809,127990,28051,99939,2235,716,1519,145455,32073,113382,38.84565,-77.311455
Virginia,FAIRFAX,Herndon Police Department,VA0290200,281,112,169,598,204,394,5,1,4,0,0,0,61,21,40,16,7,9,179,26,153,141,13,128,2497,355,2142,95,29,66,2817,394,2423,38.960934,-77.372475
Virginia,FAIRFAX,Vienna Police Department,VA0290300,62,22,40,124,44,80,5,2,3,0,0,0,16,7,9,2,1,1,93,17,76,86,9,77,1251,128,1123,33,12,21,1430,154,1276,38.89998,-77.26316
Virginia,FAIRFAX,George Mason University,VA0290400,10,4,6,64,18,46,4,0,4,0,0,0,20,5,15,0,0,0,27,2,25,9,2,7,746,38,708,46,12,34,782,42,740,38.835526,-77.30668
Virginia,FAIRFAX,Northern Virginia Community College,VA0290500,2,1,1,11,4,7,1,0,1,0,0,0,0,0,0,0,0,0,2,0,2,2,1,1,316,45,271,4,1,3,320,46,274,38.836197,-77.23432
Virginia,FAIRFAX,State Police: Fairfax County,VA029SP00,270,93,177,292,102,190,3,0,3,1,0,1,8,3,5,2,1,1,5,1,4,151,60,91,133,29,104,11,4,7,289,90,199,38.833742,-77.276117
Virginia,FAUQUIER,Fauquier County Sheriff's Office,VA0300000,370,163,207,619,237,382,41,12,29,0,0,0,100,22,78,28,13,15,395,97,298,159,27,132,2425,330,2095,172,43,129,2979,454,2525,38.744103,-77.821585
Virginia,FAUQUIER,Remington Police Department,VA0300100,2,1,1,2,1,1,0,0,0,0,0,0,0,0,0,0,0,0,0,0,0,0,0,0,2,1,1,0,0,0,2,1,1,38.744103,-77.821585
Virginia,FAUQUIER,Warrenton Police Department,VA0300200,72,27,45,150,46,104,2,0,2,0,0,0,36,11,25,7,3,4,79,17,62,51,9,42,1539,278,1261,58,15,43,1669,304,1365,38.744103,-77.821585
Virginia,FAUQUIER,State Police: Fauquier County,VA030SP00,27,10,17,29,10,19,1,0,1,0,0,0,0,0,0,1,0,1,2,0,2,11,1,10,20,3,17,0,0,0,33,4,29,38.699593,-77.788734
Virginia,FLOYD,Floyd County Sheriff's Office,VA0310000,122,50,72,214,76,138,9,2,7,0,0,0,25,6,19,9,3,6,215,38,177,79,18,61,543,74,469,79,21,58,837,130,707,36.91122,-80.3202
Virginia,FLOYD,State Police: Floyd County,VA031SP00,20,8,12,28,11,17,1,0,1,0,0,0,2,2,0,3,0,3,2,1,1,4,2,2,8,3,5,5,3,2,14,6,8,36.931438,-80.350309
Virginia,FLUVANNA,Fluvanna County Sheriff's Office,VA0320000,272,110,162,397,147,250,18,4,14,0,0,0,30,6,24,4,2,2,216,30,186,115,22,93,1038,103,935,98,28,70,1369,155,1214,37.830576,-78.284435
Virginia,FLUVANNA,State Police: Fluvanna County,VA032SP00,15,5,10,18,7,11,1,0,1,0,0,0,2,1,1,0,0,0,0,0,0,2,1,1,9,3,6,3,2,1,11,4,7,37.830576,-78.284435
Virginia,FRANKLIN,Franklin County Sheriff's Office,VA0330000,599,282,317,961,435,526,43,13,30,0,0,0,127,53,74,59,28,31,892,222,670,747,241,506,3579,739,2840,271,114,157,5218,1202,4016,36.99557,-79.88817
Virginia,FRANKLIN,Rocky Mount Police Department,VA0330100,84,36,48,160,63,97,14,3,11,0,0,0,28,11,17,4,1,3,76,16,60,64,21,43,2177,784,1393,44,16,28,2317,821,1496,37.01448,-79.89247
Virginia,FRANKLIN,Ferrum College,VA0330300,4,2,2,9,3,6,0,0,0,0,0,0,3,1,2,0,0,0,5,1,4,0,0,0,78,7,71,4,1,3,83,8,75,36.99235,-79.883959
Virginia,FRANKLIN,State Police: Franklin County,VA033SP00,28,8,20,33,8,25,3,0,3,0,0,0,0,0,0,3,0,3,2,0,2,8,2,6,29,8,21,0,0,0,39,10,29,36.99235,-79.883959
Virginia,FREDERICK,Frederick County Sheriff's Office,VA0340000,512,212,300,937,348,589,15,3,12,0,0,0,123,35,88,17,7,10,1128,223,905,779,225,554,8403,1862,6541,294,90,204,10310,2310,8000,39.184128,-78.16244
Virginia,FREDERICK,Middletown Police Department,VA0340100,2,1,1,7,2,5,0,0,0,0,0,0,5,1,4,0,0,0,10,0,10,5,1,4,67,5,62,5,1,4,82,6,76,39.02735,-78.27833
Virginia,FREDERICK,Stephens City Police Department,VA0340200,6,2,4,13,4,9,0,0,0,0,0,0,0,0,0,0,0,0,30,3,27,6,1,5,227,54,173,3,1,2,263,58,205,39.203637,-78.263916
Virginia,FREDERICK,Lord Fairfax Community College,VA0340400,0,0,0,0,0,0,0,0,0,0,0,0,0,0,0,0,0,0,0,0,0,0,0,0,21,6,15,0,0,0,21,6,15,39.03539,-78.26972
Virginia,FREDERICK,State Police: Frederick County,VA034SP00,69,27,42,77,30,47,3,0,3,0,0,0,1,0,1,3,0,3,2,0,2,35,14,21,59,14,45,5,3,2,96,28,68,39.124973,-78.19413
Virginia,GILES,Giles County Sheriff's Office,VA0350000,181,83,98,236,100,136,3,1,2,0,0,0,26,7,19,4,2,2,214,53,161,91,35,56,577,110,467,48,14,34,882,198,684,37.326427,-80.735085
Virginia,GILES,Glen Lyn Police Department,VA0350100,2,1,1,2,1,1,0,0,0,0,0,0,0,0,0,0,0,0,5,0,5,1,0,1,17,3,14,0,0,0,23,3,20,37.31193,-80.717178
Virginia,GILES,Pearisburg Police Department,VA0350200,24,10,14,47,15,32,4,1,3,0,0,0,4,0,4,1,0,1,100,24,76,31,9,22,632,188,444,18,4,14,763,221,542,37.326736,-80.7335
Virginia,GILES,Pembroke Police Department,VA0350300,11,3,8,12,3,9,1,0,1,0,0,0,1,0,1,0,0,0,14,3,11,13,4,9,126,24,102,1,0,1,153,31,122,37.31193,-80.717178
Virginia,GILES,Rich Creek Police Department,VA0350400,9,4,5,26,9,17,0,0,0,0,0,0,8,2,6,0,0,0,16,2,14,6,0,6,135,38,97,14,4,10,157,40,117,37.31193,-80.717178
Virginia,GILES,Narrows Police Department,VA0350500,14,4,10,15,4,11,1,0,1,0,0,0,0,0,0,1,0,1,13,1,12,9,1,8,52,7,45,0,0,0,74,9,65,37.3286,-80.8134
Virginia,GILES,State Police: Giles County,VA035SP00,20,10,10,28,13,15,2,1,1,0,0,0,7,3,4,0,0,0,4,0,4,2,1,1,27,5,22,8,3,5,33,6,27,37.31193,-80.717178
Virginia,GLOUCESTER,Gloucester County Sheriff's Office,VA0360000,234,102,132,460,165,295,31,5,26,0,0,0,69,16,53,18,8,10,352,84,268,344,112,232,4098,1085,3013,146,37,109,4794,1281,3513,37.416084,-76.52996
Virginia,GLOUCESTER,State Police: Gloucester County,VA036SP00,24,10,14,28,11,17,2,0,2,0,0,0,4,1,3,0,0,0,3,1,2,3,1,2,21,6,15,4,1,3,27,8,19,37.403541,-76.523505
Virginia,GOOCHLAND,Goochland County Sheriff's Office,VA0370000,159,59,100,227,80,147,13,5,8,0,0,0,28,10,18,8,3,5,153,15,138,138,25,113,1314,110,1204,49,16,33,1605,150,1455,37.724166,-77.914273
Virginia,GOOCHLAND,State Police: Goochland County,VA037SP00,25,10,15,49,21,28,0,0,0,0,0,0,0,0,0,2,0,2,0,0,0,6,1,5,5,2,3,4,2,2,11,3,8,37.808872,-77.86498
Virginia,GRAYSON,Grayson County Sheriff's Office,VA0380000,134,61,73,219,89,130,26,4,22,0,0,0,40,14,26,7,2,5,233,42,191,238,62,176,894,102,792,68,22,46,1365,206,1159,36.656303,-81.225337
Virginia,GRAYSON,Independence Police Department,VA0380200,4,2,2,12,5,7,5,2,3,0,0,0,6,3,3,0,0,0,15,3,12,17,7,10,60,10,50,8,3,5,92,20,72,36.656303,-81.225337
Virginia,GRAYSON,State Police: Grayson County,VA038SP00,22,10,12,26,11,15,5,2,3,0,0,0,2,1,1,1,0,1,3,1,2,5,1,4,15,5,10,3,1,2,23,7,16,36.656303,-81.225337
Virginia,GREENE,Greene County Sheriff's Office,VA0390000,191,88,103,285,126,159,15,6,9,0,0,0,16,7,9,6,3,3,194,42,152,120,28,92,1903,485,1418,49,19,30,2217,555,1662,38.285507,-78.4199
Virginia,GREENE,State Police: Greene County,VA039SP00,5,1,4,6,1,5,2,0,2,0,0,0,0,0,0,0,0,0,0,0,0,4,1,3,4,1,3,0,0,0,8,2,6,38.297981,-78.470163
Virginia,GREENSVILLE,Greensville County Sheriff's Office,VA0400000,94,35,59,156,47,109,6,2,4,0,0,0,16,1,15,13,3,10,166,25,141,74,13,61,499,50,449,23,1,22,739,88,651,36.680225,-77.560261
Virginia,EMPORIA CITY,Emporia Police Department,VA0400100,170,62,108,291,99,192,12,2,10,0,0,0,19,8,11,14,4,10,233,41,192,74,16,58,1811,400,1411,37,14,23,2118,457,1661,36.69264,-77.538704
Virginia,NOT SPECIFIED,State Police: Emporia,VA040S100,11,5,6,11,5,6,1,0,1,0,0,0,0,0,0,0,0,0,0,0,0,3,1,2,2,0,2,0,0,0,5,1,4,36.741623,-77.507034
Virginia,GREENSVILLE,State Police: Greensville County,VA040SP00,53,16,37,55,17,38,1,0,1,0,0,0,0,0,0,2,1,1,0,0,0,3,1,2,13,4,9,0,0,0,16,5,11,36.741623,-77.507034
Virginia,HALIFAX,Halifax County Sheriff's Office,VA0410000,299,131,168,462,178,284,23,3,20,0,0,0,31,6,25,30,13,17,565,69,496,243,58,185,1298,161,1137,90,22,68,2106,288,1818,36.766461,-78.939614
Virginia,HALIFAX,Halifax Police Department,VA0410100,18,8,10,21,8,13,0,0,0,0,0,0,1,0,1,0,0,0,28,6,22,10,2,8,77,7,70,2,0,2,115,15,100,36.766461,-78.939614
Virginia,HALIFAX,State Police: Halifax County,VA041SP00,31,13,18,38,15,23,1,0,1,0,0,0,5,1,4,0,0,0,5,2,3,6,0,6,27,3,24,7,2,5,38,5,33,36.766461,-78.939614
Virginia,HANOVER,Hanover County Sheriff's Office,VA0420000,1506,627,879,2002,828,1174,68,24,44,0,0,0,158,62,96,29,15,14,596,202,394,485,132,353,9401,2658,6743,358,141,217,10482,2992,7490,37.760165,-77.490992
Virginia,HANOVER,Ashland Police Department,VA0420100,307,131,176,394,159,235,2,0,2,0,0,0,14,4,10,3,1,2,116,28,88,92,25,67,1788,473,1315,37,12,25,1996,526,1470,37.760165,-77.490992
Virginia,HANOVER,State Police: Hanover County,VA042SP00,77,32,45,77,32,45,2,0,2,0,0,0,0,0,0,0,0,0,0,0,0,22,8,14,24,3,21,0,0,0,46,11,35,37.760165,-77.490992
Virginia,HENRICO,Henrico County Police Department,VA0430100,4632,1803,2829,7299,2826,4473,304,77,227,208,95,113,335,135,200,259,116,143,7307,1564,5743,4476,523,3953,64048,12282,51766,604,246,358,75831,14369,61462,37.43752,-77.300333
Virginia,HENRICO,Alcoholic Beverage Control Commission,VA0430300,1,0,1,1,0,1,0,0,0,0,0,0,0,0,0,0,0,0,11,0,11,0,0,0,642,208,434,0,0,0,653,208,445,37.531399,-77.476009
Virginia,HENRICO,J. Sargeant Reynolds Community College,VA0430700,4,2,2,4,2,2,0,0,0,0,0,0,0,0,0,0,0,0,0,0,0,1,0,1,85,4,81,0,0,0,86,4,82,37.942894,-76.730561
Virginia,HENRICO,State Police: Henrico County,VA043SP00,80,22,58,85,24,61,0,0,0,0,0,0,2,1,1,0,0,0,0,0,0,22,4,18,63,16,47,5,2,3,85,20,65,37.542297,-77.38501
Virginia,HENRY,Henry County Sheriff's Office,VA0440000,1175,517,658,1810,795,1015,83,21,62,0,0,0,134,59,75,58,26,32,2324,426,1898,982,283,699,7632,1703,5929,349,165,184,10938,2412,8526,36.741,-79.89156
Virginia,HENRY,State Police: Henry County,VA044SP00,48,21,27,63,26,37,3,1,2,0,0,0,1,0,1,5,1,4,2,1,1,43,13,30,36,5,31,5,2,3,81,19,62,36.620607,-79.980673
Virginia,HIGHLAND,Highland County Sheriff's Office,VA0450000,12,3,9,13,3,10,3,0,3,0,0,0,0,0,0,0,0,0,34,4,30,5,1,4,129,13,116,1,0,1,168,18,150,38.356672,-79.567958
Virginia,HIGHLAND,State Police: Highland County,VA045SP00,8,3,5,10,4,6,1,0,1,0,0,0,0,0,0,2,1,1,0,0,0,0,0,0,1,0,1,0,0,0,1,0,1,37.81733,-79.80464
Virginia,ISLE OF WIGHT,Isle of Wight County Sheriff's Office,VA0460000,343,132,211,450,175,275,23,8,15,0,0,0,24,11,13,13,6,7,371,72,299,142,21,121,1705,201,1504,56,27,29,2218,294,1924,36.901418,-76.707569
Virginia,ISLE OF WIGHT,Smithfield Police Department,VA0460100,135,47,88,173,56,117,4,1,3,0,0,0,0,0,0,4,2,2,91,12,79,98,25,73,892,96,796,4,1,3,1081,133,948,36.901418,-76.707569
Virginia,ISLE OF WIGHT,Windsor Police Department,VA0460200,73,29,44,84,33,51,4,1,3,0,0,0,4,1,3,0,0,0,27,7,20,13,1,12,227,53,174,7,2,5,267,61,206,36.901418,-76.707569
Virginia,ISLE OF WIGHT,State Police: Isle of Wight County,VA046SP00,13,6,7,16,7,9,6,0,6,0,0,0,2,1,1,0,0,0,0,0,0,6,0,6,6,0,6,3,1,2,12,0,12,36.685932,-76.99701
Virginia,JAMES CITY,James City County Police Department,VA0470100,883,408,475,1274,549,725,35,9,26,0,0,0,98,32,66,29,15,14,751,161,590,287,77,210,7887,1665,6222,206,77,129,8925,1903,7022,37.324427,-76.778319
Virginia,JAMES CITY,State Police: James City County,VA047SP00,16,6,10,27,8,19,1,0,1,0,0,0,4,0,4,0,0,0,0,0,0,3,1,2,8,1,7,10,2,8,11,2,9,37.324427,-76.778319
Virginia,KING AND QUEEN,King and Queen County Sheriff's Office,VA0480000,95,38,57,129,47,82,7,2,5,1,0,1,11,3,8,5,2,3,88,11,77,37,11,26,255,26,229,22,6,16,380,48,332,37.71437,-76.901863
Virginia,KING AND QUEEN,State Police: King and Queen County,VA048SP00,6,3,3,7,3,4,3,1,2,0,0,0,0,0,0,0,0,0,5,1,4,2,1,1,7,1,6,0,0,0,14,3,11,37.71437,-76.901863
Virginia,KING GEORGE,King George County Sheriff's Office,VA0490000,337,137,200,461,172,289,19,4,15,5,2,3,36,10,26,7,2,5,329,53,276,206,40,166,1981,360,1621,81,23,58,2516,453,2063,38.266056,-77.179695
Virginia,KING GEORGE,State Police: King George County,VA049SP00,6,3,3,6,3,3,0,0,0,0,0,0,0,0,0,0,0,0,0,0,0,0,0,0,18,7,11,0,0,0,18,7,11,38.277179,-77.162702
Virginia,KING WILLIAM,King William County Sheriff's Office,VA0500000,159,77,82,197,92,105,3,1,2,2,1,1,12,3,9,2,1,1,122,39,83,40,14,26,660,123,537,24,8,16,822,176,646,37.70826,-77.091054
Virginia,KING WILLIAM,West Point Police Department,VA0500200,43,16,27,57,22,35,0,0,0,0,0,0,4,2,2,0,0,0,47,10,37,18,4,14,181,19,162,6,3,3,246,33,213,37.70826,-77.091054
Virginia,KING WILLIAM,State Police: King William County,VA050SP00,7,3,4,12,5,7,0,0,0,0,0,0,2,1,1,2,1,1,0,0,0,0,0,0,1,0,1,3,1,2,1,0,1,37.70826,-77.091054
Virginia,LANCASTER,Lancaster County Sheriff's Office,VA0510000,252,108,144,335,134,201,8,3,5,0,0,0,29,10,19,9,4,5,161,17,144,39,3,36,493,62,431,62,18,44,693,82,611,37.769844,-76.46544
Virginia,"LANCASTER, NORTHUMBERLAND",Kilmarnock Police Department,VA0510100,8,2,6,8,2,6,1,0,1,0,0,0,0,0,0,0,0,0,34,2,32,9,0,9,251,30,221,0,0,0,294,32,262,37.703831,-76.413199
Virginia,LANCASTER,White Stone Police Department,VA0510300,0,0,0,0,0,0,0,0,0,0,0,0,0,0,0,0,0,0,0,0,0,0,0,0,15,2,13,0,0,0,15,2,13,37.703831,-76.413199
Virginia,LANCASTER,State Police: Lancaster County,VA051SP00,26,11,15,26,11,15,2,0,2,0,0,0,0,0,0,0,0,0,2,0,2,1,0,1,1,0,1,0,0,0,4,0,4,37.703831,-76.413199
Virginia,LEE,Lee County Sheriff's Office,VA0520000,244,104,140,335,124,211,23,8,15,0,0,0,18,1,17,6,2,4,267,44,223,45,6,39,1868,221,1647,70,13,57,2180,271,1909,36.701721,-83.130112
Virginia,LEE,Jonesville Police Department,VA0520100,4,2,2,9,4,5,0,0,0,0,0,0,4,2,2,0,0,0,2,1,1,0,0,0,66,11,55,5,2,3,68,12,56,36.701721,-83.130112
Virginia,LEE,Pennington Gap Police Department,VA0520200,30,12,18,33,12,21,5,0,5,0,0,0,2,0,2,1,0,1,51,6,45,11,2,9,295,21,274,2,0,2,357,29,328,36.701721,-83.130112
Virginia,LEE,State Police: Lee County,VA052SP00,21,10,11,30,12,18,28,1,27,2,1,1,3,1,2,3,0,3,1,0,1,56,11,45,48,6,42,5,2,3,105,17,88,36.701721,-83.130112
Virginia,LOUDOUN,Loudoun County Sheriff's Office,VA0530000,1906,730,1176,4048,1500,2548,309,77,232,1,0,1,509,189,320,44,22,22,1592,406,1186,1548,378,1170,20124,3480,16644,1633,588,1045,23264,4264,19000,39.10288,-77.55814
Virginia,LOUDOUN,Leesburg Police Department,VA0530100,887,320,567,1379,492,887,17,4,13,5,1,4,121,46,75,18,9,9,289,66,223,270,48,222,6065,1111,4954,266,92,174,6624,1225,5399,39.08113,-77.638857
Virginia,LOUDOUN,Middleburg Police Department,VA0530200,0,0,0,0,0,0,0,0,0,0,0,0,0,0,0,0,0,0,2,0,2,7,3,4,72,5,67,0,0,0,81,8,73,39.08113,-77.638857
Virginia,LOUDOUN,Purcellville Police Department,VA0530300,77,30,47,89,32,57,0,0,0,0,0,0,3,0,3,0,0,0,43,9,34,34,13,21,457,76,381,10,2,8,534,98,436,39.08113,-77.638857
Virginia,LOUDOUN,State Police: Loudoun County,VA053SP00,31,14,17,37,15,22,6,0,6,2,0,2,3,1,2,2,0,2,1,0,1,10,3,7,16,3,13,4,1,3,27,6,21,39.07537,-77.552635
Virginia,LOUISA,Louisa County Sheriff's Office,VA0540000,299,81,218,456,103,353,20,2,18,0,0,0,68,8,60,14,2,12,265,16,249,274,22,252,2519,187,2332,123,15,108,3058,225,2833,37.971681,-77.959178
Virginia,LOUISA,Louisa Police Department,VA0540100,12,3,9,14,3,11,0,0,0,0,0,0,1,0,1,0,0,0,8,1,7,17,1,16,347,54,293,2,0,2,372,56,316,37.971681,-77.959178
Virginia,LOUISA,State Police: Louisa County,VA054SP00,30,10,20,36,11,25,8,1,7,0,0,0,0,0,0,2,0,2,2,0,2,1,0,1,25,10,15,1,0,1,28,10,18,37.808872,-77.86498
Virginia,LUNENBURG,Lunenburg County Sheriff's Office,VA0550000,154,64,90,191,75,116,6,1,5,2,1,1,13,4,9,9,4,5,142,10,132,31,5,26,247,31,216,21,5,16,420,46,374,36.945757,-78.242313
Virginia,LUNENBURG,Kenbridge Police Department,VA0550100,21,10,11,26,12,14,0,0,0,0,0,0,2,1,1,2,1,1,6,1,5,8,2,6,35,8,27,3,1,2,49,11,38,36.945757,-78.242313
Virginia,LUNENBURG,Victoria Police Department,VA0550300,26,12,14,33,15,18,5,2,3,0,0,0,0,0,0,0,0,0,28,3,25,9,3,6,93,17,76,5,2,3,130,23,107,36.945757,-78.242313
Virginia,LUNENBURG,State Police: Lunenburg County,VA055SP00,40,13,27,50,16,34,0,0,0,0,0,0,0,0,0,4,1,3,0,0,0,2,0,2,8,0,8,3,1,2,10,0,10,36.945757,-78.242313
Virginia,MADISON,Madison County Sheriff's Office,VA0560000,73,34,39,159,70,89,7,1,6,0,0,0,44,17,27,10,5,5,80,17,63,82,26,56,685,125,560,70,28,42,847,168,679,38.412059,-78.276961
Virginia,MADISON,State Police: Madison County,VA056SP00,14,6,8,16,7,9,0,0,0,0,0,0,0,0,0,0,0,0,1,0,1,2,0,2,3,0,3,0,0,0,6,0,6,38.494274,-77.926315
Virginia,MATHEWS,Mathews County Sheriff's Office,VA0570000,43,21,22,93,45,48,5,1,4,4,2,2,8,3,5,8,4,4,152,44,108,36,13,23,454,92,362,38,18,20,642,149,493,37.425348,-76.268808
Virginia,MATHEWS,State Police: Mathews County,VA057SP00,6,3,3,8,4,4,2,0,2,0,0,0,0,0,0,0,0,0,0,0,0,0,0,0,3,0,3,2,1,1,3,0,3,37.425348,-76.268808
Virginia,MECKLENBURG,Mecklenburg County Sheriff's Office,VA0580000,308,109,199,503,155,348,22,7,15,0,0,0,31,7,24,21,7,14,562,77,485,172,27,145,1118,95,1023,139,27,112,1852,199,1653,36.687256,-78.368959
Virginia,MECKLENBURG,Chase City Police Department,VA0580200,60,17,43,76,20,56,2,1,1,0,0,0,0,0,0,4,0,4,74,12,62,27,8,19,234,35,199,2,0,2,335,55,280,36.799046,-78.459366
Virginia,MECKLENBURG,Clarksville Police Department,VA0580300,9,4,5,14,5,9,1,0,1,0,0,0,0,0,0,2,1,1,12,0,12,3,1,2,91,19,72,0,0,0,106,20,86,36.687256,-78.368959
Virginia,MECKLENBURG,La Crosse Police Department,VA0580400,1,0,1,7,2,5,0,0,0,0,0,0,0,0,0,2,0,2,9,0,9,0,0,0,10,1,9,0,0,0,19,1,18,36.687256,-78.368959
Virginia,MECKLENBURG,South Hill Police Department,VA0580500,118,41,77,177,56,121,4,1,3,0,0,0,8,2,6,5,2,3,105,15,90,75,13,62,1589,487,1102,22,6,16,1769,515,1254,36.726414,-78.13055
Virginia,MECKLENBURG,State Police: Mecklenburg County,VA058SP00,72,24,48,75,25,50,1,0,1,0,0,0,0,0,0,1,0,1,3,0,3,11,2,9,42,6,36,0,0,0,56,8,48,36.687256,-78.368959
Virginia,MIDDLESEX,Middlesex County Sheriff's Office,VA0590000,77,31,46,135,42,93,26,3,23,1,0,1,20,2,18,6,2,4,190,27,163,98,23,75,814,95,719,47,7,40,1102,145,957,37.606975,-76.528082
Virginia,MIDDLESEX,State Police: Middlesex County,VA059SP00,9,4,5,12,5,7,3,0,3,0,0,0,2,1,1,0,0,0,0,0,0,2,0,2,8,2,6,3,1,2,10,2,8,37.606975,-76.528082
Virginia,MONTGOMERY,Montgomery County Sheriff's Office,VA0600000,704,331,373,937,409,528,44,13,31,3,0,3,102,28,74,24,11,13,596,128,468,355,119,236,1894,339,1555,185,58,127,2845,586,2259,37.129623,-80.40851
Virginia,MONTGOMERY,Blacksburg Police Department,VA0600100,195,84,111,441,167,274,8,1,7,0,0,0,116,35,81,4,2,2,374,87,287,124,36,88,2512,343,2169,206,66,140,3010,466,2544,37.174884,-80.387314
Virginia,MONTGOMERY,Christiansburg Police Department,VA0600300,279,97,182,430,131,299,9,2,7,0,0,0,65,17,48,3,1,2,332,51,281,118,21,97,4806,1141,3665,120,28,92,5256,1213,4043,37.131126,-80.40731
Virginia,MONTGOMERY,Virginia Polytechnic Institute and State University,VA0600400,39,14,25,96,25,71,5,0,5,0,0,0,32,6,26,0,0,0,161,10,151,21,4,17,1516,74,1442,52,10,42,1698,88,1610,37.174884,-80.387314
Virginia,MONTGOMERY,State Police: Montgomery County,VA060SP00,35,17,18,45,21,24,0,0,0,0,0,0,6,3,3,1,0,1,2,0,2,7,2,5,14,1,13,8,4,4,23,3,20,37.174884,-80.387314
Virginia,NELSON,Nelson County Sheriff's Office,VA0620000,211,73,138,295,91,204,8,1,7,0,0,0,32,7,25,2,0,2,375,37,338,143,30,113,1114,98,1016,73,16,57,1632,165,1467,37.790049,-78.879353
Virginia,NELSON,Wintergreen,VA062019P,4,2,2,4,2,2,0,0,0,0,0,0,0,0,0,0,0,0,6,1,5,0,0,0,39,5,34,0,0,0,45,6,39,,
Virginia,NELSON,State Police: Nelson County,VA062SP00,32,11,21,35,12,23,3,1,2,3,1,2,0,0,0,3,1,2,7,2,5,3,1,2,20,4,16,0,0,0,30,7,23,38.022095,-78.5306
Virginia,NEW KENT,New Kent County Sheriff's Office,VA0630000,373,147,226,490,188,302,16,5,11,6,2,4,30,11,19,9,4,5,262,65,197,97,32,65,1743,270,1473,85,30,55,2102,367,1735,37.502909,-76.982857
Virginia,NEW KENT,State Police: New Kent County,VA063SP00,84,39,45,93,43,50,1,0,1,0,0,0,1,0,1,2,1,1,2,1,1,16,5,11,38,11,27,5,2,3,56,17,39,37.502909,-76.982857
Virginia,NORTHAMPTON,Northampton County Sheriff's Office,VA0650000,117,35,82,157,44,113,1,0,1,2,1,1,8,2,6,5,0,5,200,26,174,40,6,34,400,41,359,9,2,7,640,73,567,37.302629,-75.923868
Virginia,NORTHAMPTON,Cape Charles Police Department,VA0650100,26,11,15,28,12,16,0,0,0,0,0,0,0,0,0,0,0,0,8,0,8,10,2,8,47,8,39,2,1,1,65,10,55,37.26721,-76.01512
Virginia,NORTHAMPTON,Exmore Police Department,VA0650200,43,9,34,61,14,47,2,0,2,2,0,2,5,1,4,2,0,2,45,7,38,19,4,15,287,84,203,7,2,5,351,95,256,37.302629,-75.923868
Virginia,NORTHAMPTON,Eastville,VA0650300,2,1,1,2,1,1,2,1,1,0,0,0,0,0,0,0,0,0,0,0,0,0,0,0,1,0,1,0,0,0,1,0,1,,
Virginia,NORTHAMPTON,State Police: Northampton County,VA065SP00,28,11,17,33,12,21,1,0,1,2,1,1,0,0,0,2,0,2,0,0,0,3,1,2,15,4,11,1,0,1,18,5,13,37.302629,-75.923868
Virginia,NORTHUMBERLAND,Northumberland County Sheriff's Office,VA0660000,146,64,82,202,86,116,5,0,5,0,0,0,14,3,11,4,2,2,181,39,142,51,16,35,493,86,407,42,15,27,725,141,584,37.856974,-76.379687
Virginia,NORTHUMBERLAND,State Police: Northumberland County,VA066SP00,26,9,17,27,9,18,1,0,1,0,0,0,0,0,0,1,0,1,4,2,2,1,0,1,10,4,6,0,0,0,15,6,9,37.856974,-76.379687
Virginia,NOTTOWAY,Nottoway County Sheriff's Office,VA0670000,143,53,90,179,61,118,12,3,9,0,0,0,8,0,8,12,4,8,153,11,142,57,9,48,484,42,442,19,3,16,694,62,632,37.143695,-78.052162
Virginia,NOTTOWAY,Blackstone Police Department,VA0670100,73,28,45,103,38,65,12,1,11,0,0,0,6,3,3,0,0,0,120,29,91,57,15,42,988,262,726,14,5,9,1165,306,859,37.079525,-77.99777
Virginia,NOTTOWAY,Crewe Police Department,VA0670200,68,23,45,93,29,64,5,1,4,0,0,0,6,1,5,0,0,0,112,15,97,37,5,32,298,25,273,9,3,6,447,45,402,37.176105,-78.12472
Virginia,NOTTOWAY,Burkeville Police Department,VA0670300,0,0,0,0,0,0,0,0,0,0,0,0,0,0,0,0,0,0,5,1,4,3,1,2,96,22,74,0,0,0,104,24,80,37.143695,-78.052162
Virginia,NOTTOWAY,State Police: Nottoway County,VA067SP00,7,2,5,11,3,8,2,1,1,0,0,0,3,1,2,1,0,1,1,0,1,8,1,7,30,4,26,3,1,2,39,5,34,37.143695,-78.052162
Virginia,ORANGE,Orange County Sheriff's Office,VA0680000,200,61,139,288,71,217,6,2,4,1,0,1,34,1,33,6,0,6,210,26,184,99,11,88,1167,141,1026,70,8,62,1476,178,1298,38.250439,-78.00998
Virginia,ORANGE,Orange Police Department,VA0680100,123,51,72,157,60,97,4,1,3,1,0,1,9,1,8,0,0,0,72,11,61,43,12,31,645,123,522,23,6,17,760,146,614,38.24238,-78.101715
Virginia,ORANGE,Gordonsville Police Department,VA0680200,24,9,15,37,13,24,0,0,0,0,0,0,3,1,2,0,0,0,29,6,23,4,0,4,106,6,100,8,2,6,139,12,127,38.250439,-78.00998
Virginia,ORANGE,State Police: Orange County,VA068SP00,37,16,21,48,19,29,7,2,5,1,0,1,4,1,3,2,0,2,2,0,2,2,0,2,19,3,16,9,3,6,23,3,20,38.250439,-78.00998
Virginia,PAGE,Page County Sheriff's Office,VA0690000,117,46,71,211,67,144,25,1,24,0,0,0,35,7,28,10,2,8,247,24,223,92,20,72,942,66,876,78,18,60,1281,110,1171,38.664318,-78.46461
Virginia,PAGE,Luray Police Department,VA0690100,85,39,46,119,52,67,7,3,4,0,0,0,15,6,9,2,1,1,102,15,87,38,13,25,1056,268,788,21,8,13,1196,296,900,38.665516,-78.45862
Virginia,PAGE,Shenandoah Police Department,VA0690200,13,5,8,21,6,15,0,0,0,0,0,0,3,0,3,0,0,0,32,3,29,20,1,19,186,17,169,4,0,4,238,21,217,38.623751,-78.490471
Virginia,PAGE,Stanley Police Department,VA0690300,9,4,5,14,4,10,2,1,1,0,0,0,1,0,1,0,0,0,25,2,23,6,0,6,178,30,148,4,0,4,209,32,177,38.623751,-78.490471
Virginia,PAGE,State Police: Page County,VA069SP00,28,11,17,42,14,28,2,1,1,0,0,0,3,1,2,3,0,3,0,0,0,5,1,4,140,59,81,11,3,8,145,60,85,38.660316,-78.481125
Virginia,PATRICK,Patrick County Sheriff's Office,VA0700000,402,186,216,581,249,332,30,8,22,3,1,2,56,17,39,11,5,6,465,93,372,179,41,138,1747,393,1354,128,42,86,2391,527,1864,36.667327,-80.286141
Virginia,PATRICK,State Police: Patrick County,VA070SP00,20,9,11,21,9,12,2,0,2,0,0,0,0,0,0,1,0,1,0,0,0,3,1,2,18,6,12,0,0,0,21,7,14,36.667327,-80.286141
Virginia,PITTSYLVANIA,Pittsylvania County Sheriff's Office,VA0710000,463,178,285,768,261,507,56,12,44,1,0,1,92,22,70,52,18,34,1036,195,841,197,34,163,2460,356,2104,200,51,149,3693,585,3108,36.821721,-79.398502
Virginia,PITTSYLVANIA,Chatham Police Department,VA0710100,3,0,3,4,0,4,0,0,0,0,0,0,0,0,0,0,0,0,3,0,3,1,0,1,54,1,53,0,0,0,58,1,57,36.821721,-79.398502
Virginia,PITTSYLVANIA,Gretna Police Department,VA0710200,3,1,2,7,2,5,0,0,0,0,0,0,0,0,0,0,0,0,12,2,10,10,1,9,68,15,53,3,1,2,90,18,72,36.821721,-79.398502
Virginia,PITTSYLVANIA,Hurt Police Department,VA0710300,5,2,3,10,4,6,0,0,0,0,0,0,1,0,1,0,0,0,4,0,4,3,0,3,64,10,54,5,2,3,71,10,61,36.821721,-79.398502
Virginia,PITTSYLVANIA,State Police: Pittsylvania County,VA071SP00,49,19,30,54,21,33,1,1,0,2,1,1,0,0,0,4,2,2,2,0,2,153,25,128,52,4,48,0,0,0,207,29,178,36.821721,-79.398502
Virginia,POWHATAN,Powhatan County Sheriff's Office,VA0720000,273,109,164,365,138,227,17,5,12,0,0,0,37,11,26,1,0,1,245,40,205,102,32,70,2069,501,1568,81,26,55,2416,573,1843,37.549404,-77.912855
Virginia,POWHATAN,State Police: Powhatan County,VA072SP00,16,4,12,19,5,14,2,0,2,0,0,0,0,0,0,1,0,1,2,1,1,0,0,0,8,2,6,2,1,1,10,3,7,37.510227,-77.7662
Virginia,PRINCE EDWARD,Prince Edward County Sheriff's Office,VA0730000,136,25,111,201,36,165,6,1,5,0,0,0,13,1,12,5,2,3,196,11,185,55,2,53,523,22,501,52,7,45,774,35,739,37.224881,-78.432957
Virginia,"CUMBERLAND, PRINCE EDWARD",Farmville Police Department,VA0730100,169,50,119,248,75,173,8,2,6,0,0,0,36,12,24,4,2,2,127,26,101,56,16,40,1965,471,1494,55,18,37,2148,513,1635,37.224881,-78.432957
Virginia,PRINCE EDWARD,Longwood University,VA0730200,7,2,5,41,8,33,0,0,0,0,0,0,12,3,9,0,0,0,12,1,11,8,2,6,247,15,232,32,5,27,267,18,249,37.301605,-78.39429
Virginia,PRINCE EDWARD,State Police: Prince Edward County,VA073SP00,21,7,14,38,12,26,7,1,6,0,0,0,5,1,4,4,2,2,7,3,4,2,1,1,21,8,13,8,2,6,30,12,18,37.224881,-78.432957
Virginia,PRINCE GEORGE,Prince George County Police Department,VA0740100,793,333,460,1106,451,655,27,12,15,2,1,1,84,27,57,18,8,10,548,119,429,329,76,253,3019,627,2392,168,61,107,3896,822,3074,37.222153,-77.28561
Virginia,NOT SPECIFIED,Richard Bland College,VA0740200,2,1,1,10,3,7,0,0,0,0,0,0,5,1,4,0,0,0,10,0,10,1,0,1,102,7,95,8,2,6,113,7,106,37.20473,-77.392368
Virginia,PRINCE GEORGE,State Police: Prince George County,VA074SP00,29,10,19,30,10,20,1,0,1,0,0,0,0,0,0,0,0,0,0,0,0,7,2,5,18,5,13,0,0,0,25,7,18,37.187325,-77.220993
Virginia,MANASSAS CITY,Manassas Police Department,VA0750100,794,297,497,1359,465,894,59,6,53,0,0,0,131,44,87,19,9,10,708,149,559,437,52,385,5829,758,5071,241,81,160,6974,959,6015,38.748627,-77.46407
Virginia,MANASSAS PARK CITY,Manassas Park Police Department,VA0750200,139,63,76,315,135,180,9,1,8,0,0,0,59,23,36,2,1,1,109,24,85,133,33,100,1123,169,954,121,50,71,1365,226,1139,38.78205,-77.47365
Virginia,PRINCE WILLIAM,Prince William County Police Department,VA0750300,8038,3090,4948,12031,4527,7504,324,105,219,23,8,15,727,271,456,189,92,97,4763,939,3824,3941,618,3323,43400,8150,35250,1501,627,874,52104,9707,42397,38.701119,-77.479579
Virginia,PRINCE WILLIAM,Quantico Police Department,VA0750400,0,0,0,0,0,0,0,0,0,0,0,0,0,0,0,0,0,0,2,1,1,0,0,0,8,1,7,0,0,0,10,2,8,38.52235,-77.29069
Virginia,PRINCE WILLIAM,Haymarket Police Department,VA0750500,13,5,8,15,6,9,0,0,0,0,0,0,0,0,0,0,0,0,9,2,7,7,1,6,72,11,61,2,1,1,88,14,74,38.701119,-77.479579
Virginia,PRINCE WILLIAM,Dumfries Police Department,VA0750600,32,13,19,56,14,42,2,0,2,0,0,0,3,0,3,4,0,4,51,4,47,108,13,95,434,45,389,4,0,4,593,62,531,38.567284,-77.32712
Virginia,PRINCE WILLIAM,Occoquan Police Department,VA0750700,2,1,1,2,1,1,0,0,0,0,0,0,0,0,0,0,0,0,2,1,1,1,0,1,8,1,7,0,0,0,11,2,9,38.684734,-77.26132
Virginia,NOT SPECIFIED,State Police: Manassas,VA075S100,2,0,2,4,1,3,1,0,1,0,0,0,2,1,1,0,0,0,0,0,0,2,1,1,4,2,2,2,1,1,6,3,3,38.643726,-77.4441
Virginia,NOT SPECIFIED,State Police: Manassas Park,VA075S200,0,0,0,0,0,0,0,0,0,0,0,0,0,0,0,0,0,0,0,0,0,0,0,0,0,0,0,0,0,0,0,0,0,38.768991,-77.44868
Virginia,PRINCE WILLIAM,State Police: Prince William County,VA075SP00,125,47,78,132,49,83,6,0,6,0,0,0,3,1,2,0,0,0,2,0,2,55,20,35,83,26,57,6,2,4,140,46,94,38.701119,-77.479579
Virginia,PULASKI,Pulaski County Sheriff's Office,VA0770000,353,120,233,492,147,345,37,8,29,0,0,0,39,5,34,12,5,7,642,74,568,171,28,143,4717,1003,3714,103,16,87,5530,1105,4425,37.047714,-80.77798
Virginia,PULASKI,Pulaski Police Department,VA0770100,188,89,99,398,180,218,16,8,8,0,0,0,23,10,13,5,3,2,483,139,344,178,63,115,2316,649,1667,157,68,89,2977,851,2126,37.063385,-80.713444
Virginia,PULASKI,Dublin Police Department,VA0770200,25,11,14,56,21,35,2,1,1,0,0,0,9,4,5,2,1,1,58,13,45,31,11,20,244,42,202,21,5,16,333,66,267,37.063385,-80.713444
Virginia,PULASKI,State Police: Pulaski County,VA077SP00,44,17,27,55,19,36,0,0,0,0,0,0,3,1,2,3,1,2,7,2,5,15,4,11,60,11,49,8,1,7,82,17,65,37.063385,-80.713444
Virginia,RAPPAHANNOCK,Rappahannock County Sheriff's Office,VA0780000,59,24,35,70,25,45,1,0,1,0,0,0,3,0,3,0,0,0,47,11,36,12,1,11,197,17,180,9,0,9,256,29,227,38.684522,-78.168824
Virginia,RAPPAHANNOCK,State Police: Rappahannock County,VA078SP00,3,1,2,7,3,4,0,0,0,0,0,0,0,0,0,0,0,0,4,1,3,2,1,1,9,2,7,2,1,1,15,4,11,38.699593,-77.788734
Virginia,RICHMOND,Richmond County Sheriff's Office,VA0790000,62,29,33,79,33,46,4,2,2,0,0,0,7,2,5,1,0,1,71,18,53,35,9,26,150,24,126,13,4,9,256,51,205,37.942894,-76.730561
Virginia,RICHMOND,Warsaw Police Department,VA0790100,5,2,3,5,2,3,0,0,0,0,0,0,0,0,0,0,0,0,37,3,34,2,0,2,128,34,94,0,0,0,167,37,130,37.942894,-76.730561
Virginia,RICHMOND,State Police: Richmond County,VA079SP00,14,6,8,15,6,9,0,0,0,0,0,0,0,0,0,0,0,0,4,2,2,0,0,0,15,5,10,1,0,1,19,7,12,37.942894,-76.730561
Virginia,SALEM CITY,Salem Police Department,VA0800100,146,68,78,321,147,174,27,12,15,0,0,0,9,4,5,10,5,5,395,117,278,480,151,329,4828,1345,3483,78,35,43,5703,1613,4090,37.285333,-80.055241
Virginia,ROANOKE,Vinton Police Department,VA0800200,183,64,119,223,70,153,4,0,4,0,0,0,8,1,7,3,1,2,124,14,110,126,21,105,1585,232,1353,14,2,12,1835,267,1568,37.278927,-79.89805
Virginia,ROANOKE,Roanoke County Police Department,VA0800300,1852,764,1088,2511,1011,1500,37,16,21,1,0,1,200,75,125,29,13,16,1527,306,1221,721,210,511,10651,2890,7761,396,151,245,12899,3406,9493,37.320732,-80.02192
Virginia,NOT SPECIFIED,State Police: Salem,VA080S100,8,4,4,9,5,4,0,0,0,0,0,0,0,0,0,0,0,0,0,0,0,5,2,3,21,3,18,1,1,0,26,5,21,37.277058,-80.12723
Virginia,ROANOKE,State Police: Roanoke County,VA080SP00,29,9,20,41,13,28,3,1,2,0,0,0,5,2,3,0,0,0,2,0,2,9,1,8,30,5,25,9,3,6,41,6,35,37.331077,-80.19011
Virginia,ROCKBRIDGE,Rockbridge County Sheriff's Office,VA0810000,352,168,184,470,213,257,20,7,13,0,0,0,50,18,32,13,6,7,478,116,362,175,61,114,2038,577,1461,93,34,59,2691,754,1937,37.804523,-79.42585
Virginia,ROCKBRIDGE,Glasgow Police Department,VA0810100,0,0,0,0,0,0,0,0,0,0,0,0,0,0,0,0,0,0,0,0,0,0,0,0,8,0,8,0,0,0,8,0,8,37.814517,-79.447754
Virginia,LEXINGTON CITY,Lexington Police Department,VA0810200,66,29,37,86,32,54,0,0,0,0,0,0,6,0,6,0,0,0,59,13,46,15,4,11,416,74,342,13,1,12,490,91,399,37.782332,-79.44432
Virginia,ROCKBRIDGE,Virginia Military Institute,VA0810300,1,0,1,6,0,6,0,0,0,0,0,0,4,0,4,0,0,0,39,1,38,0,0,0,102,1,101,4,0,4,141,2,139,37.782332,-79.44432
Virginia,NOT SPECIFIED,State Police: Lexington,VA081S200,2,2,0,2,2,0,0,0,0,0,0,0,0,0,0,0,0,0,0,0,0,0,0,0,1,0,1,0,0,0,1,0,1,37.782332,-79.44432
Virginia,ROCKBRIDGE,State Police: Rockbridge County,VA081SP00,53,23,30,64,27,37,4,1,3,1,0,1,1,0,1,2,0,2,1,0,1,12,6,6,32,9,23,5,2,3,45,15,30,37.814517,-79.447754
Virginia,ROCKINGHAM,Rockingham County Sheriff's Office,VA0820000,459,181,278,819,311,508,39,11,28,4,0,4,135,45,90,20,8,12,959,133,826,129,31,98,2431,359,2072,318,115,203,3519,523,2996,38.511257,-78.876307
Virginia,ROCKINGHAM,Bridgewater Police Department,VA0820100,15,6,9,24,10,14,0,0,0,0,0,0,2,1,1,0,0,0,33,4,29,7,1,6,165,28,137,5,2,3,205,33,172,38.511257,-78.876307
Virginia,ROCKINGHAM,Broadway Police Department,VA0820200,7,0,7,14,1,13,0,0,0,0,0,0,3,0,3,0,0,0,52,6,46,7,1,6,120,8,112,5,1,4,179,15,164,38.511257,-78.876307
Virginia,ROCKINGHAM,Dayton Police Department,VA0820300,6,1,5,9,1,8,0,0,0,0,0,0,2,0,2,0,0,0,9,0,9,4,1,3,94,9,85,2,0,2,107,10,97,38.413185,-78.94232
Virginia,ROCKINGHAM,Elkton Police Department,VA0820400,28,8,20,32,8,24,1,0,1,0,0,0,1,0,1,0,0,0,57,2,55,25,5,20,202,16,186,3,0,3,284,23,261,38.40821,-78.622375
Virginia,"AUGUSTA, ROCKINGHAM",Grottoes Police Department,VA0820500,11,4,7,17,4,13,0,0,0,0,0,0,1,0,1,0,0,0,69,0,69,5,0,5,182,12,170,5,0,5,256,12,244,38.511257,-78.876307
Virginia,ROCKINGHAM,James Madison University,VA0820600,18,5,13,54,18,36,11,4,7,0,0,0,21,8,13,0,0,0,61,11,50,19,6,13,748,59,689,31,12,19,828,76,752,38.45788,-78.8607
Virginia,ROCKINGHAM,Timberville Police Department,VA0820700,24,2,22,28,2,26,1,0,1,0,0,0,1,0,1,0,0,0,24,0,24,4,0,4,125,14,111,2,0,2,153,14,139,38.630157,-78.77783
Virginia,ROCKINGHAM,Bridgewater College,VA082099E,5,1,4,5,1,4,0,0,0,0,0,0,0,0,0,0,0,0,7,0,7,5,1,4,63,4,59,0,0,0,75,5,70,,
Virginia,ROCKINGHAM,State Police: Rockingham County,VA082SP00,92,40,52,100,42,58,3,1,2,0,0,0,0,0,0,4,2,2,7,2,5,172,43,129,103,16,87,3,0,3,282,61,221,38.395702,-78.91519
Virginia,RUSSELL,Russell County Sheriff's Office,VA0830000,358,163,195,596,247,349,36,4,32,0,0,0,91,26,65,19,6,13,468,89,379,155,43,112,1147,213,934,207,74,133,1770,345,1425,36.93342,-82.095934
Virginia,RUSSELL,Lebanon Police Department,VA0830100,34,16,18,64,20,44,2,0,2,0,0,0,16,1,15,3,1,2,93,12,81,37,11,26,1339,513,826,24,2,22,1469,536,933,36.93342,-82.095934
Virginia,RUSSELL,Honaker Police Department,VA0830200,23,8,15,32,11,21,1,0,1,0,0,0,2,0,2,0,0,0,24,4,20,3,1,2,77,14,63,2,0,2,104,19,85,36.93342,-82.095934
Virginia,RUSSELL,State Police: Russell County,VA083SP00,53,23,30,70,25,45,12,0,12,2,0,2,8,1,7,0,0,0,2,0,2,10,2,8,41,7,34,16,2,14,53,9,44,36.93342,-82.095934
Virginia,SCOTT,Scott County Sheriff's Office,VA0840000,225,99,126,364,140,224,40,9,31,0,0,0,55,14,41,10,4,6,537,129,408,236,63,173,1453,303,1150,98,25,73,2226,495,1731,36.712778,-82.613627
Virginia,SCOTT,Gate City Police Department,VA0840100,27,12,15,34,14,20,7,1,6,0,0,0,5,2,3,0,0,0,39,11,28,36,10,26,250,78,172,6,2,4,325,99,226,36.63981,-82.578316
Virginia,SCOTT,Weber City Police Department,VA0840200,11,5,6,16,6,10,0,0,0,0,0,0,2,0,2,0,0,0,14,1,13,8,2,6,135,33,102,3,0,3,157,36,121,36.6275,-82.55487
Virginia,SCOTT,State Police: Scott County,VA084SP00,34,14,20,52,22,30,28,5,23,2,0,2,2,1,1,6,3,3,6,2,4,20,5,15,33,7,26,12,5,7,59,14,45,36.6167,-82.12577
Virginia,SHENANDOAH,Shenandoah County Sheriff's Office,VA0850000,349,148,201,529,203,326,4,1,3,0,0,0,87,30,57,5,2,3,368,40,328,95,22,73,1673,210,1463,162,48,114,2136,272,1864,38.856204,-78.573987
Virginia,SHENANDOAH,Mount Jackson Police Department,VA0850200,12,2,10,20,2,18,0,0,0,0,0,0,3,0,3,0,0,0,33,3,30,4,0,4,258,27,231,6,0,6,295,30,265,38.856204,-78.573987
Virginia,SHENANDOAH,Woodstock Police Department,VA0850300,101,45,56,144,58,86,6,1,5,0,0,0,13,2,11,2,1,1,64,10,54,29,9,20,1164,326,838,30,7,23,1257,345,912,38.88314,-78.50637
Virginia,SHENANDOAH,Strasburg Police Department,VA0850400,109,47,62,148,60,88,3,1,2,0,0,0,16,5,11,0,0,0,88,7,81,25,6,19,553,92,461,31,10,21,666,105,561,38.856204,-78.573987
Virginia,SHENANDOAH,New Market Police Department,VA0850500,11,1,10,15,1,14,2,0,2,0,0,0,2,0,2,0,0,0,13,2,11,5,0,5,163,10,153,2,0,2,181,12,169,38.856204,-78.573987
Virginia,SHENANDOAH,State Police: Shenandoah County,VA085SP00,80,32,48,85,33,52,3,1,2,0,0,0,2,0,2,2,1,1,1,0,1,19,7,12,25,7,18,3,0,3,45,14,31,38.660316,-78.481125
Virginia,SMYTH,Smyth County Sheriff's Office,VA0860000,182,80,102,301,119,182,33,7,26,0,0,0,44,12,32,17,7,10,329,40,289,188,39,149,1464,248,1216,87,26,61,1981,327,1654,36.833374,-81.52013
Virginia,SMYTH,Marion Police Department,VA0860100,273,119,154,333,135,198,15,6,9,1,0,1,18,5,13,2,1,1,264,51,213,142,52,90,1769,540,1229,36,8,28,2175,643,1532,36.828045,-81.52849
Virginia,"SMYTH, WASHINGTON",Saltville Police Department,VA0860200,14,6,8,27,11,16,1,0,1,0,0,0,3,1,2,2,1,1,27,4,23,32,9,23,148,26,122,9,3,6,207,39,168,36.842318,-81.539786
Virginia,SMYTH,Chilhowie Police Department,VA0860300,17,6,11,23,7,16,0,0,0,0,0,0,2,0,2,0,0,0,16,2,14,18,5,13,166,48,118,3,0,3,200,55,145,36.842318,-81.539786
Virginia,SMYTH,State Police: Smyth County,VA086SP00,33,14,19,55,23,32,8,1,7,1,0,1,10,4,6,7,3,4,6,1,5,38,8,30,83,13,70,15,6,9,127,22,105,36.842318,-81.539786
Virginia,SOUTHAMPTON,Southampton County Sheriff's Office,VA0870000,118,47,71,244,86,158,19,6,13,1,0,1,33,8,25,16,6,10,369,56,313,183,37,146,1062,101,961,86,26,60,1614,194,1420,36.720173,-77.103856
Virginia,SOUTHAMPTON,State Police: Southampton County,VA087SP00,5,3,2,5,3,2,0,0,0,0,0,0,0,0,0,0,0,0,3,1,2,3,1,2,5,0,5,0,0,0,11,2,9,36.685932,-76.99701
Virginia,SPOTSYLVANIA,Spotsylvania County Sheriff's Office,VA0880000,1650,559,1091,2306,682,1624,23,4,19,4,2,2,173,17,156,37,14,23,1139,143,996,717,57,660,9684,1504,8180,295,31,264,11540,1704,9836,38.182311,-77.65628
Virginia,SPOTSYLVANIA,Germanna Community College,VA0880300,0,0,0,3,1,2,0,0,0,0,0,0,3,1,2,0,0,0,1,0,1,0,0,0,17,3,14,3,1,2,18,3,15,,
Virginia,SPOTSYLVANIA,State Police: Spotsylvania County,VA088SP00,53,24,29,57,26,31,1,0,1,0,0,0,1,1,0,3,1,2,6,2,4,19,5,14,31,6,25,1,1,0,56,13,43,38.266205,-77.49507
Virginia,STAFFORD,Stafford County Sheriff's Office,VA0890000,2675,1102,1573,3796,1364,2432,86,21,65,12,4,8,302,38,264,72,34,38,1301,236,1065,709,83,626,13064,2528,10536,669,115,554,15074,2847,12227,38.415386,-77.454872
Virginia,STAFFORD,State Police: Stafford County,VA089SP00,42,18,24,47,20,27,1,0,1,0,0,0,1,0,1,2,1,1,0,0,0,21,7,14,31,7,24,3,1,2,52,14,38,38.266205,-77.49507
Virginia,SURRY,Surry County Sheriff's Office,VA0900000,71,31,40,110,48,62,5,1,4,0,0,0,12,4,8,0,0,0,81,11,70,41,13,28,226,33,193,27,11,16,348,57,291,37.119761,-76.880172
Virginia,SURRY,State Police: Surry County,VA090SP00,3,1,2,3,1,2,4,3,1,0,0,0,0,0,0,0,0,0,0,0,0,1,0,1,8,2,6,0,0,0,9,2,7,37.119761,-76.880172
Virginia,SUSSEX,Sussex County Sheriff's Office,VA0910000,113,27,86,187,44,143,11,0,11,0,0,0,11,1,10,17,6,11,171,12,159,70,15,55,546,68,478,30,6,24,787,95,692,36.926645,-77.259732
Virginia,SUSSEX,State Police: Sussex County,VA091SP00,10,2,8,12,3,9,0,0,0,0,0,0,0,0,0,0,0,0,2,0,2,2,1,1,15,3,12,2,1,1,19,4,15,36.926645,-77.259732
Virginia,TAZEWELL,Tazewell County Sheriff's Office,VA0920000,321,148,173,584,245,339,39,7,32,1,0,1,93,36,57,13,5,8,668,138,530,269,90,179,2623,857,1766,218,78,140,3560,1085,2475,37.125395,-81.562924
Virginia,TAZEWELL,Bluefield Police Department,VA0920100,53,24,29,129,50,79,6,2,4,0,0,0,27,12,15,7,3,4,119,21,98,48,16,32,3053,1239,1814,52,18,34,3220,1276,1944,37.125395,-81.562924
Virginia,TAZEWELL,Pocahontas Police Department,VA0920200,0,0,0,1,0,1,0,0,0,0,0,0,0,0,0,0,0,0,2,0,2,0,0,0,5,0,5,0,0,0,7,0,7,37.125395,-81.562924
Virginia,TAZEWELL,Richlands Police Department,VA0920300,101,50,51,181,85,96,8,2,6,0,0,0,28,11,17,4,2,2,197,33,164,62,22,40,832,218,614,64,28,36,1091,273,818,37.125395,-81.562924
Virginia,TAZEWELL,Tazewell Police Department,VA0920400,52,23,29,90,36,54,2,0,2,0,0,0,10,3,7,3,1,2,249,19,230,43,10,33,432,86,346,30,11,19,724,115,609,37.125395,-81.562924
Virginia,TAZEWELL,Cedar Bluff Police Department,VA0920500,0,0,0,5,1,4,2,1,1,0,0,0,0,0,0,0,0,0,8,1,7,7,1,6,28,2,26,4,1,3,43,4,39,37.08765,-81.764244
Virginia,TAZEWELL,Southwest Virginia Community College,VA0920600,0,0,0,0,0,0,0,0,0,0,0,0,0,0,0,0,0,0,0,0,0,0,0,0,0,0,0,0,0,0,0,0,0,,
Virginia,TAZEWELL,State Police: Tazewell County,VA092SP00,80,37,43,94,41,53,16,0,16,1,0,1,6,1,5,0,0,0,22,4,18,10,1,9,134,37,97,13,4,9,166,42,124,37.125395,-81.562924
Virginia,WARREN,Warren County Sheriff's Office,VA0930000,138,59,79,359,138,221,29,12,17,1,0,1,102,37,65,8,5,3,195,44,151,120,36,84,2166,673,1493,202,70,132,2481,753,1728,38.908187,-78.207131
Virginia,WARREN,Front Royal Police Department,VA0930100,192,81,111,420,136,284,21,6,15,0,0,0,36,8,28,5,2,3,275,58,217,241,81,160,2479,432,2047,173,36,137,2995,571,2424,38.918125,-78.19379
Virginia,WARREN,State Police: Warren County,VA093SP00,22,5,17,24,6,18,0,0,0,0,0,0,2,1,1,0,0,0,4,2,2,3,0,3,18,4,14,2,1,1,25,6,19,39.124973,-78.19413
Virginia,WASHINGTON,Washington County Sheriff's Office,VA0940000,457,194,263,700,290,410,26,3,23,0,0,0,86,30,56,36,18,18,1063,163,900,551,131,420,5434,1419,4015,174,64,110,7048,1713,5335,36.717323,-82.00555
Virginia,WASHINGTON,Abingdon Police Department,VA0940100,89,40,49,144,64,80,4,1,3,2,1,1,24,11,13,2,1,1,128,35,93,100,33,67,1212,276,936,40,18,22,1440,344,1096,36.747831,-81.950316
Virginia,WASHINGTON,Damascus Police Department,VA0940200,13,5,8,15,6,9,2,1,1,0,0,0,2,1,1,0,0,0,44,9,35,16,5,11,370,120,250,2,1,1,430,134,296,36.747831,-81.950316
Virginia,WASHINGTON,Glade Spring Police Department,VA0940300,9,4,5,10,4,6,0,0,0,0,0,0,0,0,0,0,0,0,9,1,8,9,1,8,59,7,52,1,0,1,77,9,68,36.747831,-81.950316
Virginia,WASHINGTON,Emory and Henry College,VA094049E,0,0,0,2,1,1,2,1,1,0,0,0,2,1,1,0,0,0,4,1,3,0,0,0,10,0,10,2,1,1,14,1,13,,
Virginia,WASHINGTON,Virginia Highlands Community College,VA0940500,0,0,0,0,0,0,0,0,0,0,0,0,0,0,0,0,0,0,0,0,0,0,0,0,1,0,1,0,0,0,1,0,1,,
Virginia,WASHINGTON,State Police: Washington County,VA094SP00,59,24,35,68,27,41,43,5,38,0,0,0,5,2,3,0,0,0,4,1,3,25,7,18,60,10,50,9,3,6,89,18,71,36.681583,-82.03826
Virginia,WESTMORELAND,Westmoreland County Sheriff's Office,VA0950000,150,64,86,224,94,130,12,4,8,0,0,0,39,16,23,12,6,6,240,65,175,76,21,55,764,137,627,55,23,32,1080,223,857,38.109238,-76.804073
Virginia,WESTMORELAND,Colonial Beach Police Department,VA0950100,85,32,53,122,42,80,1,0,1,0,0,0,9,1,8,8,4,4,76,7,69,65,5,60,348,38,310,25,6,19,489,50,439,38.262787,-76.98172
Virginia,WESTMORELAND,State Police: Westmoreland County,VA095SP00,41,19,22,51,26,25,2,1,1,0,0,0,4,2,2,0,0,0,1,0,1,3,1,2,8,2,6,10,7,3,12,3,9,38.109238,-76.804073
Virginia,WISE,Wise County Sheriff's Office,VA0960000,379,176,203,625,214,411,33,6,27,0,0,0,50,7,43,9,3,6,480,74,406,316,55,261,1903,159,1744,221,31,190,2699,288,2411,36.974561,-82.62156
Virginia,WISE,Big Stone Gap Police Department,VA0960200,33,10,23,60,14,46,16,0,16,0,0,0,11,0,11,4,2,2,96,9,87,43,8,35,1037,201,836,16,0,16,1176,218,958,36.86293,-82.77101
Virginia,WISE,Coeburn Police Department,VA0960300,55,22,33,74,25,49,2,0,2,0,0,0,6,1,5,4,0,4,68,15,53,32,6,26,296,75,221,14,3,11,396,96,300,36.974561,-82.62156
Virginia,"RUSSELL, WISE",St. Paul Police Department,VA0960500,22,8,14,36,11,25,4,2,2,0,0,0,6,2,4,0,0,0,24,4,20,13,2,11,198,48,150,12,3,9,235,54,181,36.974561,-82.62156
Virginia,WISE,Wise Police Department,VA0960600,44,21,23,57,25,32,1,0,1,0,0,0,6,2,4,0,0,0,62,13,49,37,9,28,294,51,243,10,3,7,393,73,320,36.974561,-82.62156
Virginia,WISE,University of Virginia's College at Wise,VA0960700,0,0,0,3,1,2,0,0,0,0,0,0,1,0,1,0,0,0,27,1,26,1,0,1,69,6,63,3,1,2,97,7,90,36.974561,-82.62156
Virginia,WISE,State Police: Wise County,VA096SP00,22,6,16,43,12,31,12,0,12,3,0,3,3,0,3,9,2,7,3,1,2,14,3,11,46,10,36,6,1,5,63,14,49,36.974561,-82.62156
Virginia,WYTHE,Wythe County Sheriff's Office,VA0970000,125,55,70,264,98,166,8,2,6,0,0,0,14,2,12,19,8,11,179,37,142,221,51,170,1100,167,933,105,29,76,1500,255,1245,36.901471,-81.084209
Virginia,WYTHE,Wytheville Police Department,VA0970100,62,26,36,110,33,77,8,1,7,0,0,0,10,0,10,1,0,1,170,30,140,108,16,92,1863,371,1492,35,4,31,2141,417,1724,36.901471,-81.084209
Virginia,WYTHE,Rural Retreat Police Department,VA0970300,0,0,0,0,0,0,0,0,0,0,0,0,0,0,0,0,0,0,10,0,10,0,0,0,74,12,62,0,0,0,84,12,72,36.901471,-81.084209
Virginia,WYTHE,State Police: Wythe County,VA097SP00,99,46,53,129,56,73,21,5,16,2,1,1,7,1,6,0,0,0,11,3,8,31,7,24,135,21,114,23,8,15,177,31,146,36.901471,-81.084209
Virginia,YORK,York County Sheriff's Office,VA0980000,822,335,487,1400,573,827,49,14,35,0,0,0,106,45,61,42,21,21,875,223,652,347,72,275,9884,2671,7213,334,151,183,11106,2966,8140,37.220914,-76.395533
Virginia,POQUOSON CITY,Poquoson Police Department,VA0980100,191,75,116,245,86,159,18,2,16,1,0,1,25,4,21,0,0,0,209,52,157,30,9,21,860,135,725,41,8,33,1099,196,903,37.132324,-76.38017
Virginia,NOT SPECIFIED,State Police: Poquoson,VA098S100,0,0,0,0,0,0,2,0,2,0,0,0,0,0,0,0,0,0,0,0,0,0,0,0,0,0,0,0,0,0,0,0,0,37.12836,-76.303534
Virginia,YORK,State Police: York County,VA098SP00,37,13,24,37,13,24,0,0,0,0,0,0,0,0,0,0,0,0,2,0,2,9,3,6,12,2,10,0,0,0,23,5,18,37.220914,-76.395533
Virginia,ALEXANDRIA CITY,Alexandria Police Department,VA0990000,2214,860,1354,3610,1259,2351,48,8,40,0,0,0,117,43,74,60,27,33,1569,291,1278,2730,229,2501,20529,2660,17869,243,90,153,24828,3180,21648,38.818343,-77.082026
Virginia,NOT SPECIFIED,State Police: Alexandria,VA099SP00,28,11,17,29,11,18,0,0,0,0,0,0,0,0,0,0,0,0,0,0,0,17,7,10,14,4,10,0,0,0,31,11,20,38.868576,-77.06532
Virginia,BRISTOL CITY,Bristol Police Department,VA1000000,511,236,275,748,320,428,20,5,15,0,0,0,94,31,63,14,7,7,642,160,482,526,178,348,3561,847,2714,151,52,99,4729,1185,3544,36.596535,-82.180374
Virginia,NOT SPECIFIED,State Police: Bristol,VA100SP00,10,4,6,12,5,7,0,0,0,0,0,0,0,0,0,2,1,1,0,0,0,4,1,3,10,3,7,0,0,0,14,4,10,36.616954,-82.157564
Virginia,BUENA VISTA CITY,Buena Vista Police Department,VA1010000,56,19,37,70,22,48,1,0,1,0,0,0,8,2,6,0,0,0,48,8,40,26,5,21,287,32,255,12,2,10,361,45,316,37.731663,-79.356375
Virginia,NOT SPECIFIED,State Police: Buena Vista,VA101SP00,3,1,2,7,3,4,2,1,1,0,0,0,1,1,0,2,1,1,0,0,0,0,0,0,3,0,3,2,1,1,3,0,3,37.731663,-79.356375
Virginia,CHARLOTTESVILLE CITY,Charlottesville Police Department,VA1020000,1640,554,1086,2378,735,1643,26,4,22,0,0,0,207,48,159,23,9,14,1269,188,1081,836,89,747,8342,687,7655,376,96,280,10447,964,9483,38.037658,-78.485381
Virginia,NOT SPECIFIED,State Police: Charlottesville,VA102SP00,2,1,1,16,7,9,1,0,1,0,0,0,2,1,1,10,5,5,1,0,1,1,0,1,9,2,7,4,1,3,11,2,9,38.037658,-78.485381
Virginia,CHESAPEAKE CITY,Chesapeake Police Department,VA1030000,8828,2537,6291,11450,3104,8346,171,41,130,3,1,2,535,133,402,160,44,116,5055,499,4556,3091,335,2756,39327,4499,34828,987,236,751,47473,5333,42140,36.71744,-76.24797
Virginia,NOT SPECIFIED,State Police: Chesapeake,VA103SP00,80,25,55,85,27,58,3,0,3,0,0,0,0,0,0,1,0,1,0,0,0,245,6,239,36,8,28,4,2,2,281,14,267,36.77123,-76.259834
Virginia,ALLEGHANY,Clifton Forge Police Department,VA1040000,118,54,64,149,64,85,7,1,6,0,0,0,5,0,5,3,1,2,60,11,49,33,11,22,394,67,327,22,6,16,487,89,398,37.81599,-79.82419
Virginia,NOT SPECIFIED,State Police: Clifton Forge,VA104SP00,0,0,0,0,0,0,0,0,0,0,0,0,0,0,0,0,0,0,0,0,0,0,0,0,0,0,0,0,0,0,0,0,0,37.787905,-80.008669
Virginia,COLONIAL HEIGHTS CITY,Colonial Heights Police Department,VA1050000,472,224,248,873,382,491,32,10,22,0,0,0,41,19,22,14,6,8,364,108,256,209,59,150,8572,3108,5464,234,95,139,9145,3275,5870,37.258804,-77.40494
Virginia,NOT SPECIFIED,State Police: Colonial Heights,VA105SP00,18,6,12,21,7,14,0,0,0,0,0,0,0,0,0,2,1,1,2,0,2,10,4,6,5,2,3,1,0,1,17,6,11,37.261685,-77.396804
Virginia,COVINGTON CITY,Covington Police Department,VA1060000,112,48,64,146,58,88,16,1,15,0,0,0,23,6,17,4,2,2,90,14,76,42,9,33,943,252,691,29,8,21,1075,275,800,37.79127,-79.99537
Virginia,NOT SPECIFIED,State Police: Covington,VA106SP00,46,19,27,50,20,30,0,0,0,0,0,0,0,0,0,3,1,2,1,0,1,1,0,1,11,3,8,1,0,1,13,3,10,37.778143,-79.986039
Virginia,DANVILLE CITY,Danville Police Department,VA1070000,1353,391,962,2245,663,1582,115,29,86,0,0,0,115,37,78,130,55,75,1905,337,1568,857,204,653,12358,2643,9715,229,64,165,15120,3184,11936,36.583334,-79.408071
Virginia,FAIRFAX CITY,Fairfax City Police Department,VA1075000,83,30,53,289,77,212,21,5,16,0,0,0,36,4,32,1,0,1,203,30,173,250,25,225,3280,329,2951,61,8,53,3733,384,3349,38.85312,-77.295586
Virginia,NOT SPECIFIED,State Police: Fairfax City,VA1075S00,0,0,0,0,0,0,1,0,1,0,0,0,0,0,0,0,0,0,0,0,0,0,0,0,0,0,0,0,0,0,0,0,0,38.853183,-77.299025
Virginia,NOT SPECIFIED,State Police: Danville,VA107SP00,5,1,4,7,2,5,0,0,0,0,0,0,0,0,0,2,1,1,0,0,0,2,0,2,11,4,7,0,0,0,13,4,9,36.583334,-79.408071
Virginia,FALLS CHURCH CITY,Falls Church Police Department,VA1080000,83,33,50,182,59,123,12,5,7,0,0,0,17,4,13,2,1,1,130,13,117,180,16,164,1585,110,1475,27,7,20,1895,139,1756,38.88492,-77.1727
Virginia,FRANKLIN CITY,Franklin Police Department,VA1085000,210,87,123,398,154,244,15,3,12,0,0,0,16,5,11,24,10,14,334,59,275,140,22,118,3026,765,2261,75,29,46,3500,846,2654,36.662148,-76.91937
Virginia,NOT SPECIFIED,State Police: Franklin,VA1085S00,2,1,1,2,1,1,4,0,4,0,0,0,0,0,0,0,0,0,0,0,0,0,0,0,1,0,1,0,0,0,1,0,1,36.684014,-76.941396
Virginia,NOT SPECIFIED,State Police: Falls Church,VA108SP00,0,0,0,0,0,0,0,0,0,0,0,0,0,0,0,0,0,0,0,0,0,0,0,0,0,0,0,0,0,0,0,0,0,38.883787,-77.174639
Virginia,FREDERICKSBURG CITY,Fredericksburg Police Department,VA1090000,1122,439,683,1512,573,939,49,12,37,0,0,0,76,23,53,36,17,19,552,129,423,371,61,310,9390,2256,7134,145,51,94,10313,2446,7867,38.299272,-77.486658
Virginia,NOT SPECIFIED,University of Mary Washington,VA1090100,2,0,2,12,0,12,1,0,1,0,0,0,6,0,6,0,0,0,5,0,5,6,2,4,194,2,192,9,0,9,205,4,201,38.299272,-77.486658
Virginia,NOT SPECIFIED,State Police: Fredericksburg,VA109SP00,26,12,14,32,14,18,0,0,0,0,0,0,3,2,1,1,0,1,2,0,2,2,1,1,16,5,11,5,2,3,20,6,14,38.299272,-77.486658
Virginia,GALAX CITY,Galax Police Department,VA1100000,184,79,105,281,108,173,9,2,7,0,0,0,35,10,25,4,1,3,290,74,216,184,61,123,2629,914,1715,77,23,54,3103,1049,2054,36.66564,-80.914308
Virginia,NOT SPECIFIED,State Police: Galax,VA110SP00,0,0,0,0,0,0,0,0,0,0,0,0,0,0,0,0,0,0,0,0,0,0,0,0,3,0,3,0,0,0,3,0,3,36.66564,-80.914308
Virginia,HAMPTON CITY,Hampton Police Department,VA1110000,2294,749,1545,4365,1299,3066,215,45,170,12,3,9,212,71,141,223,67,156,4330,897,3433,2812,356,2456,29944,3739,26205,449,153,296,37086,4992,32094,37.04803,-76.297149
Virginia,NOT SPECIFIED,Thomas Nelson Community College,VA1110300,0,0,0,2,0,2,0,0,0,0,0,0,0,0,0,0,0,0,0,0,0,1,0,1,47,2,45,1,0,1,48,2,46,37.04803,-76.297149
Virginia,NOT SPECIFIED,Hampton University,VA1110400,7,2,5,25,2,23,1,0,1,0,0,0,9,0,9,0,0,0,47,0,47,8,0,8,193,1,192,12,0,12,248,1,247,37.04803,-76.297149
Virginia,NOT SPECIFIED,State Police: Hampton,VA111SP00,86,13,73,88,14,74,1,0,1,0,0,0,0,0,0,2,1,1,0,0,0,41,0,41,16,3,13,0,0,0,57,3,54,37.04803,-76.297149
Virginia,HARRISONBURG CITY,Harrisonburg Police Department,VA1120000,1109,468,641,1637,665,972,42,16,26,0,0,0,184,65,119,27,11,16,1030,222,808,412,99,313,8199,1739,6460,323,121,202,9641,2060,7581,38.450462,-78.86833
Virginia,NOT SPECIFIED,State Police: Harrisonburg,VA112SP00,21,10,11,31,15,16,0,0,0,0,0,0,0,0,0,4,2,2,2,1,1,6,2,4,23,6,17,6,3,3,31,9,22,38.431669,-78.876027
Virginia,HOPEWELL CITY,Hopewell Police Department,VA1130000,698,256,442,1121,404,717,24,7,17,0,0,0,42,19,23,58,21,37,955,135,820,443,67,376,3678,592,3086,81,37,44,5076,794,4282,37.29101,-77.298944
Virginia,NOT SPECIFIED,State Police: Hopewell,VA113SP00,2,0,2,4,1,3,0,0,0,1,0,1,0,0,0,0,0,0,1,0,1,0,0,0,4,2,2,0,0,0,5,2,3,37.29101,-77.298944
Virginia,LYNCHBURG CITY,Lynchburg Police Department,VA1140000,2648,917,1731,3638,1200,2438,88,20,68,0,0,0,237,68,169,70,31,39,2085,346,1739,1529,253,1276,13111,2290,10821,373,105,268,16725,2889,13836,37.399016,-79.195458
Virginia,NOT SPECIFIED,State Police: Lynchburg,VA114SP00,9,3,6,12,4,8,0,0,0,0,0,0,3,1,2,0,0,0,0,0,0,1,0,1,20,5,15,3,1,2,21,5,16,37.399016,-79.195458
Virginia,MARTINSVILLE CITY,Martinsville Police Department,VA1150000,497,208,289,677,275,402,19,7,12,2,1,1,46,15,31,15,6,9,520,108,412,277,71,206,3022,692,2330,76,29,47,3819,871,2948,36.683527,-79.863647
Virginia,NOT SPECIFIED,State Police: Martinsville,VA115SP00,0,0,0,6,2,4,0,0,0,0,0,0,1,0,1,4,2,2,1,0,1,1,0,1,3,0,3,1,0,1,5,0,5,36.683527,-79.863647
Virginia,NEWPORT NEWS CITY,Newport News Police Department,VA1160000,8786,3120,5666,12192,4146,8046,394,101,293,5,2,3,499,209,290,332,116,216,5818,852,4966,4093,582,3511,35266,5799,29467,1054,404,650,45177,7233,37944,37.02934,-76.45062
Virginia,NOT SPECIFIED,Virginia Marine Resources Commission Law Enforcement Division,VA1160300,0,0,0,0,0,0,0,0,0,0,0,0,0,0,0,0,0,0,0,0,0,1,0,1,9,0,9,0,0,0,10,0,10,,
Virginia,NOT SPECIFIED,Christopher Newport University,VA1160400,12,5,7,33,13,20,6,2,4,0,0,0,14,5,9,0,0,0,19,6,13,17,2,15,610,28,582,21,8,13,646,36,610,37.075978,-76.521719
Virginia,NOT SPECIFIED,State Police: Newport News,VA116SP00,66,19,47,73,21,52,2,1,1,0,0,0,0,0,0,1,0,1,0,0,0,44,5,39,17,4,13,0,0,0,61,9,52,37.075978,-76.521719
Virginia,NORFOLK CITY,Norfolk Police Department,VA1170000,9505,1818,7687,14904,3043,11861,138,37,101,23,9,14,742,218,524,536,177,359,7332,812,6520,7625,622,7003,62444,5206,57238,1450,429,1021,77401,6640,70761,36.923015,-76.244641
Virginia,NOT SPECIFIED,Norfolk State University,VA1170400,16,6,10,71,20,51,6,0,6,0,0,0,29,11,18,0,0,0,65,7,58,20,1,19,458,19,439,37,12,25,543,27,516,36.8498,-76.26747
Virginia,NOT SPECIFIED,Eastern Virginia Medical School,VA1170800,7,1,6,12,3,9,0,0,0,0,0,0,0,0,0,0,0,0,1,0,1,4,0,4,243,9,234,2,1,1,248,9,239,36.86053,-76.30004
Virginia,NOT SPECIFIED,State Police: Norfolk,VA117SP00,121,25,96,126,27,99,1,0,1,0,0,0,0,0,0,4,1,3,0,0,0,45,5,40,16,2,14,1,1,0,61,7,54,36.923015,-76.244641
Virginia,NORTON CITY,Norton Police Department,VA1180000,84,37,47,139,53,86,13,4,9,0,0,0,10,3,7,6,3,3,74,17,57,80,25,55,2142,814,1328,35,8,27,2296,856,1440,36.931549,-82.625996
Virginia,NOT SPECIFIED,State Police: Norton,VA118SP00,11,4,7,13,5,8,2,0,2,0,0,0,0,0,0,0,0,0,0,0,0,0,0,0,0,0,0,2,1,1,0,0,0,36.931549,-82.625996
Virginia,PETERSBURG CITY,Petersburg Police Department,VA1190000,2019,687,1332,2946,976,1970,55,23,32,0,0,0,70,15,55,234,87,147,1386,183,1203,958,146,812,6540,935,5605,144,41,103,8884,1264,7620,37.20473,-77.392368
Virginia,NOT SPECIFIED,Virginia State University,VA1190200,29,7,22,71,15,56,1,0,1,0,0,0,16,1,15,0,0,0,46,1,45,10,1,9,320,10,310,21,3,18,376,12,364,37.20473,-77.392368
Virginia,NOT SPECIFIED,State Police: Petersburg,VA119SP00,40,6,34,46,7,39,2,0,2,2,0,2,0,0,0,4,1,3,0,0,0,7,2,5,15,4,11,1,0,1,22,6,16,37.20473,-77.392368
Virginia,PORTSMOUTH CITY,Portsmouth Police Department,VA1200000,5324,1346,3978,8168,1954,6214,78,9,69,0,0,0,219,61,158,308,99,209,7247,596,6651,3635,344,3291,31426,2300,29126,461,127,334,42308,3240,39068,36.85943,-76.356269
Virginia,NOT SPECIFIED,State Police: Portsmouth,VA120SP00,46,9,37,56,12,44,3,0,3,0,0,0,0,0,0,8,2,6,0,0,0,35,2,33,7,0,7,0,0,0,42,2,40,36.77123,-76.259834
Virginia,RADFORD CITY,Radford Police Department,VA1210000,496,197,299,711,253,458,16,2,14,0,0,0,76,14,62,5,2,3,378,70,308,99,24,75,1649,250,1399,157,35,122,2126,344,1782,37.131813,-80.57882
Virginia,NOT SPECIFIED,State Police: Radford,VA121SP00,2,1,1,2,1,1,0,0,0,0,0,0,0,0,0,0,0,0,0,0,0,0,0,0,2,1,1,0,0,0,2,1,1,37.131813,-80.57882
Virginia,RICHMOND CITY,Richmond Police Department,VA1220000,6492,2031,4461,11683,3242,8441,452,91,361,0,0,0,216,67,149,725,236,489,9590,911,8679,7419,534,6885,51598,4123,47475,625,211,414,68607,5568,63039,37.545868,-77.44456
Virginia,NOT SPECIFIED,Virginia State Capitol,VA1220300,16,6,10,16,6,10,0,0,0,0,0,0,0,0,0,0,0,0,10,2,8,2,1,1,213,44,169,0,0,0,225,47,178,37.53912,-77.43547
Virginia,NOT SPECIFIED,Richmond International Airport,VA1220400,2,0,2,2,0,2,0,0,0,0,0,0,0,0,0,0,0,0,0,0,0,175,7,168,199,16,183,0,0,0,374,23,351,37.50814,-77.33682
Virginia,NOT SPECIFIED,Department of Game and Inland Fisheries Enforcement Division,VA1220500,44,20,24,44,20,24,0,0,0,0,0,0,0,0,0,0,0,0,4,2,2,13,5,8,297,93,204,0,0,0,314,100,214,37.531399,-77.476009
Virginia,NOT SPECIFIED,Department of Conservation and Recreation,VA1221000,2,0,2,5,1,4,3,0,3,0,0,0,3,1,2,0,0,0,10,1,9,0,0,0,346,9,337,3,1,2,356,10,346,37.537823,-77.43201
Virginia,NOT SPECIFIED,State Police: Richmond,VA122SP00,135,29,106,150,31,119,0,0,0,2,0,2,3,1,2,6,0,6,2,0,2,77,11,66,45,6,39,6,2,4,124,17,107,37.542297,-77.38501
Virginia,ROANOKE CITY,Roanoke Police Department,VA1230000,3777,1575,2202,5746,2241,3505,279,75,204,0,0,0,393,122,271,190,76,114,4372,589,3783,3003,525,2478,33118,6256,26862,688,230,458,40493,7370,33123,37.278458,-79.958174
Virginia,NOT SPECIFIED,Virginia Western Community College,VA1230200,0,0,0,0,0,0,0,0,0,0,0,0,0,0,0,0,0,0,0,0,0,0,0,0,20,3,17,0,0,0,20,3,17,37.278458,-79.958174
Virginia,NOT SPECIFIED,State Police: Roanoke,VA123SP00,20,5,15,27,7,20,4,0,4,3,0,3,0,0,0,3,1,2,3,1,2,19,6,13,46,10,36,3,1,2,68,17,51,37.278458,-79.958174
Virginia,HALIFAX,South Boston Police Department,VA1240000,271,99,172,392,131,261,10,2,8,0,0,0,16,4,12,18,8,10,372,29,343,80,16,64,2317,570,1747,36,11,25,2769,615,2154,36.71594,-78.91158
Virginia,NOT SPECIFIED,State Police: South Boston,VA124SP00,0,0,0,0,0,0,0,0,0,0,0,0,0,0,0,0,0,0,0,0,0,0,0,0,0,0,0,0,0,0,0,0,0,36.766461,-78.939614
Virginia,STAUNTON CITY,Staunton Police Department,VA1260000,366,149,217,545,191,354,52,6,46,0,0,0,66,11,55,12,6,6,485,119,366,213,47,166,4866,1200,3666,93,14,79,5564,1366,4198,38.158056,-79.061501
Virginia,NOT SPECIFIED,State Police: Staunton,VA126SP00,25,9,16,40,13,27,1,0,1,2,1,1,8,2,6,0,0,0,0,0,0,0,0,0,10,2,8,15,4,11,10,2,8,38.158056,-79.061501
Virginia,SUFFOLK CITY,Suffolk Police Department,VA1270000,2589,771,1818,3657,1080,2577,117,27,90,1,0,1,189,63,126,66,26,40,2228,385,1843,1250,177,1073,16294,2669,13625,341,116,225,19772,3231,16541,36.697157,-76.634781
Virginia,NOT SPECIFIED,State Police: Suffolk,VA127SP00,7,2,5,7,2,5,3,0,3,0,0,0,0,0,0,0,0,0,0,0,0,18,3,15,7,1,6,0,0,0,25,4,21,36.77123,-76.259834
Virginia,VIRGINIA BEACH CITY,Virginia Beach Police Department,VA1280000,3631,1576,2055,7416,2907,4509,498,110,388,0,0,0,487,162,325,288,136,152,6134,1208,4926,5624,849,4775,68146,11896,56250,1135,416,719,79904,13953,65951,36.7545,-76.05844
Virginia,NOT SPECIFIED,State Police: Virginia Beach,VA128SP00,75,28,47,78,29,49,0,0,0,0,0,0,0,0,0,1,0,1,1,0,1,53,4,49,19,4,15,2,1,1,73,8,65,36.779322,-76.02402
Virginia,WAYNESBORO CITY,Waynesboro Police Department,VA1290000,397,167,230,674,278,396,36,9,27,0,0,0,100,40,60,10,4,6,375,61,314,338,81,257,4090,804,3286,170,71,99,4803,946,3857,38.067157,-78.90142
Virginia,NOT SPECIFIED,State Police: Waynesboro,VA129SP00,12,6,6,17,8,9,0,0,0,0,0,0,2,1,1,0,0,0,0,0,0,2,1,1,8,1,7,4,2,2,10,2,8,38.067157,-78.90142
Virginia,WILLIAMSBURG CITY,Williamsburg Police Department,VA1300000,219,100,119,371,163,208,11,4,7,0,0,0,25,8,17,12,6,6,117,42,75,86,22,64,1895,412,1483,64,26,38,2098,476,1622,37.275173,-76.70898
Virginia,NOT SPECIFIED,College of William and Mary,VA1300100,5,2,3,14,4,10,0,0,0,0,0,0,0,0,0,0,0,0,51,7,44,4,1,3,772,51,721,4,0,4,827,59,768,37.269524,-76.708165
Virginia,NOT SPECIFIED,Radford University,VA1300200,15,6,9,80,21,59,19,0,19,0,0,0,35,10,25,0,0,0,28,2,26,12,0,12,424,12,412,57,14,43,464,14,450,37.120036,-80.557048
Virginia,NOT SPECIFIED,Virginia Commonwealth University,VA1300300,157,59,98,242,78,164,18,5,13,0,0,0,18,0,18,0,0,0,104,10,94,67,12,55,3673,362,3311,42,4,38,3844,384,3460,37.549675,-77.45314
Virginia,NOT SPECIFIED,University of Richmond,VA1300400,3,1,2,50,17,33,6,0,6,0,0,0,17,4,13,0,0,0,89,7,82,16,0,16,581,26,555,45,15,30,686,33,653,37.269524,-76.708165
Virginia,NOT SPECIFIED,Port Authority Norfolk,VA1300500,1,0,1,1,0,1,0,0,0,0,0,0,0,0,0,0,0,0,0,0,0,1,0,1,21,0,21,0,0,0,22,0,22,36.916115,-76.30871
Virginia,NOT SPECIFIED,Old Dominion University,VA1300700,182,44,138,320,86,234,4,1,3,0,0,0,52,22,30,0,0,0,113,11,102,78,7,71,1799,78,1721,73,26,47,1990,96,1894,36.88793,-76.30282
Virginia,NOT SPECIFIED,Norfolk Airport Authority,VA1300900,1,0,1,1,0,1,0,0,0,0,0,0,0,0,0,0,0,0,0,0,0,73,0,73,409,9,400,0,0,0,482,9,473,36.923015,-76.244641
Virginia,NOT SPECIFIED,State Police: Williamsburg,VA130SP00,0,0,0,1,0,1,0,0,0,0,0,0,0,0,0,0,0,0,0,0,0,0,0,0,4,0,4,0,0,0,4,0,4,37.269524,-76.708165
Virginia,WINCHESTER CITY,Winchester Police Department,VA1310000,410,148,262,849,224,625,31,7,24,1,0,1,61,11,50,11,5,6,805,118,687,249,36,213,6225,1210,5015,280,42,238,7279,1364,5915,39.185524,-78.16138
Virginia,NOT SPECIFIED,State Police: Winchester,VA131SP00,4,1,3,6,1,5,1,0,1,8,4,4,0,0,0,1,0,1,0,0,0,7,2,5,15,5,10,0,0,0,22,7,15,39.173869,-78.176356
Virginia,NOT SPECIFIED,Department of Motor Vehicles,VADMVRH00,0,0,0,0,0,0,2,0,2,0,0,0,0,0,0,0,0,0,0,0,0,460,56,404,88,15,73,0,0,0,548,71,477,37.531399,-77.476009
Virginia,ARLINGTON,Reagan National Airport,VAMWA0000,35,13,22,41,14,27,0,0,0,0,0,0,0,0,0,0,0,0,9,2,7,488,68,420,2627,185,2442,0,0,0,3124,255,2869,38.878337,-77.100703
Virginia,UNMAPPED COUNTY,State Police,VAVSP0000,0,0,0,0,0,0,0,0,0,0,0,0,0,0,0,0,0,0,0,0,0,0,0,0,0,0,0,0,0,0,0,0,0,37.531399,-77.476009
