State,County,Agency,Ori,total aggravated-assault crimes (2015-2023),total aggravated-assault cleared crimes (2015-2023),total aggravated-assault actual crimes (2015-2023),total violent-crime crimes (2015-2023),total violent-crime cleared crimes (2015-2023),total violent-crime actual crimes (2015-2023),total arson crimes (2015-2023),total arson cleared crimes (2015-2023),total arson actual crimes (2015-2023),total human-trafficing crimes (2015-2023),total human-trafficing cleared crimes (2015-2023),total human-trafficing actual crimes (2015-2023),total rape-legacy crimes (2015-2023),total rape-legacy cleared crimes (2015-2023),total rape-legacy actual crimes (2015-2023),total homicide crimes (2015-2023),total homicide cleared crimes (2015-2023),total homicide actual crimes (2015-2023),total burglary crimes (2015-2023),total burglary cleared crimes (2015-2023),total burglary actual crimes (2015-2023),total motor-vehicle-theft crimes (2015-2023),total motor-vehicle-theft cleared crimes (2015-2023),total motor-vehicle-theft actual crimes (2015-2023),total larceny crimes (2015-2023),total larceny cleared crimes (2015-2023),total larceny actual crimes (2015-2023),total rape crimes (2015-2023),total rape cleared crimes (2015-2023),total rape actual crimes (2015-2023),total property-crime crimes (2015-2023),total property-crime cleared crimes (2015-2023),total property-crime actual crimes (2015-2023),Latitude,Longitude
Arkansas,ARKANSAS,Arkansas County Sheriff's Office,AR0010000,146,35,111,165,37,128,10,0,10,0,0,0,5,0,5,1,0,1,196,6,190,114,7,107,481,9,472,14,2,12,791,22,769,34.500004,-91.55133
Arkansas,ARKANSAS,De Witt Police Department,AR0010100,227,59,168,276,65,211,18,2,16,0,0,0,14,1,13,3,0,3,271,22,249,29,3,26,593,36,557,40,6,34,893,61,832,34.29578,-91.33483
Arkansas,ARKANSAS,Stuttgart Police Department,AR0010200,810,208,602,968,232,736,21,0,21,0,0,0,28,4,24,16,2,14,737,36,701,163,10,153,2102,203,1899,76,8,68,3002,249,2753,34.498188,-91.55266
Arkansas,ARKANSAS,Gillett Police Department,AR0010300,0,0,0,2,0,2,0,0,0,0,0,0,0,0,0,0,0,0,4,0,4,0,0,0,14,2,12,2,0,2,18,2,16,34.289573,-91.376547
Arkansas,ARKANSAS,St. Charles Police Department,AR0010500,8,3,5,9,3,6,0,0,0,0,0,0,1,0,1,0,0,0,9,2,7,0,0,0,13,1,12,1,0,1,22,3,19,34.289573,-91.376547
Arkansas,ASHLEY,Ashley County Sheriff's Office,AR0020000,173,55,118,218,63,155,21,2,19,0,0,0,13,2,11,11,5,6,409,25,384,130,12,118,894,36,858,26,3,23,1433,73,1360,33.22701,-91.79664
Arkansas,ASHLEY,Crossett Police Department,AR0020100,265,83,182,343,102,241,14,1,13,0,0,0,15,5,10,9,3,6,630,51,579,52,6,46,1256,246,1010,32,8,24,1938,303,1635,33.190835,-91.772267
Arkansas,ASHLEY,Hamburg Police Department,AR0020200,138,45,93,155,49,106,1,0,1,0,0,0,6,2,4,2,1,1,109,6,103,2,0,2,153,17,136,11,3,8,264,23,241,33.190835,-91.772267
Arkansas,BAXTER,Baxter County Sheriff's Office,AR0030000,499,138,361,648,156,492,33,4,29,0,0,0,17,0,17,19,8,11,695,66,629,416,39,377,3660,156,3504,121,7,114,4771,261,4510,36.28071,-92.330438
Arkansas,BAXTER,Mountain Home Police Department,AR0030100,192,85,107,415,172,243,4,2,2,0,0,0,76,33,43,16,7,9,457,94,363,197,57,140,4329,1108,3221,200,77,123,4983,1259,3724,36.333,-92.38602
Arkansas,BAXTER,Cotter Police Department,AR0030200,19,7,12,24,8,16,1,0,1,0,0,0,4,1,3,0,0,0,42,3,39,9,1,8,108,8,100,4,1,3,159,12,147,36.28071,-92.330438
Arkansas,BAXTER,Gassville Police Department,AR0030300,41,12,29,53,14,39,3,1,2,0,0,0,5,1,4,3,1,2,80,7,73,17,1,16,504,91,413,8,1,7,601,99,502,36.28071,-92.330438
Arkansas,BAXTER,Lakeview Police Department,AR0030400,11,4,7,17,6,11,0,0,0,0,0,0,1,0,1,1,0,1,25,3,22,6,1,5,79,14,65,5,2,3,110,18,92,36.28071,-92.330438
Arkansas,BAXTER,Norfork Police Department,AR0030500,0,0,0,0,0,0,0,0,0,0,0,0,0,0,0,0,0,0,2,0,2,4,1,3,15,2,13,0,0,0,21,3,18,36.28071,-92.330438
Arkansas,BENTON,Benton County Sheriff's Office,AR0040000,1428,623,805,1896,792,1104,27,8,19,1,0,1,265,99,166,42,18,24,1817,150,1667,462,70,392,2279,411,1868,396,139,257,4558,631,3927,36.337825,-94.256187
Arkansas,BENTON,Bentonville Police Department,AR0040100,1421,641,780,1834,797,1037,15,5,10,0,0,0,193,75,118,8,3,5,907,176,731,410,101,309,6258,1234,5024,330,127,203,7575,1511,6064,36.38833,-94.21991
Arkansas,BENTON,Rogers Police Department,AR0040200,2726,1148,1578,4005,1595,2410,53,13,40,0,0,0,714,261,453,13,5,8,1802,357,1445,1097,226,871,17334,4400,12934,1057,372,685,20233,4983,15250,36.337825,-94.256187
Arkansas,BENTON,Siloam Springs Police Department,AR0040300,782,356,426,1083,477,606,18,2,16,0,0,0,154,65,89,13,7,6,970,195,775,403,80,323,3878,1127,2751,223,88,135,5251,1402,3849,36.18789,-94.54058
Arkansas,BENTON,Pea Ridge Police Department,AR0040400,218,95,123,302,125,177,9,4,5,0,0,0,32,11,21,0,0,0,151,29,122,31,8,23,694,148,546,82,29,53,876,185,691,36.337825,-94.256187
Arkansas,BENTON,Gentry Police Department,AR0040500,133,59,74,180,68,112,1,0,1,0,0,0,9,1,8,2,1,1,31,4,27,31,4,27,179,27,152,45,8,37,241,35,206,36.267563,-94.483574
Arkansas,BENTON,Lowell Police Department,AR0040600,240,102,138,308,126,182,0,0,0,0,0,0,29,11,18,0,0,0,442,75,367,83,20,63,665,89,576,57,20,37,1190,184,1006,36.2561,-94.13233
Arkansas,BENTON,Gravette Police Department,AR0040700,141,62,79,180,65,115,3,1,2,0,0,0,10,1,9,0,0,0,79,7,72,36,3,33,433,74,359,38,3,35,548,84,464,36.42675,-94.45365
Arkansas,BENTON,Decatur Police Department,AR0040800,97,41,56,149,49,100,2,1,1,0,0,0,16,4,12,0,0,0,95,17,78,23,1,22,280,43,237,51,8,43,398,61,337,36.337825,-94.256187
Arkansas,BENTON,Cave Springs Police Department,AR0040900,33,13,20,61,22,39,0,0,0,0,0,0,17,5,12,0,0,0,61,9,52,11,4,7,171,15,156,28,9,19,243,28,215,36.337825,-94.256187
Arkansas,BENTON,Sulphur Springs Police Department,AR0041100,26,11,15,30,11,19,0,0,0,0,0,0,0,0,0,0,0,0,25,7,18,3,1,2,31,2,29,4,0,4,59,10,49,36.337825,-94.256187
Arkansas,BENTON,Centerton Police Department,AR0041300,324,136,188,495,172,323,2,1,1,0,0,0,38,4,34,4,2,2,221,35,186,54,9,45,704,100,604,162,33,129,979,144,835,36.337825,-94.256187
Arkansas,BENTON,Little Flock Police Department,AR0041600,85,35,50,108,35,73,0,0,0,0,0,0,7,0,7,1,0,1,69,5,64,26,1,25,181,14,167,21,0,21,276,20,256,36.37721,-94.13746
Arkansas,BENTON,Northwest Arkansas Regional Airport,AR0041700,7,3,4,11,4,7,0,0,0,0,0,0,0,0,0,0,0,0,7,3,4,40,1,39,107,6,101,4,1,3,154,10,144,,
Arkansas,BENTON,Highfill Police Department,AR0042000,31,14,17,36,15,21,0,0,0,0,0,0,3,0,3,0,0,0,9,2,7,5,0,5,4,0,4,5,1,4,18,2,16,36.25874,-94.350586
Arkansas,BENTON,Bella Vista Police Department,AR0042100,569,247,322,822,320,502,6,1,5,0,0,0,66,17,49,4,2,2,276,36,240,65,14,51,1328,169,1159,236,66,170,1669,219,1450,36.337825,-94.256187
Arkansas,BOONE,Boone County Sheriff's Office,AR0050000,1821,764,1057,2249,846,1403,24,3,21,0,0,0,129,32,97,26,11,15,667,97,570,271,33,238,1340,106,1234,388,67,321,2278,236,2042,36.304308,-93.079204
Arkansas,BOONE,Harrison Police Department,AR0050100,523,202,321,705,253,452,27,4,23,0,0,0,74,20,54,7,3,4,742,91,651,246,26,220,3292,758,2534,134,38,96,4280,875,3405,36.304308,-93.079204
Arkansas,BOONE,Diamond City Police Department,AR0050200,14,4,10,14,4,10,0,0,0,0,0,0,0,0,0,0,0,0,22,2,20,1,0,1,19,1,18,0,0,0,42,3,39,36.304308,-93.079204
Arkansas,BOONE,Lead Hill,AR0050500,5,2,3,6,2,4,0,0,0,0,0,0,0,0,0,0,0,0,7,0,7,2,0,2,7,0,7,0,0,0,16,0,16,,
Arkansas,BRADLEY,Bradley County Sheriff's Office,AR0060000,79,27,52,94,27,67,4,1,3,0,0,0,6,0,6,1,0,1,177,20,157,35,1,34,107,4,103,14,0,14,319,25,294,33.614407,-92.06419
Arkansas,BRADLEY,Warren Police Department,AR0060100,227,73,154,311,92,219,8,2,6,0,0,0,19,2,17,11,5,6,459,25,434,76,10,66,549,47,502,44,8,36,1084,82,1002,33.615875,-92.06316
Arkansas,CALHOUN,Calhoun County Sheriff's Office,AR0070000,97,39,58,125,48,77,9,2,7,0,0,0,14,5,9,1,0,1,181,46,135,63,17,46,283,29,254,23,7,16,527,92,435,33.56046,-92.513879
Arkansas,CALHOUN,Hampton Police Department,AR0070100,60,24,36,69,26,43,0,0,0,0,0,0,2,1,1,2,1,1,56,7,49,6,0,6,86,16,70,4,1,3,148,23,125,33.56046,-92.513879
Arkansas,CARROLL,Carroll County Sheriff's Office,AR0080000,481,184,297,531,193,338,18,2,16,0,0,0,13,0,13,20,6,14,309,25,284,282,34,248,752,28,724,26,1,25,1343,87,1256,36.35576,-93.548454
Arkansas,CARROLL,Berryville Police Department,AR0080100,116,51,65,212,71,141,15,2,13,0,0,0,25,2,23,3,1,2,433,47,386,86,17,69,1377,309,1068,75,13,62,1896,373,1523,36.36506,-93.56514
Arkansas,CARROLL,Eureka Springs Police Department,AR0080200,127,43,84,162,47,115,4,1,3,0,0,0,12,1,11,0,0,0,219,10,209,55,1,54,497,21,476,22,1,21,771,32,739,36.337774,-93.541663
Arkansas,CARROLL,Green Forest Police Department,AR0080300,176,65,111,255,79,176,5,2,3,0,0,0,33,4,29,3,1,2,97,6,91,38,2,36,312,30,282,66,11,55,447,38,409,36.337774,-93.541663
Arkansas,CHICOT,Chicot County Sheriff's Office,AR0090000,38,2,36,49,3,46,4,1,3,0,0,0,3,0,3,2,1,1,177,4,173,2,0,2,434,6,428,9,0,9,613,10,603,33.331024,-91.28178
Arkansas,CHICOT,Dermott Police Department,AR0090100,20,1,19,22,1,21,0,0,0,0,0,0,1,0,1,0,0,0,96,2,94,2,0,2,8,1,7,2,0,2,106,3,103,33.267139,-91.297158
Arkansas,CHICOT,Eudora Police Department,AR0090200,82,17,65,99,18,81,9,1,8,0,0,0,1,0,1,2,0,2,129,9,120,25,3,22,235,15,220,6,0,6,389,27,362,33.108925,-91.26192
Arkansas,CHICOT,Lake Village Police Department,AR0090300,92,26,66,150,42,108,8,0,8,0,0,0,8,2,6,7,2,5,175,26,149,14,0,14,505,52,453,19,5,14,694,78,616,33.267139,-91.297158
Arkansas,CLARK,Clark County Sheriff's Office,AR0100000,226,85,141,246,86,160,6,0,6,0,0,0,8,1,7,0,0,0,169,8,161,71,6,65,353,14,339,18,1,17,593,28,565,34.11872,-93.05244
Arkansas,CLARK,Arkadelphia Police Department,AR0100100,390,129,261,483,138,345,7,0,7,0,0,0,16,0,16,2,0,2,407,20,387,57,8,49,2098,338,1760,44,1,43,2562,366,2196,34.12099,-93.053696
Arkansas,CLARK,Gurdon Police Department,AR0100200,164,29,135,190,30,160,4,0,4,0,0,0,9,1,8,1,0,1,103,3,100,20,0,20,163,1,162,22,1,21,286,4,282,34.053316,-93.176208
Arkansas,CLARK,Caddo Valley Police Department,AR0100300,39,18,21,53,21,32,2,0,2,0,0,0,6,1,5,1,0,1,48,1,47,17,1,16,220,20,200,11,2,9,285,22,263,34.18449,-93.06645
Arkansas,CLARK,Henderson State University,AR0100400,4,1,3,15,1,14,2,0,2,0,0,0,6,0,6,0,0,0,35,3,32,6,0,6,187,4,183,7,0,7,228,7,221,34.053316,-93.176208
Arkansas,CLARK,Amity Police Department,AR0100500,20,10,10,22,11,11,0,0,0,0,0,0,0,0,0,0,0,0,9,4,5,11,1,10,19,2,17,0,0,0,39,7,32,34.053316,-93.176208
Arkansas,CLAY,Clay County Sheriff's Office,AR0110000,89,37,52,109,39,70,3,0,3,0,0,0,7,1,6,1,0,1,152,29,123,49,4,45,294,28,266,19,2,17,495,61,434,36.367302,-90.418704
Arkansas,CLAY,Corning Police Department,AR0110100,124,51,73,137,56,81,3,0,3,0,0,0,5,2,3,2,1,1,84,18,66,32,3,29,270,73,197,11,4,7,386,94,292,36.367302,-90.418704
Arkansas,CLAY,Piggott Police Department,AR0110200,65,24,41,92,26,66,6,1,5,0,0,0,8,1,7,0,0,0,141,12,129,14,1,13,335,29,306,25,2,23,490,42,448,36.381676,-90.19208
Arkansas,CLEBURNE,Cleburne County Sheriff's Office,AR0120000,1048,211,837,1240,231,1009,58,5,53,0,0,0,50,2,48,11,4,7,810,49,761,232,10,222,1556,47,1509,165,12,153,2598,106,2492,35.48342,-92.03951
Arkansas,CLEBURNE,Heber Springs Police Department,AR0120100,198,62,136,288,71,217,6,0,6,0,0,0,30,3,27,3,0,3,413,29,384,126,13,113,1646,266,1380,77,7,70,2185,308,1877,35.566288,-92.059974
Arkansas,"CLEBURNE, FAULKNER",Quitman Police Department,AR0120200,19,6,13,23,6,17,1,0,1,0,0,0,2,0,2,0,0,0,18,0,18,14,1,13,240,35,205,4,0,4,272,36,236,35.566288,-92.059974
Arkansas,CLEBURNE,Greers Ferry Police Department,AR0120300,5,2,3,5,2,3,0,0,0,0,0,0,0,0,0,0,0,0,15,2,13,8,0,8,55,5,50,0,0,0,78,7,71,35.566288,-92.059974
Arkansas,CLEVELAND,Cleveland County Sheriff's Office,AR0130000,163,38,125,192,41,151,10,0,10,0,0,0,11,0,11,4,1,3,388,11,377,73,0,73,409,6,403,20,1,19,870,17,853,33.893201,-92.188714
Arkansas,COLUMBIA,Columbia County Sheriff's Office,AR0140000,313,108,205,346,117,229,14,4,10,0,0,0,3,1,2,12,4,8,185,20,165,74,10,64,403,42,361,9,1,8,662,72,590,33.223038,-93.232843
Arkansas,COLUMBIA,Magnolia Police Department,AR0140100,397,130,267,523,155,368,22,1,21,0,0,0,20,1,19,15,6,9,1797,168,1629,108,11,97,2132,549,1583,29,3,26,4037,728,3309,33.223038,-93.232843
Arkansas,COLUMBIA,Southern Arkansas University,AR0140500,0,0,0,18,4,14,0,0,0,0,0,0,8,2,6,4,2,2,24,5,19,7,2,5,113,0,113,11,2,9,144,7,137,33.288986,-93.23718
Arkansas,CONWAY,Conway County Sheriff's Office,AR0150000,455,137,318,556,147,409,55,6,49,0,0,0,38,3,35,6,2,4,409,29,380,254,25,229,1522,60,1462,82,5,77,2185,114,2071,35.1585,-92.768936
Arkansas,CONWAY,Morrilton Police Department,AR0150100,166,64,102,279,94,185,24,6,18,0,0,0,39,11,28,4,2,2,274,65,209,104,18,86,2744,484,2260,88,20,68,3122,567,2555,35.265702,-92.689248
Arkansas,CONWAY,Plumerville Police Department,AR0150300,14,3,11,22,4,18,2,1,1,0,0,0,4,0,4,0,0,0,15,0,15,3,0,3,90,10,80,8,1,7,108,10,98,35.265702,-92.689248
Arkansas,CONWAY,Menifee Police Department,AR0150400,8,1,7,13,1,12,0,0,0,0,0,0,1,0,1,0,0,0,7,0,7,5,0,5,15,1,14,5,0,5,27,1,26,35.265702,-92.689248
Arkansas,CONWAY,University of Arkansas Community College at Morrilton,AR0150500,0,0,0,0,0,0,1,0,1,0,0,0,0,0,0,0,0,0,2,0,2,0,0,0,21,2,19,0,0,0,23,2,21,,
Arkansas,CRAIGHEAD,Craighead County Sheriff's Office,AR0160000,497,202,295,671,241,430,45,6,39,0,0,0,37,4,33,22,11,11,976,112,864,330,41,289,1496,116,1380,131,22,109,2802,269,2533,35.828268,-90.630411
Arkansas,CRAIGHEAD,Jonesboro Police Department,AR0160100,4693,1838,2855,6177,2274,3903,108,25,83,0,0,0,359,98,261,137,65,72,9356,885,8471,1507,211,1296,17114,3303,13811,711,192,519,27977,4399,23578,35.838394,-90.70817
Arkansas,CRAIGHEAD,Caraway Police Department,AR0160200,26,13,13,27,13,14,5,1,4,0,0,0,1,0,1,0,0,0,30,5,25,2,0,2,87,11,76,1,0,1,119,16,103,35.828268,-90.630411
Arkansas,CRAIGHEAD,Lake City Police Department,AR0160300,31,12,19,51,14,37,4,1,3,0,0,0,5,1,4,1,0,1,58,8,50,19,2,17,117,21,96,16,1,15,194,31,163,35.828268,-90.630411
Arkansas,CRAIGHEAD,Bay Police Department,AR0160400,43,18,25,55,21,34,0,0,0,0,0,0,3,0,3,0,0,0,49,7,42,12,0,12,149,20,129,10,2,8,210,27,183,35.828268,-90.630411
Arkansas,CRAIGHEAD,Arkansas State University: Jonesboro,AR0160500,50,21,29,90,37,53,2,1,1,0,0,0,15,6,9,0,0,0,64,15,49,5,0,5,417,33,384,34,13,21,486,48,438,35.828268,-90.630411
Arkansas,CRAIGHEAD,Monette Police Department,AR0160600,17,6,11,22,7,15,0,0,0,0,0,0,0,0,0,0,0,0,50,3,47,11,1,10,180,48,132,4,1,3,241,52,189,35.828268,-90.630411
Arkansas,CRAIGHEAD,Bono Police Department,AR0160700,50,17,33,80,22,58,1,0,1,0,0,0,8,1,7,0,0,0,45,1,44,14,2,12,171,14,157,30,5,25,230,17,213,35.828268,-90.630411
Arkansas,CRAIGHEAD,Brookland Police Department,AR0161500,71,30,41,105,37,68,2,1,1,0,0,0,13,4,9,0,0,0,84,13,71,24,2,22,379,40,339,30,6,24,487,55,432,35.828268,-90.630411
Arkansas,CRAWFORD,Crawford County Sheriff's Office,AR0170000,625,229,396,697,242,455,9,2,7,0,0,0,26,4,22,6,3,3,460,33,427,355,28,327,1692,47,1645,63,10,53,2507,108,2399,35.583041,-94.236224
Arkansas,CRAWFORD,Van Buren Police Department,AR0170100,1185,455,730,1482,546,936,10,1,9,0,0,0,151,35,116,10,5,5,2094,330,1764,492,73,419,4771,823,3948,215,57,158,7357,1226,6131,35.438732,-94.348175
Arkansas,CRAWFORD,Alma Police Department,AR0170200,255,77,178,385,101,284,1,0,1,0,0,0,46,8,38,0,0,0,346,39,307,78,7,71,1692,200,1492,112,19,93,2116,246,1870,35.583041,-94.236224
Arkansas,CRAWFORD,Mulberry Police Department,AR0170300,71,24,47,111,32,79,1,0,1,0,0,0,12,1,11,0,0,0,103,10,93,29,5,24,334,18,316,37,8,29,466,33,433,35.583041,-94.236224
Arkansas,CRAWFORD,Dyer Police Department,AR0170500,33,15,18,37,15,22,1,0,1,0,0,0,0,0,0,0,0,0,15,0,15,2,1,1,67,11,56,3,0,3,84,12,72,35.583041,-94.236224
Arkansas,CRAWFORD,Mountainburg,AR0170600,9,2,7,18,5,13,1,0,1,0,0,0,4,1,3,0,0,0,20,2,18,14,1,13,85,15,70,9,3,6,119,18,101,,
Arkansas,CRAWFORD,Cedarville,AR0171200,16,5,11,26,7,19,0,0,0,0,0,0,4,0,4,1,0,1,12,1,11,9,2,7,42,1,41,8,2,6,63,4,59,,
Arkansas,CRITTENDEN,Crittenden County Sheriff's Office,AR0180000,1300,405,895,1636,501,1135,32,4,28,2,1,1,78,25,53,62,25,37,796,106,690,296,43,253,1539,164,1375,161,42,119,2631,313,2318,35.173553,-90.19129
Arkansas,CRITTENDEN,West Memphis Police Department,AR0180100,4868,1536,3332,6108,1912,4196,92,16,76,0,0,0,163,54,109,139,61,78,2746,329,2417,1110,105,1005,7931,1753,6178,420,143,277,11787,2187,9600,35.146515,-90.17703
Arkansas,CRITTENDEN,Earle Police Department,AR0180200,98,20,78,111,20,91,2,0,2,0,0,0,1,0,1,1,0,1,81,2,79,13,0,13,145,8,137,7,0,7,239,10,229,35.211878,-90.315331
Arkansas,CRITTENDEN,Turrell,AR0180300,4,2,2,4,2,2,0,0,0,0,0,0,0,0,0,0,0,0,3,1,2,0,0,0,8,2,6,0,0,0,11,3,8,,
Arkansas,CRITTENDEN,Marion Police Department,AR0180400,1007,235,772,1271,294,977,24,5,19,0,0,0,41,8,33,18,7,11,733,59,674,237,22,215,2686,189,2497,107,22,85,3656,270,3386,35.211878,-90.315331
Arkansas,CRITTENDEN,Jericho,AR0181000,1,0,1,1,0,1,0,0,0,0,0,0,0,0,0,0,0,0,5,0,5,0,0,0,9,3,6,0,0,0,14,3,11,,
Arkansas,CROSS,Cross County Sheriff's Office,AR0190000,134,13,121,160,14,146,10,0,10,0,0,0,11,1,10,0,0,0,179,3,176,57,2,55,470,13,457,21,1,20,706,18,688,35.223557,-90.786934
Arkansas,CROSS,Wynne Police Department,AR0190100,761,242,519,884,267,617,26,1,25,0,0,0,43,8,35,13,6,7,700,109,591,155,20,135,2156,301,1855,78,13,65,3011,430,2581,35.223675,-90.78702
Arkansas,CROSS,Cherry Valley,AR0190300,16,7,9,16,7,9,1,0,1,0,0,0,0,0,0,0,0,0,10,1,9,4,2,2,44,12,32,0,0,0,58,15,43,,
Arkansas,DALLAS,Dallas County Sheriff's Office,AR0200000,16,7,9,17,7,10,1,0,1,0,0,0,0,0,0,0,0,0,52,11,41,13,0,13,71,4,67,1,0,1,136,15,121,33.967823,-92.653999
Arkansas,DALLAS,Fordyce Police Department,AR0200100,476,146,330,567,162,405,9,1,8,0,0,0,19,4,15,2,1,1,420,82,338,80,13,67,1118,135,983,39,5,34,1618,230,1388,33.967823,-92.653999
Arkansas,DESHA,Desha County Sheriff's Office,AR0210000,4,1,3,6,2,4,0,0,0,0,0,0,0,0,0,2,1,1,1,0,1,0,0,0,1,0,1,0,0,0,2,0,2,33.828748,-91.244427
Arkansas,DESHA,McGehee Police Department,AR0210100,278,97,181,344,111,233,5,1,4,0,0,0,11,0,11,4,2,2,283,26,257,46,5,41,578,70,508,49,10,39,907,101,806,33.828748,-91.244427
Arkansas,DESHA,Dumas Police Department,AR0210300,173,49,124,239,68,171,2,0,2,0,0,0,8,1,7,16,7,9,179,21,158,28,2,26,360,40,320,19,4,15,567,63,504,33.828748,-91.244427
Arkansas,DREW,Drew County Sheriff's Office,AR0220000,219,78,141,271,82,189,14,1,13,0,0,0,14,0,14,4,0,4,271,29,242,108,11,97,485,24,461,40,2,38,864,64,800,33.626446,-91.79111
Arkansas,DREW,Monticello Police Department,AR0220100,312,96,216,464,118,346,20,1,19,0,0,0,28,3,25,20,7,13,494,54,440,147,16,131,1978,378,1600,82,10,72,2619,448,2171,33.587242,-91.722778
Arkansas,DREW,University of Arkansas: Monticello,AR0220300,2,1,1,10,1,9,0,0,0,0,0,0,5,0,5,0,0,0,5,1,4,0,0,0,116,1,115,8,0,8,121,2,119,33.587242,-91.722778
Arkansas,FAULKNER,Faulkner County Sheriff's Office,AR0230000,1086,304,782,1344,334,1010,73,2,71,0,0,0,86,9,77,15,3,12,1766,57,1709,1004,37,967,4353,68,4285,207,23,184,7123,162,6961,35.088737,-92.442505
Arkansas,FAULKNER,Conway Police Department,AR0230100,3159,1226,1933,4350,1590,2760,57,15,42,1,0,1,385,117,268,48,21,27,2244,275,1969,1298,162,1136,18172,3041,15131,571,184,387,21714,3478,18236,35.08855,-92.43863
Arkansas,FAULKNER,Greenbrier Police Department,AR0230200,19,9,10,33,11,22,4,2,2,0,0,0,6,1,5,0,0,0,5,1,4,33,5,28,117,25,92,14,2,12,155,31,124,35.146356,-92.324654
Arkansas,FAULKNER,Mayflower Police Department,AR0230300,107,31,76,133,33,100,0,0,0,0,0,0,1,0,1,0,0,0,191,8,183,46,5,41,461,54,407,17,2,15,698,67,631,35.146356,-92.324654
Arkansas,FAULKNER,Vilonia Police Department,AR0230400,45,11,34,56,14,42,1,0,1,0,0,0,7,2,5,0,0,0,148,7,141,26,2,24,407,63,344,9,2,7,581,72,509,35.146356,-92.324654
Arkansas,FAULKNER,Guy Police Department,AR0230500,2,0,2,7,1,6,0,0,0,0,0,0,4,1,3,0,0,0,7,0,7,0,0,0,17,1,16,5,1,4,24,1,23,35.146356,-92.324654
Arkansas,FAULKNER,University of Central Arkansas,AR0230600,20,9,11,45,18,27,6,3,3,0,0,0,13,5,8,0,0,0,43,4,39,20,6,14,473,24,449,24,9,15,536,34,502,35.146356,-92.324654
Arkansas,FRANKLIN,Franklin County Sheriff's Office,AR0240000,581,236,345,673,257,416,21,5,16,0,0,0,23,6,17,17,8,9,503,65,438,143,17,126,713,62,651,70,12,58,1359,144,1215,35.508573,-93.887672
Arkansas,FRANKLIN,Ozark Police Department,AR0240100,270,126,144,335,145,190,17,7,10,0,0,0,15,3,12,12,6,6,334,67,267,59,13,46,518,101,417,47,11,36,911,181,730,35.508573,-93.887672
Arkansas,FRANKLIN,Charleston Police Department,AR0240200,74,24,50,100,29,71,0,0,0,0,0,0,9,1,8,2,1,1,69,8,61,10,0,10,222,22,200,24,4,20,301,30,271,35.508573,-93.887672
Arkansas,FRANKLIN,Altus Police Department,AR0240300,6,1,5,9,2,7,0,0,0,0,0,0,0,0,0,0,0,0,33,2,31,1,0,1,60,11,49,3,1,2,94,13,81,35.508573,-93.887672
Arkansas,FULTON,Fulton County Sheriff's Office,AR0250000,311,122,189,363,136,227,13,3,10,0,0,0,33,11,22,3,0,3,0,0,0,71,9,62,527,62,465,48,14,34,598,71,527,36.383447,-91.819245
Arkansas,FULTON,Salem Police Department,AR0250100,37,15,22,47,16,31,2,1,1,0,0,0,3,0,3,0,0,0,42,5,37,13,2,11,131,26,105,9,1,8,186,33,153,36.383447,-91.819245
Arkansas,FULTON,Mammoth Spring Police Department,AR0250200,7,4,3,8,4,4,0,0,0,0,0,0,1,0,1,0,0,0,8,3,5,3,0,3,15,2,13,1,0,1,26,5,21,36.383447,-91.819245
Arkansas,GARLAND,Garland County Sheriff's Office,AR0260000,3188,944,2244,3687,1005,2682,0,0,0,0,0,0,225,19,206,9,2,7,5352,269,5083,1182,97,1085,6202,399,5803,372,43,329,12736,765,11971,34.504906,-93.05932
Arkansas,GARLAND,Hot Springs Police Department,AR0260100,1618,479,1139,2450,642,1808,81,16,65,0,0,0,184,19,165,93,39,54,6154,511,5643,1950,306,1644,16821,3772,13049,280,40,240,24925,4589,20336,34.578861,-93.146915
Arkansas,GRANT,Grant County Sheriff's Office,AR0270000,313,102,211,357,103,254,12,1,11,0,0,0,13,0,13,0,0,0,403,23,380,159,6,153,932,19,913,41,1,40,1494,48,1446,34.306824,-92.40039
Arkansas,GRANT,Sheridan Police Department,AR0270100,114,39,75,165,49,116,3,0,3,0,0,0,14,1,13,2,1,1,220,22,198,72,8,64,1202,197,1005,39,6,33,1494,227,1267,34.305027,-92.39071
Arkansas,GREENE,Greene County Sheriff's Office,AR0280000,230,72,158,278,78,200,9,2,7,0,0,0,26,1,25,0,0,0,369,32,337,151,14,137,736,55,681,42,4,38,1256,101,1155,36.07919,-90.54762
Arkansas,GREENE,Paragould Police Department,AR0280100,2179,428,1751,2759,583,2176,43,11,32,1,0,1,229,67,162,8,3,5,2167,468,1699,929,93,836,10528,2234,8294,408,113,295,13624,2795,10829,36.119922,-90.565241
Arkansas,GREENE,Marmaduke Police Department,AR0280200,60,25,35,82,28,54,4,0,4,0,0,0,7,1,6,4,2,2,92,23,69,8,3,5,176,30,146,16,1,15,276,56,220,36.186962,-90.38301
Arkansas,HEMPSTEAD,Hempstead County Sheriff's Office,AR0290000,337,72,265,391,75,316,11,0,11,0,0,0,32,1,31,1,0,1,315,8,307,177,8,169,771,16,755,43,2,41,1263,32,1231,33.728611,-93.665809
Arkansas,HEMPSTEAD,Hope Police Department,AR0290100,1093,437,656,1305,503,802,15,1,14,0,0,0,53,17,36,17,8,9,816,144,672,268,67,201,3179,771,2408,102,25,77,4263,982,3281,33.728611,-93.665809
Arkansas,HOT SPRING,Hot Spring County Sheriff's Office,AR0300000,111,16,95,132,16,116,9,0,9,0,0,0,4,0,4,6,0,6,222,1,221,131,4,127,294,2,292,10,0,10,647,7,640,34.356274,-92.80937
Arkansas,HOT SPRING,Malvern Police Department,AR0300100,453,161,292,543,171,372,20,2,18,0,0,0,42,2,40,4,0,4,770,37,733,119,5,114,1751,433,1318,49,2,47,2640,475,2165,34.356274,-92.80937
Arkansas,HOWARD,Howard County Sheriff's Office,AR0310000,145,53,92,182,61,121,6,0,6,0,0,0,9,1,8,3,1,2,227,21,206,18,0,18,164,7,157,27,5,22,409,28,381,34.083064,-93.990931
Arkansas,HOWARD,Nashville Police Department,AR0310100,147,61,86,224,73,151,8,1,7,0,0,0,28,3,25,1,0,1,200,28,172,24,1,23,1369,380,989,68,10,58,1593,409,1184,33.947216,-93.84702
Arkansas,HOWARD,Dierks Police Department,AR0310200,3,1,2,3,1,2,0,0,0,0,0,0,0,0,0,0,0,0,7,0,7,2,1,1,2,0,2,0,0,0,11,1,10,34.083064,-93.990931
Arkansas,HOWARD,Mineral Springs Police Department,AR0310400,24,10,14,29,11,18,1,0,1,0,0,0,0,0,0,1,0,1,23,3,20,2,0,2,65,4,61,3,1,2,90,7,83,34.083064,-93.990931
Arkansas,INDEPENDENCE,Independence County Sheriff's Office,AR0320000,1326,289,1037,1664,305,1359,131,7,124,0,0,0,105,1,104,18,6,12,1185,53,1132,474,24,450,2366,133,2233,294,9,285,4025,210,3815,35.737499,-91.559942
Arkansas,INDEPENDENCE,Batesville Police Department,AR0320100,264,93,171,417,120,297,5,1,4,0,0,0,61,13,48,6,3,3,353,39,314,152,14,138,1988,441,1547,129,19,110,2493,494,1999,35.771168,-91.65075
Arkansas,IZARD,Izard County Sheriff's Office,AR0330000,489,140,349,613,160,453,38,1,37,0,0,0,49,11,38,2,0,2,506,37,469,108,11,97,1184,96,1088,118,19,99,1798,144,1654,36.094879,-91.913625
Arkansas,JACKSON,Jackson County Sheriff's Office,AR0340000,311,109,202,393,129,264,18,4,14,0,0,0,24,6,18,10,5,5,182,16,166,203,9,194,711,21,690,61,11,50,1096,46,1050,35.596605,-91.223178
Arkansas,JACKSON,Newport Police Department,AR0340100,625,145,480,769,172,597,18,0,18,0,0,0,38,5,33,6,2,4,924,88,836,113,17,96,2534,380,2154,74,9,65,3571,485,3086,35.596605,-91.223178
Arkansas,JACKSON,Tuckerman Police Department,AR0340200,39,12,27,59,14,45,2,0,2,0,0,0,7,1,6,0,0,0,76,11,65,19,0,19,146,10,136,20,2,18,241,21,220,35.596605,-91.223178
Arkansas,JACKSON,Diaz Police Department,AR0340300,26,10,16,34,11,23,2,0,2,0,0,0,5,0,5,0,0,0,31,2,29,23,2,21,46,5,41,8,1,7,100,9,91,35.596605,-91.223178
Arkansas,JACKSON,Swifton Police Department,AR0340600,9,1,8,11,1,10,2,0,2,0,0,0,1,0,1,0,0,0,18,5,13,6,0,6,40,7,33,2,0,2,64,12,52,35.596605,-91.223178
Arkansas,JACKSON,Arkansas State University: Newport,AR0340700,0,0,0,0,0,0,0,0,0,0,0,0,0,0,0,0,0,0,0,0,0,2,0,2,2,0,2,0,0,0,4,0,4,35.596605,-91.223178
Arkansas,JEFFERSON,Jefferson County Sheriff's Office,AR0350000,687,171,516,896,211,685,71,4,67,0,0,0,47,7,40,47,21,26,1053,46,1007,490,23,467,1901,77,1824,125,16,109,3444,146,3298,34.277695,-91.930701
Arkansas,JEFFERSON,Pine Bluff Police Department,AR0350100,5305,849,4456,6623,1025,5598,374,12,362,0,0,0,183,16,167,187,43,144,5609,178,5431,2160,44,2116,13433,1953,11480,293,31,262,21202,2175,19027,34.221638,-92.00195
Arkansas,JEFFERSON,White Hall Police Department,AR0350200,99,45,54,123,56,67,4,1,3,0,0,0,2,0,2,2,1,1,218,46,172,62,9,53,418,124,294,12,5,7,698,179,519,34.273453,-92.09051
Arkansas,JEFFERSON,Redfield Police Department,AR0350300,38,13,25,52,16,36,1,0,1,0,0,0,9,3,6,0,0,0,69,5,64,19,2,17,115,17,98,10,3,7,203,24,179,34.277695,-91.930701
Arkansas,JEFFERSON,University of Arkansas: Pine Bluff,AR0350400,8,0,8,13,0,13,2,0,2,0,0,0,2,0,2,0,0,0,51,2,49,4,0,4,330,1,329,2,0,2,385,3,382,34.277695,-91.930701
Arkansas,JOHNSON,Johnson County Sheriff's Office,AR0360000,497,167,330,639,193,446,21,0,21,0,0,0,38,5,33,14,6,8,574,52,522,141,16,125,540,17,523,116,17,99,1255,85,1170,35.573359,-93.466322
Arkansas,JOHNSON,Clarksville Police Department,AR0360100,216,83,133,361,99,262,4,0,4,0,0,0,40,4,36,5,2,3,312,23,289,118,6,112,2672,536,2136,119,10,109,3102,565,2537,35.47226,-93.4646
Arkansas,JOHNSON,Lamar Police Department,AR0360300,33,13,20,44,15,29,0,0,0,0,0,0,4,1,3,1,0,1,43,6,37,3,0,3,125,8,117,9,2,7,171,14,157,35.573359,-93.466322
Arkansas,LAFAYETTE,Lafayette County Sheriff's Office,AR0370000,15,3,12,19,3,16,0,0,0,0,0,0,2,0,2,0,0,0,7,1,6,15,1,14,66,1,65,4,0,4,88,3,85,33.24066,-93.611643
Arkansas,LAFAYETTE,Stamps Police Department,AR0370200,25,6,19,32,7,25,1,0,1,0,0,0,1,0,1,1,0,1,49,8,41,8,0,8,63,6,57,3,0,3,120,14,106,33.36069,-93.49839
Arkansas,LAFAYETTE,Lewisville Police Department,AR0370300,46,16,30,58,19,39,0,0,0,0,0,0,3,0,3,0,0,0,57,6,51,11,2,9,105,17,88,5,1,4,173,25,148,33.24066,-93.611643
Arkansas,LAWRENCE,Lawrence County Sheriff's Office,AR0380000,134,39,95,181,42,139,10,0,10,0,0,0,22,1,21,5,2,3,225,12,213,51,1,50,367,8,359,41,1,40,643,21,622,36.070007,-90.957855
Arkansas,LAWRENCE,Walnut Ridge Police Department,AR0380100,186,72,114,220,77,143,12,3,9,0,0,0,11,1,10,0,0,0,179,20,159,44,4,40,453,66,387,33,5,28,676,90,586,36.068058,-90.95553
Arkansas,LAWRENCE,Hoxie Police Department,AR0380200,81,33,48,104,40,64,2,0,2,0,0,0,5,1,4,0,0,0,63,14,49,17,1,16,101,13,88,23,7,16,181,28,153,36.041098,-91.101153
Arkansas,LAWRENCE,Ravenden Police Department,AR0380400,24,11,13,27,11,16,0,0,0,0,0,0,0,0,0,0,0,0,11,3,8,2,0,2,41,9,32,3,0,3,54,12,42,36.244396,-91.27053
Arkansas,LEE,Lee County Sheriff's Office,AR0390000,67,8,59,81,9,72,21,0,21,0,0,0,7,1,6,2,0,2,165,3,162,98,3,95,427,1,426,12,1,11,690,7,683,34.774548,-90.75726
Arkansas,LEE,Marianna Police Department,AR0390100,228,71,157,305,86,219,17,2,15,0,0,0,12,2,10,14,4,10,415,44,371,87,8,79,864,136,728,31,5,26,1366,188,1178,34.774353,-90.756905
Arkansas,LINCOLN,Lincoln County Sheriff's Office,AR0400000,98,22,76,126,25,101,1,0,1,0,0,0,13,0,13,2,1,1,175,8,167,77,2,75,279,10,269,22,1,21,531,20,511,33.939323,-91.84514
Arkansas,LINCOLN,Star City Police Department,AR0400200,133,42,91,191,55,136,4,0,4,0,0,0,19,2,17,4,2,2,143,22,121,48,6,42,331,46,285,37,6,31,522,74,448,33.957665,-91.727624
Arkansas,LITTLE RIVER,Little River County Sheriff's Office,AR0410000,186,74,112,227,85,142,14,3,11,0,0,0,20,3,17,2,1,1,215,29,186,88,5,83,400,30,370,37,10,27,703,64,639,33.67288,-94.13271
Arkansas,LITTLE RIVER,Ashdown Police Department,AR0410100,74,15,59,112,18,94,3,1,2,0,0,0,20,1,19,6,1,5,218,14,204,66,5,61,763,54,709,23,1,22,1047,73,974,33.699497,-94.229774
Arkansas,LOGAN,Logan County Sheriff's Office,AR0420000,350,83,267,431,95,336,17,2,15,0,0,0,42,6,36,10,4,6,470,30,440,216,22,194,1003,26,977,61,7,54,1689,78,1611,35.288918,-93.734955
Arkansas,LOGAN,Booneville Police Department,AR0420100,100,17,83,142,18,124,4,0,4,0,0,0,19,0,19,2,1,1,187,16,171,39,2,37,719,61,658,37,0,37,945,79,866,35.140034,-93.91495
Arkansas,LOGAN,Paris Police Department,AR0420200,287,118,169,329,127,202,8,3,5,0,0,0,7,1,6,5,2,3,360,62,298,86,18,68,565,73,492,27,3,24,1011,153,858,35.218549,-93.720563
Arkansas,LONOKE,Lonoke County Sheriff's Office,AR0430000,932,293,639,1100,315,785,25,2,23,0,0,0,78,5,73,26,7,19,646,54,592,793,61,732,2022,64,1958,111,9,102,3461,179,3282,34.78607,-91.89906
Arkansas,LONOKE,England Police Department,AR0430100,199,61,138,257,71,186,7,0,7,0,0,0,7,1,6,2,1,1,243,26,217,34,5,29,497,79,418,36,4,32,774,110,664,34.755114,-91.894132
Arkansas,LONOKE,Cabot Police Department,AR0430200,576,213,363,940,321,619,16,5,11,0,0,0,120,30,90,8,4,4,759,98,661,374,43,331,3026,516,2510,292,84,208,4159,657,3502,34.755114,-91.894132
Arkansas,LONOKE,Carlisle Police Department,AR0430300,50,18,32,70,22,48,2,0,2,0,0,0,11,2,9,0,0,0,102,12,90,41,5,36,463,71,392,15,4,11,606,88,518,34.755114,-91.894132
Arkansas,LONOKE,Lonoke Police Department,AR0430400,326,127,199,390,141,249,10,2,8,0,0,0,18,2,16,1,0,1,241,44,197,46,4,42,969,136,833,41,7,34,1256,184,1072,34.783905,-91.901344
Arkansas,LONOKE,Austin Police Department,AR0430500,43,17,26,73,21,52,0,0,0,0,0,0,8,1,7,0,0,0,153,5,148,14,0,14,151,25,126,28,4,24,318,30,288,34.755114,-91.894132
Arkansas,LONOKE,Ward Police Department,AR0430600,499,181,318,634,209,425,7,1,6,0,0,0,11,2,9,6,2,4,318,63,255,62,6,56,638,51,587,111,21,90,1018,120,898,34.755114,-91.894132
Arkansas,MADISON,Madison County Sheriff's Office,AR0440000,492,220,272,622,261,361,36,11,25,0,0,0,59,21,38,18,7,11,458,93,365,128,15,113,633,88,545,99,30,69,1219,196,1023,36.012545,-93.724053
Arkansas,MADISON,Huntsville Police Department,AR0440100,0,0,0,0,0,0,0,0,0,0,0,0,0,0,0,0,0,0,0,0,0,0,0,0,0,0,0,0,0,0,0,0,0,36.012545,-93.724053
Arkansas,MARION,Marion County Sheriff's Office,AR0450000,427,156,271,530,169,361,12,0,12,0,0,0,34,1,33,13,4,9,549,32,517,91,4,87,1197,33,1164,84,6,78,1837,69,1768,36.266656,-92.678588
Arkansas,MARION,Bull Shoals Police Department,AR0450200,62,22,40,68,22,46,3,0,3,0,0,0,3,0,3,0,0,0,81,3,78,12,2,10,156,9,147,4,0,4,249,14,235,36.266656,-92.678588
Arkansas,MARION,Flippin Police Department,AR0450300,38,15,23,54,16,38,0,0,0,0,0,0,6,0,6,2,1,1,70,5,65,12,1,11,536,143,393,14,0,14,618,149,469,36.266656,-92.678588
Arkansas,MILLER,Miller County Sheriff's Office,AR0460000,348,97,251,442,114,328,10,2,8,0,0,0,49,10,39,6,2,4,803,56,747,239,31,208,1068,48,1020,82,15,67,2110,135,1975,33.39993,-94.02271
Arkansas,MILLER,Texarkana Police Department,AR0460100,2360,936,1424,3064,1202,1862,34,12,22,0,0,0,145,58,87,56,26,30,2319,506,1813,908,237,671,11107,3470,7637,251,101,150,14334,4213,10121,33.421623,-94.04305
Arkansas,MISSISSIPPI,Mississippi County Sheriff's Office,AR0470000,211,43,168,284,50,234,13,1,12,0,0,0,13,1,12,4,1,3,750,54,696,328,19,309,1359,80,1279,51,5,46,2437,153,2284,35.766943,-90.052209
Arkansas,MISSISSIPPI,Blytheville Police Department,AR0470100,1306,384,922,1800,520,1280,7,3,4,0,0,0,46,14,32,107,47,60,1560,113,1447,166,25,141,5574,1041,4533,84,23,61,7300,1179,6121,35.928474,-89.904274
Arkansas,MISSISSIPPI,Osceola Police Department,AR0470200,1672,524,1148,1885,576,1309,43,6,37,0,0,0,37,7,30,20,7,13,1270,193,1077,243,40,203,1564,301,1263,77,14,63,3077,534,2543,35.766943,-90.052209
Arkansas,MISSISSIPPI,Leachville Police Department,AR0470300,57,17,40,72,17,55,3,0,3,0,0,0,1,0,1,0,0,0,105,13,92,16,1,15,182,15,167,13,0,13,303,29,274,35.766943,-90.052209
Arkansas,MISSISSIPPI,Luxora Police Department,AR0470500,8,2,6,17,5,12,1,0,1,0,0,0,0,0,0,0,0,0,8,1,7,6,0,6,20,2,18,3,1,2,34,3,31,35.766943,-90.052209
Arkansas,MISSISSIPPI,Wilson,AR0470600,13,6,7,20,8,12,0,0,0,0,0,0,3,1,2,2,1,1,12,2,10,6,2,4,51,7,44,5,1,4,69,11,58,,
Arkansas,MISSISSIPPI,Gosnell Police Department,AR0470700,213,94,119,265,115,150,8,2,6,0,0,0,25,11,14,0,0,0,153,33,120,19,5,14,325,75,250,42,18,24,497,113,384,35.957237,-89.965126
Arkansas,MISSISSIPPI,Etowah Police Department,AR0471000,3,0,3,3,0,3,0,0,0,0,0,0,0,0,0,0,0,0,15,0,15,10,2,8,36,2,34,0,0,0,61,4,57,35.766943,-90.052209
Arkansas,MONROE,Monroe County Sheriff's Office,AR0480000,31,11,20,38,13,25,4,1,3,0,0,0,4,2,2,0,0,0,37,1,36,54,4,50,153,7,146,7,2,5,244,12,232,34.69242,-91.31478
Arkansas,MONROE,Brinkley Police Department,AR0480100,294,82,212,344,90,254,21,2,19,0,0,0,8,1,7,4,1,3,221,14,207,72,8,64,584,37,547,21,4,17,877,59,818,34.888054,-91.1939
Arkansas,MONROE,Clarendon Police Department,AR0480200,55,12,43,63,13,50,6,1,5,0,0,0,3,0,3,0,0,0,92,10,82,15,2,13,192,15,177,7,1,6,299,27,272,34.679513,-91.203314
Arkansas,MONTGOMERY,Montgomery County Sheriff's Office,AR0490000,21,0,21,35,0,35,3,0,3,0,0,0,8,0,8,0,0,0,113,0,113,25,0,25,157,0,157,12,0,12,295,0,295,34.545652,-93.664147
Arkansas,NEVADA,Nevada County Sheriff's Office,AR0500000,50,14,36,60,14,46,0,0,0,1,0,1,5,0,5,0,0,0,70,3,67,29,3,26,52,0,52,6,0,6,151,6,145,33.666699,-93.305072
Arkansas,NEVADA,Prescott Police Department,AR0500100,45,14,31,62,15,47,2,0,2,0,0,0,13,1,12,1,0,1,84,5,79,35,6,29,231,15,216,14,1,13,350,26,324,33.801895,-93.381935
Arkansas,NEWTON,Newton County Sheriff's Office,AR0510000,218,83,135,286,93,193,19,4,15,0,0,0,24,1,23,7,3,4,192,17,175,29,2,27,228,13,215,58,6,52,449,32,417,35.910062,-93.215084
Arkansas,OUACHITA,Ouachita County Sheriff's Office,AR0520000,28,0,28,30,0,30,3,0,3,0,0,0,0,0,0,0,0,0,33,0,33,14,0,14,51,0,51,2,0,2,98,0,98,33.591158,-92.878418
Arkansas,OUACHITA,Camden Police Department,AR0520100,968,218,750,1142,245,897,26,3,23,0,0,0,27,2,25,5,2,3,916,85,831,134,3,131,2199,249,1950,78,10,68,3249,337,2912,33.577393,-92.834
Arkansas,OUACHITA,Bearden Police Department,AR0520200,10,4,6,12,5,7,1,0,1,0,0,0,0,0,0,0,0,0,30,4,26,3,0,3,53,1,52,2,1,1,86,5,81,33.591158,-92.878418
Arkansas,OUACHITA,Southern Arkansas University Tech,AR0520600,2,0,2,4,0,4,0,0,0,0,0,0,2,0,2,0,0,0,2,0,2,0,0,0,5,0,5,2,0,2,7,0,7,33.591158,-92.878418
Arkansas,PERRY,Perry County Sheriff's Office,AR0530000,289,55,234,342,66,276,0,0,0,0,0,0,42,10,32,0,0,0,239,15,224,6,0,6,866,28,838,51,11,40,1111,43,1068,34.946363,-92.926877
Arkansas,PERRY,Perryville Police Department,AR0530100,25,7,18,37,9,28,6,2,4,0,0,0,1,0,1,4,2,2,68,6,62,21,1,20,297,29,268,5,0,5,386,36,350,34.946363,-92.926877
Arkansas,PHILLIPS,Phillips County Sheriff's Office,AR0540000,0,0,0,0,0,0,0,0,0,0,0,0,0,0,0,0,0,0,0,0,0,0,0,0,0,0,0,0,0,0,0,0,0,34.425842,-90.848386
Arkansas,PHILLIPS,Helena-West Helena Police Department,AR0540100,1485,414,1071,1908,534,1374,98,13,85,0,0,0,69,20,49,99,41,58,1499,163,1336,284,29,255,3291,853,2438,138,36,102,5074,1045,4029,34.54406,-90.649284
Arkansas,PHILLIPS,Marvell Police Department,AR0540300,14,4,10,21,6,15,0,0,0,0,0,0,2,0,2,0,0,0,34,3,31,6,0,6,38,5,33,2,0,2,78,8,70,34.425842,-90.848386
Arkansas,PIKE,Pike County Sheriff's Office,AR0550000,78,26,52,112,30,82,5,0,5,0,0,0,15,1,14,0,0,0,224,28,196,30,2,28,356,26,330,32,4,28,610,56,554,34.158191,-93.658659
Arkansas,PIKE,Murfreesboro Police Department,AR0550100,31,12,19,41,12,29,3,1,2,0,0,0,3,0,3,0,0,0,57,14,43,4,0,4,143,33,110,10,0,10,204,47,157,34.158191,-93.658659
Arkansas,"MONTGOMERY, PIKE",Glenwood Police Department,AR0550200,55,22,33,63,22,41,2,0,2,0,0,0,1,0,1,1,0,1,97,6,91,14,2,12,150,14,136,7,0,7,261,22,239,34.327526,-93.55145
Arkansas,POINSETT,Poinsett County Sheriff's Office,AR0560000,294,96,198,361,106,255,18,2,16,0,0,0,31,4,27,2,1,1,251,24,227,149,16,133,337,11,326,61,9,52,737,51,686,35.58099,-90.71705
Arkansas,POINSETT,Marked Tree Police Department,AR0560100,163,59,104,189,67,122,7,2,5,0,0,0,4,1,3,3,1,2,120,20,100,29,3,26,268,44,224,14,4,10,417,67,350,35.531933,-90.422485
Arkansas,POINSETT,Trumann Police Department,AR0560200,517,235,282,708,296,412,20,5,15,0,0,0,54,17,37,8,4,4,766,133,633,203,49,154,2833,600,2233,145,43,102,3802,782,3020,35.568981,-90.680595
Arkansas,POINSETT,Harrisburg Police Department,AR0560300,125,46,79,156,50,106,5,0,5,0,0,0,6,1,5,4,1,3,119,28,91,36,4,32,329,51,278,25,3,22,484,83,401,35.561455,-90.717445
Arkansas,POINSETT,Lepanto Police Department,AR0560400,2,0,2,6,0,6,0,0,0,0,0,0,0,0,0,0,0,0,28,4,24,6,1,5,74,11,63,2,0,2,108,16,92,35.568981,-90.680595
Arkansas,POINSETT,Tyronza Police Department,AR0560500,9,4,5,9,4,5,1,0,1,0,0,0,0,0,0,0,0,0,9,1,8,5,0,5,31,3,28,0,0,0,45,4,41,35.492546,-90.3585
Arkansas,POINSETT,Weiner Police Department,AR0560700,19,8,11,23,8,15,0,0,0,0,0,0,4,0,4,0,0,0,27,3,24,14,1,13,44,3,41,4,0,4,85,7,78,35.619717,-90.899994
Arkansas,POLK,Polk County Sheriff's Office,AR0570000,371,70,301,450,91,359,22,1,21,0,0,0,30,4,26,9,4,5,191,14,177,33,1,32,418,19,399,65,16,49,642,34,608,34.58666,-94.238434
Arkansas,POLK,Mena Police Department,AR0570100,103,42,61,153,50,103,8,2,6,0,0,0,13,1,12,3,1,2,252,44,208,56,7,49,1985,539,1446,43,6,37,2293,590,1703,34.586895,-94.23994
Arkansas,POPE,Pope County Sheriff's Office,AR0580000,718,215,503,836,228,608,33,1,32,0,0,0,58,2,56,14,4,10,890,44,846,328,17,311,1293,33,1260,90,6,84,2511,94,2417,35.27959,-93.108185
Arkansas,POPE,Russellville Police Department,AR0580100,1481,480,1001,1838,597,1241,14,2,12,0,0,0,152,54,98,7,3,4,1135,90,1045,773,101,672,7539,1136,6403,242,86,156,9447,1327,8120,35.28542,-93.13359
Arkansas,POPE,Atkins Police Department,AR0580200,98,44,54,142,50,92,5,2,3,0,0,0,11,3,8,2,1,1,170,18,152,41,9,32,566,85,481,38,4,34,777,112,665,35.455297,-93.031535
Arkansas,POPE,Arkansas Tech University,AR0580400,18,5,13,40,8,32,0,0,0,0,0,0,11,1,10,0,0,0,62,7,55,8,1,7,477,15,462,20,3,17,547,23,524,35.455297,-93.031535
Arkansas,POPE,Dover Police Department,AR0580700,44,18,26,53,21,32,3,0,3,0,0,0,3,1,2,0,0,0,65,6,59,11,0,11,207,37,170,7,2,5,283,43,240,35.455297,-93.031535
Arkansas,POPE,Pottsville Police Department,AR0581000,89,34,55,103,36,67,2,0,2,0,0,0,4,0,4,0,0,0,71,5,66,22,4,18,156,18,138,11,1,10,249,27,222,35.24981,-93.04601
Arkansas,POPE,Pottsville School District,AR0581900,1,0,1,3,0,3,0,0,0,0,0,0,0,0,0,0,0,0,0,0,0,0,0,0,2,0,2,2,0,2,2,0,2,,
Arkansas,PRAIRIE,Prairie County Sheriff's Office,AR0590000,43,11,32,67,16,51,3,0,3,0,0,0,4,0,4,5,2,3,152,2,150,44,4,40,289,7,282,17,3,14,485,13,472,34.977436,-91.49404
Arkansas,PRAIRIE,Hazen Police Department,AR0590100,40,13,27,59,19,40,2,1,1,0,0,0,6,1,5,6,3,3,65,4,61,21,2,19,62,3,59,6,1,5,148,9,139,34.828225,-91.557199
Arkansas,PRAIRIE,Des Arc Police Department,AR0590200,40,10,30,53,13,40,0,0,0,0,0,0,10,2,8,0,0,0,60,3,57,12,3,9,106,10,96,13,3,10,178,16,162,34.828225,-91.557199
Arkansas,PULASKI,Pulaski County Sheriff's Office,AR0600000,4862,1490,3372,5459,1635,3824,141,11,130,5,3,2,152,36,116,58,24,34,3246,296,2950,1946,193,1753,9768,938,8830,253,48,205,14960,1427,13533,34.724297,-92.306465
Arkansas,PULASKI,Jacksonville Police Department,AR0600100,2955,1097,1858,3639,1288,2351,78,13,65,2,1,1,141,29,112,46,22,24,2394,327,2067,1226,141,1085,9102,1559,7543,260,61,199,12722,2027,10695,34.867607,-92.12715
Arkansas,PULASKI,Little Rock Police Department,AR0600200,25715,4900,20815,32639,5955,26684,543,22,521,8,0,8,1243,134,1109,563,170,393,17711,1307,16404,9502,1030,8472,79784,7525,72259,1877,203,1674,106997,9862,97135,34.749084,-92.277565
Arkansas,PULASKI,North Little Rock Police Department,AR0600300,5257,1549,3708,6785,1970,4815,150,27,123,3,1,2,169,66,103,193,78,115,4094,439,3655,2887,143,2744,19406,4276,15130,252,103,149,26387,4858,21529,34.77923,-92.26978
Arkansas,PULASKI,Sherwood Police Department,AR0600400,1997,727,1270,2342,808,1534,28,5,23,1,0,1,82,13,69,22,11,11,2151,173,1978,739,100,639,6640,1031,5609,158,27,131,9530,1304,8226,34.832664,-92.209816
Arkansas,PULASKI,University of Arkansas: Little Rock,AR0600500,21,6,15,31,6,25,0,0,0,0,0,0,2,0,2,0,0,0,44,5,39,18,1,17,421,11,410,4,0,4,483,17,466,34.726933,-92.3419
Arkansas,"PULASKI, SALINE",Alexander Police Department,AR0600700,201,70,131,260,75,185,10,1,9,0,0,0,16,0,16,9,1,8,200,25,175,54,3,51,360,26,334,40,4,36,614,54,560,34.773988,-92.316515
Arkansas,PULASKI,Cammack Village Police Department,AR0600800,8,3,5,9,3,6,1,0,1,0,0,0,0,0,0,0,0,0,12,1,11,12,0,12,86,4,82,1,0,1,110,5,105,34.776836,-92.34476
Arkansas,PULASKI,University of Arkansas: Medical Sciences,AR0600900,61,20,41,64,20,44,0,0,0,0,0,0,0,0,0,0,0,0,19,3,16,39,2,37,706,36,670,1,0,1,764,41,723,34.751553,-92.3207
Arkansas,PULASKI,Camp Robinson Police Department,AR0601400,3,0,3,6,0,6,0,0,0,0,0,0,2,0,2,0,0,0,7,0,7,3,0,3,20,0,20,3,0,3,30,0,30,34.773988,-92.316515
Arkansas,PULASKI,Maumelle Police Department,AR0601600,304,121,183,407,154,253,19,5,14,0,0,0,15,5,10,9,3,6,630,92,538,168,19,149,2342,312,2030,44,13,31,3140,423,2717,34.773988,-92.316515
Arkansas,PULASKI,State Capitol Police,AR0601700,9,4,5,10,4,6,0,0,0,0,0,0,0,0,0,0,0,0,11,0,11,4,1,3,454,197,257,0,0,0,469,198,271,34.746395,-92.28793
Arkansas,PULASKI,Pulaski Technical College,AR0602400,0,0,0,0,0,0,0,0,0,0,0,0,0,0,0,0,0,0,0,0,0,0,0,0,12,0,12,0,0,0,12,0,12,,
Arkansas,RANDOLPH,Randolph County Sheriff's Office,AR0610000,208,54,154,334,70,264,13,0,13,0,0,0,34,5,29,10,5,5,287,20,267,109,10,99,785,33,752,114,11,103,1181,63,1118,36.252094,-90.95637
Arkansas,RANDOLPH,Pocahontas Police Department,AR0610100,214,78,136,340,100,240,7,0,7,0,0,0,45,7,38,1,0,1,338,32,306,131,13,118,1813,165,1648,113,17,96,2282,210,2072,36.262936,-90.96942
Arkansas,ST FRANCIS,St. Francis County Sheriff's Office,AR0620000,210,6,204,283,7,276,14,0,14,0,0,0,21,0,21,5,0,5,575,8,567,22,0,22,1114,8,1106,45,0,45,1711,16,1695,35.014438,-90.742138
Arkansas,ST FRANCIS,Forrest City Police Department,AR0620100,1212,220,992,1458,270,1188,56,7,49,0,0,0,40,3,37,52,19,33,767,67,700,780,74,706,3254,446,2808,56,7,49,4801,587,4214,35.010025,-90.78682
Arkansas,ST FRANCIS,Hughes Police Department,AR0620200,45,12,33,58,15,43,5,2,3,0,0,0,0,0,0,0,0,0,52,7,45,8,0,8,77,11,66,10,3,7,137,18,119,35.014438,-90.742138
Arkansas,ST FRANCIS,Madison  Police Department,AR0620600,11,3,8,12,3,9,0,0,0,0,0,0,0,0,0,0,0,0,4,0,4,1,0,1,13,0,13,0,0,0,18,0,18,35.014438,-90.742138
Arkansas,SALINE,Saline County Sheriff's Office,AR0630000,1593,547,1046,1965,623,1342,46,9,37,0,0,0,206,50,156,25,11,14,2296,143,2153,839,49,790,2978,126,2852,283,55,228,6113,318,5795,34.556995,-92.57763
Arkansas,SALINE,Benton Police Department,AR0630100,1834,767,1067,2262,877,1385,49,12,37,1,0,1,127,22,105,19,9,10,1969,343,1626,968,150,818,9206,1332,7874,181,28,153,12143,1825,10318,34.56359,-92.585594
Arkansas,SALINE,Bryant Police Department,AR0630200,279,97,182,380,113,267,13,2,11,0,0,0,33,2,31,5,2,3,674,68,606,441,45,396,7503,1662,5841,51,4,47,8618,1775,6843,34.61423,-92.49969
Arkansas,SALINE,Haskell,AR0630300,85,33,52,112,36,76,3,0,3,0,0,0,14,2,12,0,0,0,96,10,86,22,4,18,236,26,210,25,2,23,354,40,314,,
Arkansas,SALINE,Shannon Hills Police Department,AR0630400,128,47,81,161,55,106,4,0,4,0,0,0,10,1,9,8,4,4,120,5,115,55,0,55,206,9,197,20,3,17,381,14,367,34.648525,-92.674463
Arkansas,SCOTT,Scott County Sheriff's Office,AR0640000,191,55,136,221,60,161,18,4,14,0,0,0,5,0,5,5,2,3,249,26,223,68,4,64,324,20,304,21,2,19,641,50,591,34.858869,-94.063641
Arkansas,SCOTT,Waldron Police Department,AR0640100,98,37,61,149,45,104,22,4,18,0,0,0,21,2,19,4,2,2,422,60,362,54,3,51,690,103,587,43,5,38,1166,166,1000,34.858869,-94.063641
Arkansas,SEARCY,Searcy County Sheriff's Office,AR0650000,150,56,94,168,57,111,2,0,2,0,0,0,9,0,9,2,1,1,111,20,91,23,1,22,142,8,134,16,0,16,276,29,247,35.90966,-92.699351
Arkansas,SEARCY,Marshall,AR0650100,17,7,10,28,11,17,3,1,2,0,0,0,9,4,5,0,0,0,18,4,14,2,0,2,48,17,31,9,4,5,68,21,47,,
Arkansas,SEBASTIAN,Sebastian County Sheriff's Office,AR0660000,394,97,297,480,114,366,18,1,17,0,0,0,42,9,33,0,0,0,598,26,572,129,15,114,1056,44,1012,78,16,62,1783,85,1698,35.386814,-94.42259
Arkansas,SEBASTIAN,Fort Smith Police Department,AR0660100,9408,4099,5309,11791,5021,6770,141,25,116,0,0,0,784,309,475,85,37,48,7345,1094,6251,3675,595,3080,35416,6045,29371,1109,452,657,46436,7734,38702,35.38317,-94.4234
Arkansas,SEBASTIAN,Greenwood Police Department,AR0660200,196,82,114,235,90,145,3,1,2,0,0,0,7,1,6,0,0,0,111,18,93,19,1,18,233,21,212,35,6,29,363,40,323,35.196981,-94.274989
Arkansas,SEBASTIAN,Barling Police Department,AR0660300,275,116,159,337,130,207,4,2,2,0,0,0,14,1,13,1,0,1,104,13,91,40,7,33,611,36,575,58,14,44,755,56,699,35.3253,-94.29946
Arkansas,SEBASTIAN,Hackett,AR0660600,6,3,3,8,3,5,1,0,1,0,0,0,2,0,2,0,0,0,1,0,1,0,0,0,18,3,15,2,0,2,19,3,16,,
Arkansas,"SCOTT, SEBASTIAN",Mansfield Police Department,AR0660700,23,10,13,25,10,15,2,0,2,0,0,0,0,0,0,1,0,1,13,1,12,8,1,7,41,6,35,1,0,1,62,8,54,35.196981,-94.274989
Arkansas,SEBASTIAN,Hartford,AR0660900,0,0,0,0,0,0,0,0,0,0,0,0,0,0,0,0,0,0,0,0,0,0,0,0,1,0,1,0,0,0,1,0,1,,
Arkansas,SEBASTIAN,Lavaca Police Department,AR0661200,59,24,35,91,27,64,0,0,0,0,0,0,1,0,1,0,0,0,48,7,41,16,3,13,162,10,152,32,3,29,226,20,206,35.196981,-94.274989
Arkansas,SEBASTIAN,Huntington,AR0661700,5,1,4,6,1,5,0,0,0,0,0,0,1,0,1,0,0,0,7,2,5,0,0,0,4,0,4,1,0,1,11,2,9,,
Arkansas,SEBASTIAN,Fort Smith Public Schools,AR0661900,10,3,7,16,5,11,0,0,0,0,0,0,1,0,1,0,0,0,9,3,6,0,0,0,26,4,22,6,2,4,35,7,28,,
Arkansas,SEVIER,Sevier County Sheriff's Office,AR0670000,209,51,158,271,61,210,15,1,14,0,0,0,37,4,33,2,0,2,238,21,217,49,1,48,323,10,313,54,8,46,610,32,578,33.994608,-94.24329
Arkansas,SEVIER,De Queen Police Department,AR0670100,212,79,133,270,90,180,14,4,10,0,0,0,23,3,20,9,2,7,417,29,388,58,3,55,1081,212,869,40,8,32,1556,244,1312,34.038074,-94.33912
Arkansas,SHARP,Sharp County Sheriff's Office,AR0680000,0,0,0,0,0,0,0,0,0,0,0,0,0,0,0,0,0,0,0,0,0,0,0,0,0,0,0,0,0,0,0,0,0,36.173399,-91.471069
Arkansas,"FULTON, SHARP",Hardy Police Department,AR0680200,34,15,19,39,15,24,0,0,0,0,0,0,1,0,1,0,0,0,59,12,47,9,1,8,114,27,87,5,0,5,182,40,142,36.173399,-91.471069
Arkansas,"FULTON, SHARP",Ash Flat Police Department,AR0680300,37,15,22,38,15,23,1,0,1,0,0,0,1,0,1,0,0,0,31,2,29,4,0,4,226,40,186,1,0,1,261,42,219,36.173399,-91.471069
Arkansas,"FULTON, SHARP",Cherokee Village Police Department,AR0680400,54,9,45,76,11,65,5,0,5,0,0,0,11,2,9,2,0,2,247,8,239,33,2,31,384,23,361,20,2,18,664,33,631,36.173399,-91.471069
Arkansas,SHARP,Highland Police Department,AR0680600,40,17,23,46,18,28,0,0,0,0,0,0,3,0,3,0,0,0,47,9,38,6,0,6,131,23,108,6,1,5,184,32,152,36.259796,-91.54158
Arkansas,STONE,Stone County Sheriff's Office,AR0690000,113,40,73,138,43,95,8,0,8,0,0,0,8,1,7,2,0,2,123,5,118,11,1,10,176,7,169,23,3,20,310,13,297,35.856989,-92.140494
Arkansas,STONE,Mountain View Police Department,AR0690100,135,55,80,181,68,113,4,0,4,0,0,0,12,3,9,0,0,0,199,25,174,30,5,25,557,106,451,43,12,31,786,136,650,35.856989,-92.140494
Arkansas,UNION,Union County Sheriff's Office,AR0700000,635,236,399,711,255,456,11,1,10,0,0,0,4,0,4,23,11,12,672,48,624,261,38,223,1435,97,1338,25,4,21,2368,183,2185,33.210384,-92.63095
Arkansas,UNION,El Dorado Police Department,AR0700100,2417,892,1525,2833,994,1839,49,10,39,0,0,0,15,0,15,88,35,53,3459,277,3182,412,68,344,3849,632,3217,97,11,86,7720,977,6743,33.168219,-92.598145
Arkansas,VAN BUREN,Van Buren County Sheriff's Office,AR0710000,290,62,228,311,65,246,31,0,31,0,0,0,7,0,7,6,2,4,210,7,203,249,14,235,764,11,753,14,1,13,1223,32,1191,35.582959,-92.515977
Arkansas,"CLEBURNE, VAN BUREN",Fairfield Bay Police Department,AR0710100,57,19,38,81,19,62,5,0,5,0,0,0,12,0,12,1,0,1,125,2,123,18,1,17,307,11,296,22,0,22,450,14,436,35.582959,-92.515977
Arkansas,VAN BUREN,Clinton Police Department,AR0710200,28,7,21,44,10,34,0,0,0,0,0,0,6,1,5,0,0,0,77,2,75,44,8,36,385,48,337,13,2,11,506,58,448,35.582959,-92.515977
Arkansas,"FAULKNER, VAN BUREN",Damascus Police Department,AR0710300,3,1,2,3,1,2,0,0,0,0,0,0,0,0,0,0,0,0,3,0,3,1,0,1,53,12,41,0,0,0,57,12,45,35.582959,-92.515977
Arkansas,WASHINGTON,Washington County Sheriff's Office,AR0720000,2035,847,1188,2302,947,1355,57,10,47,0,0,0,128,47,81,34,17,17,1402,177,1225,675,146,529,3075,365,2710,222,81,141,5152,688,4464,36.034187,-94.17598
Arkansas,WASHINGTON,Fayetteville Police Department,AR0720100,4128,1286,2842,5407,1539,3868,69,11,58,2,0,2,485,93,392,43,16,27,3641,289,3352,3563,134,3429,28254,2850,25404,636,102,534,35458,3273,32185,36.06085,-94.15727
Arkansas,"BENTON, WASHINGTON",Springdale Police Department,AR0720200,2252,813,1439,2978,925,2053,43,5,38,2,1,1,383,53,330,21,6,15,1581,141,1440,1608,111,1497,11587,1824,9763,529,68,461,14776,2076,12700,36.18645,-94.12982
Arkansas,WASHINGTON,Prairie Grove Police Department,AR0720300,182,82,100,235,97,138,2,0,2,0,0,0,27,7,20,2,1,1,193,30,163,33,4,29,903,192,711,46,12,34,1129,226,903,35.971209,-94.218417
Arkansas,WASHINGTON,University of Arkansas: Fayetteville,AR0720400,68,31,37,155,68,87,5,1,4,0,0,0,54,25,29,4,2,2,164,40,124,337,62,275,1263,210,1053,72,32,40,1764,312,1452,36.064884,-94.1802
Arkansas,WASHINGTON,Farmington Police Department,AR0720500,160,61,99,241,76,165,15,4,11,0,0,0,31,5,26,4,1,3,164,25,139,66,9,57,591,112,479,60,8,52,821,146,675,35.971209,-94.218417
Arkansas,WASHINGTON,Lincoln Police Department,AR0720600,155,54,101,194,63,131,3,0,3,0,0,0,9,2,7,0,0,0,108,12,96,31,2,29,318,41,277,38,9,29,457,55,402,35.971209,-94.218417
Arkansas,WASHINGTON,Greenland Police Department,AR0720700,55,22,33,81,27,54,0,0,0,0,0,0,8,1,7,0,0,0,26,3,23,26,6,20,108,11,97,24,5,19,160,20,140,35.971209,-94.218417
Arkansas,WASHINGTON,West Fork Police Department,AR0720800,45,18,27,67,21,46,1,0,1,0,0,0,5,0,5,3,1,2,55,8,47,18,3,15,278,33,245,18,2,16,351,44,307,35.971209,-94.218417
Arkansas,WASHINGTON,Johnson Police Department,AR0720900,81,36,45,99,38,61,6,2,4,0,0,0,12,0,12,0,0,0,291,15,276,143,14,129,348,57,291,14,1,13,782,86,696,35.971209,-94.218417
Arkansas,WASHINGTON,Elkins Police Department,AR0721000,100,44,56,127,45,82,3,1,2,0,0,0,8,0,8,0,0,0,41,6,35,10,0,10,182,29,153,26,1,25,233,35,198,36.0264,-94.0277
Arkansas,WASHINGTON,Goshen,AR0721600,11,5,6,12,5,7,2,1,1,0,0,0,0,0,0,0,0,0,0,0,0,5,1,4,10,2,8,1,0,1,15,3,12,,
Arkansas,WHITE,White County Sheriff's Office,AR0730000,1545,410,1135,2075,466,1609,62,8,54,3,1,2,180,21,159,28,9,19,1523,59,1464,769,26,743,3411,86,3325,470,42,428,5703,171,5532,35.254722,-91.753158
Arkansas,WHITE,Searcy Police Department,AR0730100,824,64,760,1079,79,1000,11,1,10,0,0,0,111,1,110,24,6,18,1206,17,1189,457,19,438,5066,434,4632,130,1,129,6729,470,6259,35.254722,-91.753158
Arkansas,WHITE,Bald Knob Police Department,AR0730200,97,29,68,150,33,117,9,1,8,0,0,0,23,1,22,1,0,1,215,11,204,34,1,33,604,46,558,43,2,41,853,58,795,35.254722,-91.753158
Arkansas,WHITE,Beebe Police Department,AR0730300,281,101,180,361,108,253,12,0,12,0,0,0,17,0,17,2,1,1,326,11,315,127,5,122,1984,372,1612,64,3,61,2437,388,2049,35.254722,-91.753158
Arkansas,WHITE,Kensett Police Department,AR0730400,31,12,19,49,16,33,3,0,3,0,0,0,4,1,3,3,1,2,38,8,30,9,0,9,148,9,139,12,2,10,195,17,178,35.23232,-91.66712
Arkansas,WHITE,Rose Bud Police Department,AR0730600,3,0,3,4,0,4,0,0,0,0,0,0,0,0,0,0,0,0,11,0,11,7,0,7,55,5,50,0,0,0,73,5,68,35.254722,-91.753158
Arkansas,WHITE,Judsonia Police Department,AR0730700,49,17,32,66,17,49,0,0,0,0,0,0,11,0,11,0,0,0,66,4,62,32,2,30,166,6,160,15,0,15,264,12,252,35.254722,-91.753158
Arkansas,WHITE,Bradford Police Department,AR0730800,24,8,16,29,10,19,2,0,2,0,0,0,4,2,2,0,0,0,29,0,29,11,0,11,91,5,86,5,2,3,131,5,126,35.42481,-91.456474
Arkansas,WHITE,Higginson Police Department,AR0730900,2,0,2,3,0,3,1,0,1,0,0,0,0,0,0,0,0,0,7,0,7,2,0,2,16,1,15,0,0,0,25,1,24,35.254722,-91.753158
Arkansas,WHITE,McRae Police Department,AR0731000,18,6,12,22,6,16,0,0,0,0,0,0,3,0,3,0,0,0,15,2,13,3,0,3,48,6,42,4,0,4,66,8,58,35.112488,-91.82137
Arkansas,WHITE,Arkansas State University: Beebe,AR0731200,0,0,0,3,0,3,0,0,0,0,0,0,2,0,2,0,0,0,3,0,3,6,1,5,43,0,43,3,0,3,52,1,51,35.254722,-91.753158
Arkansas,WOODRUFF,Woodruff County Sheriff's Office,AR0740000,38,14,24,42,15,27,3,1,2,0,0,0,3,1,2,0,0,0,84,12,72,58,3,55,153,10,143,4,1,3,295,25,270,35.28729,-91.36512
Arkansas,WOODRUFF,Augusta Police Department,AR0740100,45,15,30,64,19,45,3,0,3,0,0,0,3,0,3,0,0,0,97,13,84,7,0,7,183,13,170,14,3,11,287,26,261,35.189071,-91.244418
Arkansas,WOODRUFF,McCrory Police Department,AR0740200,42,13,29,65,15,50,1,0,1,0,0,0,9,2,7,0,0,0,38,3,35,16,1,15,131,10,121,22,2,20,185,14,171,35.189071,-91.244418
Arkansas,WOODRUFF,Patterson,AR0740400,8,4,4,8,4,4,0,0,0,0,0,0,0,0,0,0,0,0,4,2,2,2,0,2,14,3,11,0,0,0,20,5,15,,
Arkansas,YELL,Yell County Sheriff's Office,AR0750000,548,210,338,676,250,426,31,6,25,0,0,0,26,4,22,17,8,9,484,57,427,185,28,157,882,103,779,93,25,68,1551,188,1363,34.997713,-93.408303
Arkansas,YELL,Dardanelle Police Department,AR0750100,177,63,114,273,77,196,7,2,5,0,0,0,23,3,20,1,0,1,272,27,245,76,13,63,535,75,460,75,8,67,883,115,768,34.997713,-93.408303
Arkansas,YELL,Danville Police Department,AR0750200,46,17,29,61,22,39,0,0,0,0,0,0,6,2,4,4,2,2,62,9,53,15,3,12,92,11,81,7,2,5,169,23,146,34.997713,-93.408303
Arkansas,YELL,Ola Police Department,AR0750300,31,10,21,36,11,25,0,0,0,0,0,0,1,0,1,0,0,0,21,4,17,15,0,15,65,5,60,5,1,4,101,9,92,34.997713,-93.408303
Arkansas,NOT SPECIFIED,Arkansas State Police,ARASP0000,0,0,0,0,0,0,0,0,0,0,0,0,0,0,0,0,0,0,0,0,0,0,0,0,0,0,0,0,0,0,0,0,0,34.773988,-92.316515
