State,County,Agency,Ori,total aggravated-assault crimes (2015-2023),total aggravated-assault cleared crimes (2015-2023),total aggravated-assault actual crimes (2015-2023),total violent-crime crimes (2015-2023),total violent-crime cleared crimes (2015-2023),total violent-crime actual crimes (2015-2023),total arson crimes (2015-2023),total arson cleared crimes (2015-2023),total arson actual crimes (2015-2023),total human-trafficing crimes (2015-2023),total human-trafficing cleared crimes (2015-2023),total human-trafficing actual crimes (2015-2023),total rape-legacy crimes (2015-2023),total rape-legacy cleared crimes (2015-2023),total rape-legacy actual crimes (2015-2023),total homicide crimes (2015-2023),total homicide cleared crimes (2015-2023),total homicide actual crimes (2015-2023),total burglary crimes (2015-2023),total burglary cleared crimes (2015-2023),total burglary actual crimes (2015-2023),total motor-vehicle-theft crimes (2015-2023),total motor-vehicle-theft cleared crimes (2015-2023),total motor-vehicle-theft actual crimes (2015-2023),total larceny crimes (2015-2023),total larceny cleared crimes (2015-2023),total larceny actual crimes (2015-2023),total rape crimes (2015-2023),total rape cleared crimes (2015-2023),total rape actual crimes (2015-2023),total property-crime crimes (2015-2023),total property-crime cleared crimes (2015-2023),total property-crime actual crimes (2015-2023),Latitude,Longitude
Nebraska,ADAMS,Adams County Sheriff's Office,NB0010000,29,11,18,57,13,44,6,0,6,1,0,1,13,0,13,0,0,0,145,8,137,46,9,37,390,17,373,25,1,24,581,34,547,40.520632,-98.500044
Nebraska,ADAMS,Hastings Police Department,NB0010100,447,147,300,692,174,518,54,11,43,3,0,3,92,7,85,2,1,1,869,64,805,518,84,434,5730,1020,4710,185,14,171,7117,1168,5949,40.520632,-98.500044
Nebraska,ANTELOPE,Antelope County Sheriff's Office,NB0020000,37,16,21,44,19,25,0,0,0,0,0,0,4,2,2,0,0,0,9,1,8,20,5,15,107,17,90,3,1,2,136,23,113,42.183225,-98.058037
Nebraska,ANTELOPE,Neligh Police Department,NB0020100,8,4,4,8,4,4,0,0,0,0,0,0,0,0,0,0,0,0,5,0,5,2,0,2,38,7,31,0,0,0,45,7,38,42.183225,-98.058037
Nebraska,ARTHUR,Arthur County Sheriff's Office,NB0030000,0,0,0,0,0,0,0,0,0,0,0,0,0,0,0,0,0,0,0,0,0,0,0,0,2,1,1,0,0,0,2,1,1,41.571944,-101.695898
Nebraska,BANNER,Banner County Sheriff's Office,NB0040000,2,1,1,2,1,1,0,0,0,0,0,0,0,0,0,0,0,0,3,0,3,0,0,0,6,0,6,0,0,0,9,0,9,41.53975,-103.726263
Nebraska,BLAINE,Blaine County Sheriff's Office,NB0050000,0,0,0,0,0,0,0,0,0,0,0,0,0,0,0,0,0,0,0,0,0,0,0,0,0,0,0,0,0,0,0,0,0,41.92523,-99.990771
Nebraska,BOONE,Boone County Sheriff's Office,NB0060000,12,2,10,15,2,13,2,0,2,0,0,0,1,0,1,0,0,0,11,0,11,8,0,8,35,1,34,3,0,3,54,1,53,41.7054,-98.066794
Nebraska,BOONE,Albion Police Department,NB0060100,1,0,1,1,0,1,0,0,0,0,0,0,0,0,0,0,0,0,2,1,1,0,0,0,0,0,0,0,0,0,2,1,1,41.7054,-98.066794
Nebraska,BOX BUTTE,Box Butte County Sheriff's Office,NB0070000,22,9,13,25,9,16,0,0,0,0,0,0,2,0,2,0,0,0,42,5,37,20,4,16,63,8,55,2,0,2,125,17,108,42.215665,-103.087821
Nebraska,BOX BUTTE,Alliance Police Department,NB0070100,208,74,134,295,98,197,7,1,6,0,0,0,38,8,30,2,1,1,476,32,444,78,14,64,737,58,679,59,13,46,1291,104,1187,42.215665,-103.087821
Nebraska,BOX BUTTE,Hemingford,NB0070200,0,0,0,0,0,0,0,0,0,0,0,0,0,0,0,0,0,0,0,0,0,0,0,0,0,0,0,0,0,0,0,0,0,,
Nebraska,BOYD,Boyd County Sheriff's Office,NB0080000,0,0,0,0,0,0,0,0,0,0,0,0,0,0,0,0,0,0,6,1,5,0,0,0,2,0,2,0,0,0,8,1,7,42.894448,-98.773022
Nebraska,BROWN,Brown County Sheriff's Office,NB0090000,14,7,7,14,7,7,0,0,0,0,0,0,0,0,0,0,0,0,32,5,27,12,4,8,57,7,50,0,0,0,101,16,85,42.34939,-99.923176
Nebraska,BUFFALO,Buffalo County Sheriff's Office,NB0100000,169,81,88,258,115,143,10,2,8,0,0,0,38,14,24,1,0,1,208,32,176,139,49,90,764,143,621,80,30,50,1111,224,887,40.855226,-99.074983
Nebraska,BUFFALO,Kearney Police Department,NB0100100,873,409,464,1299,548,751,63,19,44,2,0,2,198,54,144,2,1,1,795,131,664,385,105,280,5776,1477,4299,332,102,230,6956,1713,5243,40.855226,-99.074983
Nebraska,BUFFALO,Ravenna Police Department,NB0100300,0,0,0,0,0,0,2,1,1,0,0,0,0,0,0,0,0,0,3,0,3,3,0,3,28,6,22,0,0,0,34,6,28,40.855226,-99.074983
Nebraska,BUFFALO,University of Nebraska: Kearney,NB0100600,0,0,0,19,5,14,2,0,2,0,0,0,9,3,6,0,0,0,26,2,24,2,0,2,158,6,152,16,4,12,186,8,178,40.855226,-99.074983
Nebraska,BURT,Burt County Sheriff's Office,NB0110000,35,15,20,57,24,33,1,0,1,0,0,0,7,3,4,2,1,1,52,5,47,11,2,9,90,5,85,11,4,7,153,12,141,41.854179,-96.337746
Nebraska,BURT,Lyons Police Department,NB0110100,0,0,0,0,0,0,0,0,0,0,0,0,0,0,0,0,0,0,0,0,0,0,0,0,0,0,0,0,0,0,0,0,0,41.854179,-96.337746
Nebraska,BURT,Oakland Police Department,NB0110200,0,0,0,0,0,0,0,0,0,0,0,0,0,0,0,0,0,0,0,0,0,0,0,0,0,0,0,0,0,0,0,0,0,41.854179,-96.337746
Nebraska,BURT,Tekamah Police Department,NB0110300,14,6,8,15,6,9,0,0,0,0,0,0,0,0,0,0,0,0,19,2,17,3,1,2,80,20,60,1,0,1,102,23,79,41.854179,-96.337746
Nebraska,BUTLER,Butler County Sheriff's Office,NB0120000,39,18,21,68,23,45,5,1,4,0,0,0,12,3,9,2,1,1,53,11,42,31,8,23,127,24,103,27,4,23,211,43,168,41.226072,-97.132039
Nebraska,CASS,Cass County Sheriff's Office,NB0130000,114,25,89,188,28,160,6,1,5,0,0,0,45,2,43,3,0,3,239,15,224,165,8,157,978,17,961,66,2,64,1382,40,1342,40.909878,-96.140609
Nebraska,CASS,Plattsmouth Police Department,NB0130100,41,14,27,77,18,59,3,1,2,0,0,0,9,1,8,0,0,0,133,8,125,54,2,52,770,74,696,32,3,29,957,84,873,40.909878,-96.140609
Nebraska,CEDAR,Cedar County Sheriff's Office,NB0140000,34,12,22,39,14,25,1,0,1,0,0,0,5,2,3,0,0,0,21,2,19,36,9,27,157,21,136,3,1,2,214,32,182,42.604511,-97.256824
Nebraska,CEDAR,Randolph Police Department,NB0140200,2,1,1,2,1,1,0,0,0,0,0,0,0,0,0,0,0,0,0,0,0,0,0,0,1,0,1,0,0,0,1,0,1,42.604511,-97.256824
Nebraska,CEDAR,Laurel Police Department,NB0140300,0,0,0,0,0,0,0,0,0,0,0,0,0,0,0,0,0,0,0,0,0,0,0,0,3,0,3,0,0,0,3,0,3,42.604511,-97.256824
Nebraska,CHASE,Chase County Sheriff's Office,NB0150000,8,3,5,9,3,6,0,0,0,0,0,0,0,0,0,1,0,1,13,0,13,12,1,11,37,6,31,0,0,0,62,7,55,40.53039,-101.694192
Nebraska,CHASE,Imperial Police Department,NB0150100,14,7,7,17,7,10,0,0,0,0,0,0,3,0,3,0,0,0,13,4,9,16,5,11,53,14,39,2,0,2,82,23,59,40.53039,-101.694192
Nebraska,CHERRY,Cherry County Sheriff's Office,NB0160000,20,10,10,28,13,15,0,0,0,0,0,0,1,0,1,4,2,2,22,3,19,23,8,15,49,10,39,3,1,2,94,21,73,42.566619,-101.070416
Nebraska,CHERRY,Valentine Police Department,NB0160100,137,52,85,174,56,118,1,0,1,0,0,0,18,1,17,1,0,1,34,10,24,44,6,38,240,57,183,32,3,29,318,73,245,42.566619,-101.070416
Nebraska,CHEYENNE,Cheyenne County Sheriff's Office,NB0170000,85,17,68,97,18,79,2,0,2,0,0,0,4,0,4,2,0,2,53,5,48,26,4,22,67,9,58,8,0,8,146,18,128,41.214236,-103.011929
Nebraska,CHEYENNE,Sidney Police Department,NB0170100,283,119,164,307,123,184,3,1,2,0,0,0,10,1,9,2,1,1,139,17,122,49,8,41,1064,224,840,17,2,15,1252,249,1003,41.214236,-103.011929
Nebraska,CLAY,Clay County Sheriff's Office,NB0180000,16,4,12,16,4,12,0,0,0,0,0,0,0,0,0,0,0,0,19,0,19,10,2,8,10,1,9,0,0,0,39,3,36,40.523669,-98.05105
Nebraska,CLAY,Harvard Police Department,NB0180100,0,0,0,0,0,0,1,0,1,0,0,0,0,0,0,0,0,0,1,0,1,1,0,1,7,1,6,0,0,0,9,1,8,40.523669,-98.05105
Nebraska,CLAY,Sutton Police Department,NB0180200,0,0,0,0,0,0,0,0,0,0,0,0,0,0,0,0,0,0,0,0,0,0,0,0,0,0,0,0,0,0,0,0,0,40.523669,-98.05105
Nebraska,COLFAX,Colfax County Sheriff's Office,NB0190000,19,5,14,38,11,27,1,0,1,0,0,0,9,3,6,0,0,0,32,3,29,35,8,27,122,11,111,17,5,12,189,22,167,41.574675,-97.089455
Nebraska,COLFAX,Schuyler Police Department,NB0190100,28,13,15,37,14,23,0,0,0,4,0,4,9,1,8,0,0,0,15,0,15,7,1,6,109,22,87,9,1,8,131,23,108,41.574675,-97.089455
Nebraska,CUMING,Cuming County Sheriff's Office,NB0200000,8,1,7,24,6,18,3,1,2,0,0,0,11,3,8,2,1,1,27,4,23,7,1,6,42,4,38,14,4,10,76,9,67,41.915865,-96.788517
Nebraska,CUMING,West Point Police Department,NB0200100,12,6,6,33,15,18,0,0,0,0,0,0,12,6,6,0,0,0,12,3,9,9,3,6,87,20,67,16,7,9,108,26,82,41.915865,-96.788517
Nebraska,CUMING,Wisner Police Department,NB0200200,0,0,0,2,1,1,0,0,0,0,0,0,2,1,1,0,0,0,5,1,4,0,0,0,6,1,5,2,1,1,11,2,9,41.915865,-96.788517
Nebraska,CUSTER,Custer County Sheriff's Office,NB0210000,46,21,25,60,25,35,4,1,3,0,0,0,7,2,5,1,0,1,90,11,79,38,6,32,245,29,216,13,4,9,373,46,327,41.393893,-99.726866
Nebraska,CUSTER,Broken Bow Police Department,NB0210100,47,20,27,60,24,36,0,0,0,0,0,0,5,2,3,0,0,0,25,3,22,17,3,14,207,32,175,10,4,6,249,38,211,41.393893,-99.726866
Nebraska,DAKOTA,Dakota County Sheriff's Office,NB0220000,119,41,78,148,45,103,0,0,0,0,0,0,15,1,14,2,1,1,89,14,75,92,11,81,351,46,305,14,1,13,532,71,461,42.390456,-96.562549
Nebraska,DAKOTA,South Sioux City Police Department,NB0220100,329,122,207,401,134,267,5,0,5,2,1,1,39,7,32,2,1,1,184,11,173,314,23,291,3757,1044,2713,46,7,39,4255,1078,3177,42.390456,-96.562549
Nebraska,"DAKOTA, DIXON, THURSTON",Emerson Police Department,NB0220300,3,1,2,4,1,3,0,0,0,0,0,0,1,0,1,0,0,0,4,0,4,1,0,1,6,0,6,1,0,1,11,0,11,42.48528,-96.855862
Nebraska,DAWES,Dawes County Sheriff's Office,NB0230000,12,6,6,12,6,6,0,0,0,0,0,0,0,0,0,0,0,0,7,1,6,8,2,6,42,5,37,0,0,0,57,8,49,42.711214,-103.134872
Nebraska,DAWES,Chadron Police Department,NB0230100,104,39,65,152,45,107,6,1,5,0,0,0,18,0,18,4,2,2,113,6,107,100,14,86,777,134,643,38,2,36,990,154,836,42.711214,-103.134872
Nebraska,DAWSON,Dawson County Sheriff's Office,NB0240000,83,35,48,107,39,68,1,0,1,0,0,0,12,2,10,3,1,2,95,7,88,37,8,29,192,20,172,20,3,17,324,35,289,40.867378,-99.815154
Nebraska,DAWSON,Cozad Police Department,NB0240100,62,26,36,84,31,53,2,0,2,0,0,0,14,4,10,0,0,0,49,12,37,15,4,11,200,35,165,16,4,12,264,51,213,40.867378,-99.815154
Nebraska,DAWSON,Gothenburg Police Department,NB0240200,18,6,12,26,8,18,1,0,1,0,0,0,5,1,4,0,0,0,47,9,38,32,6,26,310,37,273,6,1,5,389,52,337,40.867378,-99.815154
Nebraska,DAWSON,Lexington Police Department,NB0240300,158,76,82,230,104,126,3,0,3,0,0,0,29,11,18,8,4,4,166,20,146,100,28,72,1665,484,1181,46,18,28,1931,532,1399,40.867378,-99.815154
Nebraska,DEUEL,Deuel County Sheriff's Office,NB0250000,9,0,9,9,0,9,0,0,0,0,0,0,0,0,0,0,0,0,12,1,11,3,0,3,28,0,28,0,0,0,43,1,42,41.111903,-102.332609
Nebraska,DIXON,Dixon County Sheriff's Office,NB0260000,35,14,21,42,15,27,2,0,2,0,0,0,4,0,4,0,0,0,120,6,114,27,6,21,184,21,163,7,1,6,331,33,298,42.48528,-96.855862
Nebraska,DODGE,Dodge County Sheriff's Office,NB0270000,81,37,44,119,47,72,3,1,2,0,0,0,25,7,18,2,1,1,146,16,130,80,8,72,539,63,476,20,5,15,765,87,678,41.577008,-96.645853
Nebraska,DODGE,Fremont Police Department,NB0270100,314,114,200,605,162,443,51,13,38,0,0,0,123,15,108,4,2,2,771,67,704,386,44,342,3954,535,3419,235,36,199,5111,646,4465,41.577008,-96.645853
Nebraska,DODGE,Scribner Police Department,NB0270300,6,3,3,6,3,3,0,0,0,0,0,0,0,0,0,0,0,0,2,1,1,0,0,0,10,5,5,0,0,0,12,6,6,41.577008,-96.645853
Nebraska,DOUGLAS,Douglas County Sheriff's Office,NB0280000,1095,518,577,1437,658,779,29,7,22,7,3,4,165,64,101,21,11,10,1382,212,1170,768,201,567,3840,627,3213,226,97,129,5990,1040,4950,41.297091,-96.154066
Nebraska,DOUGLAS,Omaha Police Department,NB0280200,20937,8056,12881,30493,11468,19025,187,33,154,0,0,0,0,0,0,398,179,219,14692,2025,12667,26493,4663,21830,105489,24008,81481,3678,1418,2260,146674,30696,115978,41.297091,-96.154066
Nebraska,DOUGLAS,Ralston Police Department,NB0280400,44,15,29,115,32,83,0,0,0,0,0,0,4,0,4,1,0,1,193,30,163,224,34,190,829,90,739,48,11,37,1246,154,1092,41.297091,-96.154066
Nebraska,DOUGLAS,Valley Police Department,NB0280500,14,6,8,27,11,16,1,0,1,0,0,0,12,5,7,0,0,0,59,4,55,23,3,20,215,30,185,3,1,2,297,37,260,41.297091,-96.154066
Nebraska,DOUGLAS,Boys Town Police Department,NB0280600,16,6,10,36,12,24,1,0,1,0,0,0,2,0,2,0,0,0,5,2,3,1,0,1,83,33,50,20,6,14,89,35,54,41.297091,-96.154066
Nebraska,DOUGLAS,Bennington Police Department,NB0280700,3,1,2,6,2,4,0,0,0,0,0,0,1,0,1,0,0,0,7,0,7,18,6,12,63,6,57,0,0,0,88,12,76,41.297091,-96.154066
Nebraska,DOUGLAS,Waterloo Police Department,NB0280800,0,0,0,0,0,0,0,0,0,0,0,0,0,0,0,0,0,0,1,0,1,3,0,3,8,1,7,0,0,0,12,1,11,41.297091,-96.154066
Nebraska,DOUGLAS,University of Nebraska:,NB0280900,18,9,9,20,10,10,0,0,0,0,0,0,2,1,1,0,0,0,1,0,1,14,0,14,210,14,196,2,1,1,225,14,211,,
Nebraska,DOUGLAS,Metropolitan Community College: Douglas County,NB0282400,8,4,4,9,4,5,0,0,0,0,0,0,0,0,0,0,0,0,4,1,3,3,1,2,125,18,107,0,0,0,132,20,112,41.297091,-96.154066
Nebraska,DUNDY,Dundy County Sheriff's Office,NB0290000,0,0,0,2,1,1,0,0,0,0,0,0,2,1,1,0,0,0,9,1,8,7,2,5,27,4,23,2,1,1,43,7,36,40.180165,-101.681133
Nebraska,FILLMORE,Fillmore County Sheriff's Office,NB0300000,87,40,47,95,43,52,2,1,1,0,0,0,4,1,3,0,0,0,40,4,36,19,6,13,88,12,76,6,2,4,147,22,125,40.52504,-97.596705
Nebraska,FRANKLIN,Franklin County Sheriff's Office,NB0310000,4,2,2,4,2,2,2,1,1,0,0,0,0,0,0,0,0,0,26,3,23,31,14,17,50,7,43,0,0,0,107,24,83,40.183203,-98.96208
Nebraska,FRANKLIN,Franklin,NB0310100,0,0,0,0,0,0,0,0,0,0,0,0,0,0,0,0,0,0,3,0,3,1,0,1,7,0,7,0,0,0,11,0,11,,
Nebraska,FRONTIER,Frontier County Sheriff's Office,NB0320000,7,3,4,15,4,11,0,0,0,0,0,0,6,0,6,2,1,1,10,1,9,6,1,5,68,2,66,6,0,6,84,4,80,40.530947,-100.406683
Nebraska,FURNAS,Furnas County Sheriff's Office,NB0330000,81,36,45,108,46,62,3,0,3,2,1,1,21,8,13,0,0,0,121,19,102,46,15,31,295,47,248,27,10,17,462,81,381,40.191865,-99.909663
Nebraska,GAGE,Gage County Sheriff's Office,NB0340000,153,52,101,199,53,146,6,1,5,1,0,1,10,0,10,0,0,0,223,53,170,51,8,43,344,25,319,43,0,43,618,86,532,40.255234,-96.683453
Nebraska,GAGE,Beatrice Police Department,NB0340100,200,74,126,373,100,273,7,1,6,0,0,0,39,10,29,2,1,1,351,38,313,136,15,121,1911,362,1549,154,22,132,2398,415,1983,40.255234,-96.683453
Nebraska,GAGE,Wymore Police Department,NB0340200,7,1,6,8,1,7,2,0,2,0,0,0,1,0,1,0,0,0,5,1,4,5,2,3,8,0,8,1,0,1,18,3,15,40.255234,-96.683453
Nebraska,GARDEN,Garden County Sheriff's Office,NB0350000,11,5,6,11,5,6,0,0,0,0,0,0,0,0,0,0,0,0,2,0,2,6,3,3,7,1,6,0,0,0,15,4,11,41.659381,-102.328229
Nebraska,GARFIELD,Garfield County Sheriff's Office,NB0360000,1,0,1,2,0,2,0,0,0,0,0,0,0,0,0,0,0,0,3,1,2,0,0,0,5,0,5,1,0,1,8,1,7,41.905571,-98.922998
Nebraska,GARFIELD,Burwell Police Department,NB0360100,5,2,3,7,2,5,0,0,0,0,0,0,1,0,1,0,0,0,2,0,2,0,0,0,14,2,12,2,0,2,16,2,14,41.905571,-98.922998
Nebraska,GOSPER,Gosper County Sheriff's Office,NB0370000,16,6,10,18,6,12,2,1,1,0,0,0,2,0,2,0,0,0,25,1,24,4,1,3,66,7,59,2,0,2,95,9,86,40.509838,-99.824078
Nebraska,GRANT,Grant County Sheriff's Office,NB0380000,0,0,0,0,0,0,0,0,0,0,0,0,0,0,0,0,0,0,0,0,0,0,0,0,0,0,0,0,0,0,0,0,0,41.915867,-101.756875
Nebraska,GREELEY,Greeley County Sheriff's Office,NB0390000,3,1,2,3,1,2,0,0,0,0,0,0,0,0,0,0,0,0,0,0,0,0,0,0,2,0,2,0,0,0,2,0,2,41.5676,-98.530566
Nebraska,GREELEY,Scotia,NB0390100,0,0,0,0,0,0,0,0,0,0,0,0,0,0,0,0,0,0,0,0,0,0,0,0,0,0,0,0,0,0,0,0,0,,
Nebraska,GREELEY,Spalding,NB0390200,0,0,0,0,0,0,0,0,0,0,0,0,0,0,0,0,0,0,0,0,0,0,0,0,0,0,0,0,0,0,0,0,0,,
Nebraska,HALL,Hall County Sheriff's Office,NB0400000,375,164,211,445,195,250,9,3,6,0,0,0,41,19,22,4,2,2,329,57,272,119,29,90,815,141,674,52,23,29,1263,227,1036,40.866023,-98.498004
Nebraska,HALL,Grand Island Police Department,NB0400100,2083,914,1169,2776,1124,1652,93,22,71,5,2,3,332,87,245,11,4,7,2078,386,1692,1037,237,800,12025,3095,8930,425,121,304,15140,3718,11422,40.866023,-98.498004
Nebraska,HAMILTON,Hamilton County Sheriff's Office,NB0410000,25,9,16,41,13,28,2,0,2,0,0,0,4,1,3,2,1,1,82,7,75,37,3,34,107,1,106,14,3,11,226,11,215,40.877145,-98.021943
Nebraska,HAMILTON,Aurora Police Department,NB0410100,79,34,45,97,39,58,0,0,0,0,0,0,9,3,6,0,0,0,48,4,44,20,0,20,217,18,199,18,5,13,285,22,263,40.877145,-98.021943
Nebraska,HARLAN,Harlan County Sheriff's Office,NB0420000,0,0,0,0,0,0,0,0,0,0,0,0,0,0,0,0,0,0,0,0,0,2,1,1,2,1,1,0,0,0,4,2,2,40.178766,-99.403418
Nebraska,HAYES,Hayes County Sheriff's Office,NB0430000,5,2,3,6,2,4,0,0,0,0,0,0,1,0,1,0,0,0,1,0,1,0,0,0,40,10,30,0,0,0,41,10,31,40.535786,-101.05558
Nebraska,HITCHCOCK,Hitchcock County Sheriff's Office,NB0440000,15,7,8,29,11,18,1,0,1,0,0,0,9,2,7,3,1,2,40,5,35,24,7,17,64,8,56,6,1,5,128,20,108,40.176896,-101.044217
Nebraska,HOLT,Holt County Sheriff's Office,NB0450000,8,4,4,17,8,9,4,2,2,0,0,0,3,1,2,0,0,0,12,3,9,7,2,5,35,9,26,5,2,3,54,14,40,42.459287,-98.784766
Nebraska,HOLT,O'Neill Police Department,NB0450100,18,9,9,65,32,33,3,1,2,0,0,0,12,6,6,2,1,1,29,13,16,25,11,14,121,55,66,39,19,20,175,79,96,42.459287,-98.784766
Nebraska,HOOKER,Hooker County Sheriff's Office,NB0460000,2,1,1,2,1,1,0,0,0,5,2,3,0,0,0,0,0,0,4,0,4,4,2,2,15,5,10,0,0,0,23,7,16,41.9187,-101.11681
Nebraska,HOWARD,Howard County Sheriff's Office,NB0470000,16,5,11,16,5,11,0,0,0,0,0,0,0,0,0,0,0,0,8,1,7,6,2,4,7,0,7,0,0,0,21,3,18,41.216851,-98.513342
Nebraska,HOWARD,St. Paul Police Department,NB0470100,3,1,2,4,1,3,0,0,0,0,0,0,0,0,0,0,0,0,8,1,7,4,1,3,39,5,34,1,0,1,51,7,44,41.216851,-98.513342
Nebraska,JEFFERSON,Jefferson County Sheriff's Office,NB0480000,46,18,28,64,25,39,2,0,2,0,0,0,12,4,8,4,2,2,96,11,85,26,2,24,352,50,302,12,4,8,474,63,411,40.175736,-97.143103
Nebraska,JOHNSON,Johnson County Sheriff's Office,NB0490000,53,25,28,66,29,37,6,2,4,0,0,0,5,2,3,0,0,0,52,10,42,19,3,16,106,12,94,13,4,9,177,25,152,40.395457,-96.268562
Nebraska,KEARNEY,Kearney County Sheriff's Office,NB0500000,34,15,19,54,18,36,3,1,2,0,0,0,18,3,15,0,0,0,82,3,79,30,4,26,182,9,173,19,3,16,294,16,278,40.506269,-98.948461
Nebraska,KEARNEY,Minden Police Department,NB0500100,24,9,15,48,15,33,4,1,3,0,0,0,19,4,15,0,0,0,59,2,57,23,2,21,248,12,236,24,6,18,330,16,314,40.506269,-98.948461
Nebraska,KEITH,Keith County Sheriff's Office,NB0510000,25,6,19,38,9,29,0,0,0,0,0,0,10,3,7,0,0,0,52,6,46,22,5,17,122,15,107,13,3,10,196,26,170,41.194413,-101.644486
Nebraska,KEITH,Ogallala Police Department,NB0510100,80,36,44,115,45,70,3,1,2,0,0,0,17,3,14,1,0,1,182,23,159,71,16,55,1127,219,908,29,7,22,1380,258,1122,41.194413,-101.644486
Nebraska,KEYA PAHA,Keya Paha County Sheriff's Office,NB0520000,4,2,2,4,2,2,0,0,0,0,0,0,0,0,0,0,0,0,7,0,7,3,1,2,0,0,0,0,0,0,10,1,9,42.87548,-99.718351
Nebraska,KIMBALL,Kimball County Sheriff's Office,NB0530000,7,3,4,12,4,8,0,0,0,0,0,0,4,1,3,0,0,0,15,3,12,18,6,12,31,0,31,0,0,0,64,9,55,41.199274,-103.703153
Nebraska,KIMBALL,Kimball Police Department,NB0530100,41,20,21,43,21,22,1,0,1,0,0,0,0,0,0,2,1,1,15,5,10,8,1,7,37,11,26,0,0,0,60,17,43,41.199274,-103.703153
Nebraska,KNOX,Knox County Sheriff's Office,NB0540000,20,8,12,25,9,16,0,0,0,0,0,0,1,0,1,0,0,0,43,8,35,61,17,44,123,10,113,3,0,3,227,35,192,42.634404,-97.891349
Nebraska,KNOX,Creighton Police Department,NB0540100,0,0,0,0,0,0,0,0,0,0,0,0,0,0,0,0,0,0,0,0,0,0,0,0,0,0,0,0,0,0,0,0,0,42.634404,-97.891349
Nebraska,KNOX,Bloomfield,NB0540500,0,0,0,0,0,0,0,0,0,0,0,0,0,0,0,0,0,0,1,0,1,0,0,0,0,0,0,0,0,0,1,0,1,,
Nebraska,LANCASTER,Lancaster County Sheriff's Office,NB0550000,136,66,70,267,104,163,20,6,14,0,0,0,54,17,37,0,0,0,502,90,412,164,39,125,1123,188,935,94,22,72,1789,317,1472,40.783547,-96.688658
Nebraska,LANCASTER,Lincoln Police Department,NB0550100,7827,2679,5148,11885,3371,8514,624,152,472,19,1,18,875,81,794,88,42,46,9345,878,8467,4713,845,3868,64201,11732,52469,1762,172,1590,78259,13455,64804,40.783547,-96.688658
Nebraska,LANCASTER,University of Nebraska: Lincoln,NB0550500,45,18,27,129,29,100,12,3,9,0,0,0,39,6,33,0,0,0,53,10,43,46,13,33,1503,281,1222,55,4,51,1602,304,1298,40.783547,-96.688658
Nebraska,LANCASTER,Nebraska State Fire Marshal,NB0550900,0,0,0,0,0,0,94,18,76,0,0,0,0,0,0,0,0,0,0,0,0,0,0,0,0,0,0,0,0,0,0,0,0,,
Nebraska,LINCOLN,Lincoln County Sheriff's Office,NB0560000,126,56,70,155,64,91,3,1,2,0,0,0,15,4,11,0,0,0,240,40,200,115,39,76,516,79,437,24,6,18,871,158,713,41.050322,-100.744481
Nebraska,LINCOLN,North Platte Police Department,NB0560100,854,395,459,1095,454,641,97,24,73,0,0,0,105,23,82,10,5,5,1378,170,1208,621,194,427,7011,1676,5335,148,26,122,9010,2040,6970,41.050322,-100.744481
Nebraska,LOGAN,Logan County Sheriff's Office,NB0570000,0,0,0,0,0,0,0,0,0,0,0,0,0,0,0,0,0,0,0,0,0,0,0,0,2,0,2,0,0,0,2,0,2,41.542155,-100.443665
Nebraska,LOUP,Loup County Sheriff's Office,NB0580000,0,0,0,0,0,0,0,0,0,0,0,0,0,0,0,0,0,0,0,0,0,0,0,0,0,0,0,0,0,0,0,0,0,41.897714,-99.509764
Nebraska,MCPHERSON,McPherson County Sheriff's Office,NB0590000,0,0,0,0,0,0,0,0,0,0,0,0,0,0,0,0,0,0,1,0,1,0,0,0,2,0,2,0,0,0,3,0,3,41.596473,-101.060237
Nebraska,MADISON,Madison County Sheriff's Office,NB0600000,100,43,57,132,53,79,6,2,4,0,0,0,19,6,13,0,0,0,98,10,88,44,12,32,219,16,203,29,9,20,361,38,323,41.909929,-97.606856
Nebraska,MADISON,Norfolk Police Department,NB0600100,203,94,109,367,126,241,44,12,32,0,0,0,68,5,63,7,3,4,390,44,346,256,66,190,3730,1051,2679,108,10,98,4376,1161,3215,41.909929,-97.606856
Nebraska,MADISON,Madison Police Department,NB0600300,20,9,11,27,11,16,1,0,1,0,0,0,6,2,4,0,0,0,13,0,13,8,3,5,48,2,46,6,2,4,69,5,64,41.909929,-97.606856
Nebraska,"ANTELOPE, MADISON",Tilden Police Department,NB0600400,2,1,1,2,1,1,0,0,0,0,0,0,0,0,0,0,0,0,0,0,0,0,0,0,5,1,4,0,0,0,5,1,4,41.909929,-97.606856
Nebraska,MERRICK,Merrick County Sheriff's Office,NB0610000,21,9,12,30,12,18,1,0,1,0,0,0,5,2,3,0,0,0,18,3,15,30,11,19,53,7,46,9,3,6,101,21,80,41.169801,-98.031051
Nebraska,MERRICK,Central City Police Department,NB0610100,22,10,12,30,12,18,1,0,1,0,0,0,6,2,4,0,0,0,34,3,31,20,5,15,124,5,119,8,2,6,178,13,165,41.169801,-98.031051
Nebraska,MORRILL,Morrill County Sheriff's Office,NB0620000,18,9,9,22,11,11,3,1,2,0,0,0,0,0,0,2,1,1,27,5,22,14,2,12,164,5,159,2,1,1,205,12,193,41.732205,-102.990599
Nebraska,MORRILL,Bayard Police Department,NB0620100,5,2,3,12,5,7,0,0,0,0,0,0,4,2,2,0,0,0,9,3,6,1,0,1,55,18,37,3,1,2,65,21,44,41.732205,-102.990599
Nebraska,NANCE,Nance County Sheriff's Office,NB0630000,20,8,12,22,8,14,0,0,0,0,0,0,1,0,1,0,0,0,5,0,5,1,0,1,7,2,5,2,0,2,13,2,11,41.402385,-97.991408
Nebraska,NEMAHA,Nemaha County Sheriff's Office,NB0640000,67,26,41,98,33,65,1,0,1,0,0,0,19,3,16,0,0,0,114,13,101,63,15,48,223,28,195,27,5,22,400,56,344,40.387448,-95.850954
Nebraska,NUCKOLLS,Nuckolls County Sheriff's Office,NB0650000,0,0,0,0,0,0,0,0,0,0,0,0,0,0,0,0,0,0,0,0,0,0,0,0,0,0,0,0,0,0,0,0,0,40.176492,-98.046842
Nebraska,NUCKOLLS,Superior Police Department,NB0650100,21,10,11,28,12,16,0,0,0,0,0,0,1,0,1,0,0,0,41,14,27,7,2,5,217,81,136,7,2,5,265,97,168,40.176492,-98.046842
Nebraska,OTOE,Otoe County Sheriff's Office,NB0660000,44,17,27,68,25,43,1,0,1,0,0,0,17,5,12,2,1,1,59,10,49,54,10,44,220,30,190,20,6,14,333,50,283,40.637992,-96.131027
Nebraska,OTOE,Nebraska City Police Department,NB0660100,137,59,78,197,77,120,17,4,13,0,0,0,31,6,25,6,3,3,399,22,377,97,17,80,1424,329,1095,46,12,34,1920,368,1552,40.637992,-96.131027
Nebraska,PAWNEE,Pawnee County Sheriff's Office,NB0670000,18,8,10,20,9,11,1,0,1,0,0,0,0,0,0,0,0,0,59,7,52,20,6,14,120,12,108,0,0,0,199,25,174,40.13785,-96.245225
Nebraska,PERKINS,Perkins County Sheriff's Office,NB0680000,21,10,11,27,13,14,0,0,0,0,0,0,6,3,3,0,0,0,60,11,49,31,9,22,135,26,109,6,3,3,226,46,180,40.856065,-101.636443
Nebraska,PHELPS,Phelps County Sheriff's Office,NB0690000,20,2,18,34,4,30,0,0,0,0,0,0,8,1,7,0,0,0,38,1,37,18,2,16,86,4,82,14,2,12,142,7,135,40.516365,-99.406557
Nebraska,PHELPS,Holdrege Police Department,NB0690100,38,14,24,97,29,68,1,0,1,0,0,0,33,5,28,4,2,2,50,5,45,45,11,34,602,98,504,48,10,38,697,114,583,40.516365,-99.406557
Nebraska,PIERCE,Pierce County Sheriff's Office,NB0700000,14,7,7,23,10,13,0,0,0,0,0,0,0,0,0,0,0,0,25,6,19,6,1,5,38,2,36,5,2,3,69,9,60,42.271413,-97.610992
Nebraska,PIERCE,Pierce Police Department,NB0700100,0,0,0,0,0,0,0,0,0,0,0,0,0,0,0,0,0,0,1,0,1,0,0,0,7,0,7,0,0,0,8,0,8,42.271413,-97.610992
Nebraska,PIERCE,Plainview Police Department,NB0700200,20,10,10,21,10,11,0,0,0,0,0,0,0,0,0,0,0,0,0,0,0,0,0,0,36,15,21,1,0,1,36,15,21,42.271413,-97.610992
Nebraska,PIERCE,Osmond Police Department,NB0700300,0,0,0,0,0,0,0,0,0,0,0,0,0,0,0,0,0,0,0,0,0,0,0,0,0,0,0,0,0,0,0,0,0,42.271413,-97.610992
Nebraska,PLATTE,Platte County Sheriff's Office,NB0710000,110,52,58,133,56,77,7,2,5,0,0,0,14,1,13,0,0,0,103,10,93,84,21,63,522,38,484,23,4,19,709,69,640,41.576866,-97.513467
Nebraska,PLATTE,Columbus Police Department,NB0710100,149,68,81,320,120,200,14,4,10,0,0,0,90,28,62,4,2,2,379,55,324,283,72,211,3206,818,2388,138,41,97,3868,945,2923,41.576866,-97.513467
Nebraska,POLK,Polk County Sheriff's Office,NB0720000,5,2,3,5,2,3,0,0,0,0,0,0,0,0,0,0,0,0,24,2,22,15,1,14,190,6,184,0,0,0,229,9,220,41.187925,-97.570663
Nebraska,RED WILLOW,Red Willow County Sheriff's Office,NB0730000,19,8,11,23,9,14,0,0,0,0,0,0,2,0,2,2,1,1,37,2,35,29,5,24,87,14,73,2,0,2,153,21,132,40.16942,-100.468576
Nebraska,RED WILLOW,McCook Police Department,NB0730100,111,51,60,157,62,95,3,1,2,0,0,0,26,6,20,2,1,1,254,53,201,100,33,67,1332,407,925,40,9,31,1686,493,1193,40.16942,-100.468576
Nebraska,RICHARDSON,Richardson County Sheriff's Office,NB0740000,33,12,21,36,12,24,1,0,1,0,0,0,1,0,1,0,0,0,33,6,27,18,3,15,91,9,82,1,0,1,142,18,124,40.123743,-95.718603
Nebraska,RICHARDSON,Falls City Police Department,NB0740100,76,34,42,87,37,50,4,0,4,0,0,0,5,1,4,0,0,0,104,35,69,39,14,25,334,116,218,9,2,7,477,165,312,40.123743,-95.718603
Nebraska,ROCK,Rock County Sheriff's Office,NB0750000,0,0,0,0,0,0,0,0,0,0,0,0,0,0,0,0,0,0,0,0,0,0,0,0,0,0,0,0,0,0,0,0,0,42.413325,-99.45853
Nebraska,SALINE,Saline County Sheriff's Office,NB0760000,71,26,45,91,32,59,6,1,5,0,0,0,8,1,7,0,0,0,84,9,75,36,9,27,182,19,163,20,6,14,302,37,265,40.516802,-97.131755
Nebraska,SALINE,Crete Police Department,NB0760200,370,150,220,519,182,337,12,3,9,0,0,0,60,10,50,0,0,0,158,19,139,79,14,65,1023,154,869,146,31,115,1260,187,1073,40.516802,-97.131755
Nebraska,SARPY,Sarpy County Sheriff's Office,NB0770000,331,135,196,526,171,355,12,3,9,0,0,0,83,10,73,1,0,1,551,53,498,730,71,659,5145,508,4637,141,22,119,6426,632,5794,41.115064,-96.109125
Nebraska,SARPY,Bellevue Police Department,NB0770100,396,145,251,1062,274,788,55,11,44,2,0,2,267,47,220,32,15,17,934,66,868,1212,117,1095,6648,1049,5599,459,79,380,8794,1232,7562,41.115064,-96.109125
Nebraska,SARPY,Papillion Police Department,NB0770200,200,48,152,319,73,246,20,2,18,0,0,0,70,15,55,3,1,2,158,18,140,200,29,171,3195,775,2420,94,20,74,3553,822,2731,41.115064,-96.109125
Nebraska,SARPY,La Vista Police Department,NB0770400,122,45,77,254,76,178,9,0,9,0,0,0,52,8,44,2,1,1,184,20,164,279,23,256,1644,173,1471,102,24,78,2107,216,1891,41.115064,-96.109125
Nebraska,SARPY,Metropolitan Community College: Sarpy County,NB077500X,0,0,0,0,0,0,0,0,0,0,0,0,0,0,0,0,0,0,0,0,0,0,0,0,0,0,0,0,0,0,0,0,0,,
Nebraska,SAUNDERS,Saunders County Sheriff's Office,NB0780000,72,28,44,111,40,71,3,0,3,0,0,0,10,2,8,0,0,0,205,18,187,90,22,68,375,47,328,33,10,23,670,87,583,41.223152,-96.640923
Nebraska,SAUNDERS,Wahoo Police Department,NB0780100,41,19,22,60,27,33,3,1,2,0,0,0,10,5,5,0,0,0,64,10,54,58,18,40,340,93,247,15,7,8,462,121,341,41.223152,-96.640923
Nebraska,SAUNDERS,Ashland Police Department,NB0780200,12,6,6,18,9,9,0,0,0,0,0,0,4,2,2,0,0,0,14,6,8,5,0,5,105,49,56,2,1,1,124,55,69,41.223152,-96.640923
Nebraska,SCOTTS BLUFF,Scotts Bluff County Sheriff's Office,NB0790000,95,41,54,125,45,80,7,3,4,0,0,0,17,1,16,2,0,2,222,21,201,65,7,58,450,25,425,24,3,21,737,53,684,41.851589,-103.70586
Nebraska,SCOTTS BLUFF,Scottsbluff Police Department,NB0790100,500,179,321,687,219,468,33,8,25,0,0,0,99,15,84,15,7,8,597,58,539,262,48,214,4129,877,3252,129,22,107,4988,983,4005,41.851589,-103.70586
Nebraska,SCOTTS BLUFF,Gering Police Department,NB0790200,87,33,54,123,39,84,7,1,6,0,0,0,21,4,17,0,0,0,208,7,201,57,8,49,705,52,653,25,4,21,970,67,903,41.851589,-103.70586
Nebraska,SCOTTS BLUFF,Mitchell Police Department,NB0790300,8,2,6,12,2,10,0,0,0,0,0,0,4,0,4,0,0,0,18,0,18,10,2,8,59,1,58,4,0,4,87,3,84,41.851589,-103.70586
Nebraska,SCOTTS BLUFF,Lyman Police Department,NB0790400,2,1,1,2,1,1,0,0,0,0,0,0,0,0,0,0,0,0,4,0,4,2,0,2,3,0,3,0,0,0,9,0,9,41.851589,-103.70586
Nebraska,SCOTTS BLUFF,Morrill,NB0790500,1,0,1,1,0,1,0,0,0,0,0,0,0,0,0,0,0,0,4,0,4,3,1,2,28,1,27,0,0,0,35,2,33,,
Nebraska,SCOTTS BLUFF,Minatare Police Department,NB0790600,0,0,0,0,0,0,0,0,0,0,0,0,0,0,0,0,0,0,3,0,3,2,0,2,20,2,18,0,0,0,25,2,23,41.851589,-103.70586
Nebraska,SEWARD,Seward County Sheriff's Office,NB0800000,63,24,39,79,28,51,8,2,6,0,0,0,5,1,4,2,1,1,57,10,47,44,4,40,111,6,105,14,3,11,212,20,192,40.871944,-97.140383
Nebraska,SEWARD,Seward Police Department,NB0800100,21,9,12,48,16,32,3,1,2,0,0,0,21,5,16,0,0,0,50,7,43,36,8,28,404,59,345,27,7,20,490,74,416,40.871944,-97.140383
Nebraska,SEWARD,Milford Police Department,NB0800200,5,2,3,7,2,5,0,0,0,0,0,0,2,0,2,0,0,0,14,3,11,1,0,1,26,7,19,2,0,2,41,10,31,40.871944,-97.140383
Nebraska,SHERIDAN,Sheridan County Sheriff's Office,NB0810000,102,31,71,112,34,78,2,1,1,0,0,0,5,1,4,2,1,1,54,7,47,61,6,55,154,13,141,4,1,3,269,26,243,42.507074,-102.389698
Nebraska,SHERIDAN,Gordon Police Department,NB0810100,25,12,13,34,16,18,0,0,0,0,0,0,7,3,4,0,0,0,16,3,13,11,2,9,116,35,81,7,3,4,143,40,103,42.507074,-102.389698
Nebraska,SHERMAN,Sherman County Sheriff's Office,NB0820000,13,2,11,15,2,13,0,0,0,0,0,0,2,0,2,0,0,0,33,8,25,6,0,6,81,5,76,2,0,2,120,13,107,41.218743,-98.972849
Nebraska,SIOUX,Sioux County Sheriff's Office,NB0830000,0,0,0,0,0,0,0,0,0,0,0,0,0,0,0,0,0,0,0,0,0,0,0,0,1,0,1,0,0,0,1,0,1,42.485675,-103.744068
Nebraska,STANTON,Stanton County Sheriff's Office,NB0840000,31,15,16,46,21,25,1,0,1,0,0,0,11,5,6,1,0,1,40,9,31,16,5,11,193,26,167,5,2,3,249,40,209,41.904792,-97.174724
Nebraska,THAYER,Thayer County Sheriff's Office,NB0850000,55,22,33,67,28,39,1,0,1,0,0,0,6,3,3,0,0,0,36,4,32,20,3,17,215,15,200,10,5,5,271,22,249,40.173845,-97.596263
Nebraska,THOMAS,Thomas County Sheriff's Office,NB0860000,0,0,0,0,0,0,0,0,0,0,0,0,0,0,0,0,0,0,0,0,0,0,0,0,0,0,0,0,0,0,0,0,0,41.84862,-100.506911
Nebraska,THURSTON,Thurston County Sheriff's Office,NB0870000,25,3,22,31,3,28,4,0,4,0,0,0,4,0,4,0,0,0,33,2,31,19,1,18,56,1,55,4,0,4,108,4,104,42.154061,-96.533943
Nebraska,NOT SPECIFIED,Omaha Tribal,NB0870200,216,40,176,262,45,217,5,2,3,0,0,0,4,2,2,0,0,0,29,2,27,57,3,54,0,0,0,45,5,40,86,5,81,42.154061,-96.533943
Nebraska,NOT SPECIFIED,Winnebago Tribal,NB0870400,244,77,167,260,84,176,5,1,4,0,0,0,6,3,3,2,1,1,39,7,32,28,6,22,40,9,31,14,6,8,107,22,85,42.154061,-96.533943
Nebraska,THURSTON,Walthill Police Department,NB0870500,0,0,0,0,0,0,0,0,0,0,0,0,0,0,0,0,0,0,0,0,0,0,0,0,0,0,0,0,0,0,0,0,0,42.154061,-96.533943
Nebraska,VALLEY,Valley County Sheriff's Office,NB0880000,17,6,11,29,12,17,0,0,0,0,0,0,10,5,5,0,0,0,11,2,9,3,0,3,51,2,49,12,6,6,65,4,61,41.564094,-98.983484
Nebraska,VALLEY,Ord Police Department,NB0880100,41,15,26,45,15,30,0,0,0,0,0,0,4,0,4,0,0,0,47,2,45,15,5,10,94,13,81,4,0,4,156,20,136,41.564094,-98.983484
Nebraska,WASHINGTON,Washington County Sheriff's Office,NB0890000,37,13,24,55,16,39,0,0,0,0,0,0,6,1,5,2,0,2,78,6,72,65,7,58,437,7,430,10,1,9,580,20,560,41.533973,-96.224577
Nebraska,WASHINGTON,Blair Police Department,NB0890100,62,25,37,110,31,79,5,1,4,0,0,0,30,2,28,0,0,0,94,7,87,81,5,76,675,87,588,40,3,37,850,99,751,41.533973,-96.224577
Nebraska,WAYNE,Wayne County Sheriff's Office,NB0900000,25,8,17,30,8,22,2,0,2,0,0,0,4,0,4,0,0,0,35,4,31,20,2,18,63,6,57,5,0,5,118,12,106,42.210746,-97.126243
Nebraska,WAYNE,Wayne Police Department,NB0900100,8,3,5,26,7,19,1,0,1,0,0,0,14,3,11,0,0,0,12,2,10,4,1,3,97,15,82,17,4,13,113,18,95,42.210746,-97.126243
Nebraska,WEBSTER,Webster County Sheriff's Office,NB0910000,15,7,8,19,9,10,0,0,0,0,0,0,2,1,1,0,0,0,54,6,48,26,8,18,57,9,48,2,1,1,137,23,114,40.180646,-98.49859
Nebraska,WHEELER,Wheeler County Sheriff's Office,NB0920000,8,4,4,8,4,4,0,0,0,0,0,0,0,0,0,0,0,0,0,0,0,0,0,0,6,1,5,0,0,0,6,1,5,41.937859,-98.522289
Nebraska,YORK,York County Sheriff's Office,NB0930000,23,7,16,46,12,34,7,3,4,2,1,1,16,3,13,2,1,1,40,4,36,37,7,30,143,2,141,21,4,17,220,13,207,40.873056,-97.596742
Nebraska,YORK,York Police Department,NB0930100,46,12,34,88,22,66,1,0,1,3,0,3,8,0,8,2,1,1,147,12,135,73,17,56,1524,399,1125,33,7,26,1744,428,1316,40.873056,-97.596742
Nebraska,NOT SPECIFIED,Santee Tribal,NBDI00800,64,30,34,82,39,43,5,0,5,0,0,0,6,3,3,0,0,0,36,9,27,43,16,27,58,17,41,18,9,9,137,42,95,42.634404,-97.891349
Nebraska,NOT SPECIFIED,Nebraska State Patrol,NBNSP0000,21,5,16,23,6,17,0,0,0,0,0,0,0,0,0,2,1,1,4,0,4,0,0,0,36,1,35,0,0,0,40,1,39,40.783547,-96.688658
Nebraska,ADAMS,State Patrol: Adams County,NBNSP0100,5,2,3,5,2,3,0,0,0,0,0,0,0,0,0,0,0,0,0,0,0,0,0,0,6,3,3,0,0,0,6,3,3,40.520632,-98.500044
Nebraska,ANTELOPE,State Patrol: Antelope County,NBNSP0200,0,0,0,0,0,0,0,0,0,0,0,0,0,0,0,0,0,0,0,0,0,0,0,0,3,1,2,0,0,0,3,1,2,42.183225,-98.058037
Nebraska,ARTHUR,State Patrol: Arthur County,NBNSP0300,0,0,0,0,0,0,0,0,0,0,0,0,0,0,0,0,0,0,0,0,0,0,0,0,0,0,0,0,0,0,0,0,0,41.571944,-101.695898
Nebraska,BANNER,State Patrol: Banner County,NBNSP0400,2,1,1,2,1,1,0,0,0,0,0,0,0,0,0,0,0,0,0,0,0,0,0,0,0,0,0,0,0,0,0,0,0,41.53975,-103.726263
Nebraska,BLAINE,State Patrol: Blaine County,NBNSP0500,0,0,0,0,0,0,0,0,0,0,0,0,0,0,0,0,0,0,0,0,0,1,0,1,0,0,0,0,0,0,1,0,1,41.92523,-99.990771
Nebraska,BOONE,State Patrol: Boone County,NBNSP0600,0,0,0,0,0,0,0,0,0,0,0,0,0,0,0,0,0,0,0,0,0,0,0,0,0,0,0,0,0,0,0,0,0,41.7054,-98.066794
Nebraska,BOX BUTTE,State Patrol: Box Butte County,NBNSP0700,6,3,3,10,5,5,0,0,0,0,0,0,0,0,0,4,2,2,2,0,2,0,0,0,3,1,2,0,0,0,5,1,4,42.215665,-103.087821
Nebraska,BOYD,State Patrol: Boyd County,NBNSP0800,0,0,0,0,0,0,0,0,0,0,0,0,0,0,0,0,0,0,0,0,0,0,0,0,2,1,1,0,0,0,2,1,1,40.637992,-96.131027
Nebraska,BROWN,State Patrol: Brown County,NBNSP0900,0,0,0,0,0,0,0,0,0,0,0,0,0,0,0,0,0,0,0,0,0,2,1,1,0,0,0,0,0,0,2,1,1,42.34939,-99.923176
Nebraska,BUFFALO,State Patrol: Buffalo County,NBNSP1000,16,7,9,16,7,9,0,0,0,0,0,0,0,0,0,0,0,0,0,0,0,5,2,3,3,1,2,0,0,0,8,3,5,40.855226,-99.074983
Nebraska,BURT,State Patrol: Burt County,NBNSP1100,1,0,1,1,0,1,0,0,0,0,0,0,0,0,0,0,0,0,0,0,0,0,0,0,0,0,0,0,0,0,0,0,0,41.854179,-96.337746
Nebraska,BUTLER,State Patrol: Butler County,NBNSP1200,2,1,1,2,1,1,0,0,0,0,0,0,0,0,0,0,0,0,0,0,0,2,1,1,0,0,0,0,0,0,2,1,1,41.226072,-97.132039
Nebraska,CASS,State Patrol: Cass County,NBNSP1300,6,3,3,9,4,5,0,0,0,0,0,0,0,0,0,0,0,0,0,0,0,4,2,2,2,1,1,0,0,0,6,3,3,40.909878,-96.140609
Nebraska,CEDAR,State Patrol: Cedar County,NBNSP1400,0,0,0,8,4,4,2,1,1,0,0,0,0,0,0,8,4,4,0,0,0,1,0,1,0,0,0,0,0,0,1,0,1,42.604511,-97.256824
Nebraska,CHASE,State Patrol: Chase County,NBNSP1500,1,0,1,1,0,1,0,0,0,0,0,0,0,0,0,0,0,0,0,0,0,0,0,0,0,0,0,0,0,0,0,0,0,40.53039,-101.694192
Nebraska,CHERRY,State Patrol: Cherry County,NBNSP1600,0,0,0,0,0,0,0,0,0,0,0,0,0,0,0,0,0,0,0,0,0,2,1,1,1,0,1,0,0,0,3,1,2,42.566619,-101.070416
Nebraska,CHEYENNE,State Patrol: Cheyenne County,NBNSP1700,4,2,2,4,2,2,0,0,0,0,0,0,0,0,0,0,0,0,0,0,0,2,1,1,0,0,0,0,0,0,2,1,1,41.214236,-103.011929
Nebraska,CLAY,State Patrol: Clay County,NBNSP1800,0,0,0,0,0,0,0,0,0,0,0,0,0,0,0,0,0,0,1,0,1,1,0,1,2,1,1,0,0,0,4,1,3,40.523669,-98.05105
Nebraska,COLFAX,State Patrol: Colfax County,NBNSP1900,0,0,0,0,0,0,0,0,0,0,0,0,0,0,0,0,0,0,0,0,0,0,0,0,1,0,1,0,0,0,1,0,1,41.574675,-97.089455
Nebraska,CUMING,State Patrol: Cuming County,NBNSP2000,2,1,1,2,1,1,0,0,0,0,0,0,0,0,0,0,0,0,0,0,0,0,0,0,0,0,0,0,0,0,0,0,0,41.915865,-96.788517
Nebraska,CUSTER,State Patrol: Custer County,NBNSP2100,2,1,1,2,1,1,0,0,0,0,0,0,0,0,0,0,0,0,0,0,0,0,0,0,0,0,0,0,0,0,0,0,0,41.393893,-99.726866
Nebraska,DAKOTA,State Patrol: Dakota County,NBNSP2200,0,0,0,0,0,0,0,0,0,0,0,0,0,0,0,0,0,0,0,0,0,0,0,0,0,0,0,0,0,0,0,0,0,42.390456,-96.562549
Nebraska,DAWES,State Patrol: Dawes County,NBNSP2300,4,2,2,4,2,2,0,0,0,0,0,0,0,0,0,0,0,0,1,0,1,4,2,2,2,1,1,0,0,0,7,3,4,42.711214,-103.134872
Nebraska,DAWSON,State Patrol: Dawson County,NBNSP2400,8,4,4,15,7,8,0,0,0,0,0,0,0,0,0,4,2,2,3,1,2,4,2,2,4,2,2,3,1,2,11,5,6,40.867378,-99.815154
Nebraska,DEUEL,State Patrol: Deuel County,NBNSP2500,2,1,1,2,1,1,0,0,0,0,0,0,0,0,0,0,0,0,0,0,0,0,0,0,2,1,1,0,0,0,2,1,1,41.111903,-102.332609
Nebraska,DIXON,State Patrol: Dixon County,NBNSP2600,0,0,0,0,0,0,0,0,0,0,0,0,0,0,0,0,0,0,0,0,0,0,0,0,0,0,0,0,0,0,0,0,0,42.48528,-96.855862
Nebraska,DODGE,State Patrol: Dodge County,NBNSP2700,0,0,0,0,0,0,0,0,0,0,0,0,0,0,0,0,0,0,0,0,0,0,0,0,3,1,2,0,0,0,3,1,2,41.577008,-96.645853
Nebraska,DOUGLAS,State Patrol: Douglas County,NBNSP2800,20,10,10,25,12,13,0,0,0,0,0,0,0,0,0,0,0,0,1,0,1,23,10,13,18,7,11,1,0,1,42,17,25,41.297091,-96.154066
Nebraska,DUNDY,State Patrol: Dundy County,NBNSP2900,0,0,0,0,0,0,0,0,0,0,0,0,0,0,0,0,0,0,0,0,0,0,0,0,0,0,0,0,0,0,0,0,0,40.180165,-101.681133
Nebraska,FILLMORE,State Patrol: Fillmore County,NBNSP3000,0,0,0,0,0,0,0,0,0,0,0,0,0,0,0,0,0,0,0,0,0,0,0,0,0,0,0,0,0,0,0,0,0,40.52504,-97.596705
Nebraska,FRANKLIN,State Patrol: Franklin County,NBNSP3100,2,1,1,2,1,1,0,0,0,0,0,0,0,0,0,0,0,0,0,0,0,0,0,0,0,0,0,0,0,0,0,0,0,40.183203,-98.96208
Nebraska,FRONTIER,State Patrol: Frontier County,NBNSP3200,2,1,1,2,1,1,0,0,0,0,0,0,0,0,0,0,0,0,0,0,0,1,0,1,0,0,0,0,0,0,1,0,1,40.530947,-100.406683
Nebraska,FURNAS,State Patrol: Furnas County,NBNSP3300,0,0,0,1,0,1,0,0,0,0,0,0,0,0,0,0,0,0,0,0,0,0,0,0,2,0,2,1,0,1,2,0,2,40.191865,-99.909663
Nebraska,GAGE,State Patrol: Gage County,NBNSP3400,2,1,1,2,1,1,0,0,0,0,0,0,0,0,0,0,0,0,0,0,0,2,1,1,0,0,0,0,0,0,2,1,1,40.255234,-96.683453
Nebraska,GARDEN,State Patrol: Garden County,NBNSP3500,0,0,0,0,0,0,0,0,0,0,0,0,0,0,0,0,0,0,0,0,0,0,0,0,0,0,0,0,0,0,0,0,0,41.659381,-102.328229
Nebraska,GARFIELD,State Patrol: Garfield County,NBNSP3600,0,0,0,2,1,1,0,0,0,0,0,0,0,0,0,0,0,0,0,0,0,0,0,0,2,1,1,0,0,0,2,1,1,41.905571,-98.922998
Nebraska,GOSPER,State Patrol: Gosper County,NBNSP3700,0,0,0,0,0,0,0,0,0,0,0,0,0,0,0,0,0,0,0,0,0,0,0,0,0,0,0,0,0,0,0,0,0,40.509838,-99.824078
Nebraska,GRANT,State Patrol: Grant County,NBNSP3800,0,0,0,0,0,0,0,0,0,0,0,0,0,0,0,0,0,0,3,0,3,0,0,0,0,0,0,0,0,0,3,0,3,41.915867,-101.756875
Nebraska,GREELEY,State Patrol: Greeley County,NBNSP3900,2,1,1,2,1,1,0,0,0,0,0,0,0,0,0,0,0,0,0,0,0,0,0,0,0,0,0,0,0,0,0,0,0,41.5676,-98.530566
Nebraska,HALL,State Patrol: Hall County,NBNSP4000,8,4,4,9,4,5,0,0,0,0,0,0,0,0,0,0,0,0,2,1,1,8,4,4,18,3,15,1,0,1,28,8,20,40.866023,-98.498004
Nebraska,HAMILTON,State Patrol: Hamilton County,NBNSP4100,0,0,0,0,0,0,0,0,0,0,0,0,0,0,0,0,0,0,0,0,0,0,0,0,4,1,3,0,0,0,4,1,3,40.877145,-98.021943
Nebraska,HARLAN,State Patrol: Harlan County,NBNSP4200,2,1,1,2,1,1,0,0,0,0,0,0,0,0,0,0,0,0,0,0,0,0,0,0,0,0,0,0,0,0,0,0,0,40.178766,-99.403418
Nebraska,HAYES,State Patrol: Hayes County,NBNSP4300,2,1,1,4,2,2,0,0,0,0,0,0,2,1,1,0,0,0,0,0,0,1,0,1,2,1,1,2,1,1,3,1,2,40.535786,-101.05558
Nebraska,HITCHCOCK,State Patrol: Hitchcock County,NBNSP4400,1,0,1,1,0,1,0,0,0,0,0,0,0,0,0,0,0,0,0,0,0,0,0,0,0,0,0,0,0,0,0,0,0,40.176896,-101.044217
Nebraska,HOLT,State Patrol: Holt County,NBNSP4500,0,0,0,2,1,1,0,0,0,0,0,0,0,0,0,0,0,0,0,0,0,2,1,1,2,1,1,2,1,1,4,2,2,42.459287,-98.784766
Nebraska,HOOKER,State Patrol: Hooker County,NBNSP4600,0,0,0,0,0,0,0,0,0,0,0,0,0,0,0,0,0,0,0,0,0,0,0,0,0,0,0,0,0,0,0,0,0,41.9187,-101.11681
Nebraska,HOWARD,State Patrol: Howard County,NBNSP4700,0,0,0,0,0,0,0,0,0,0,0,0,0,0,0,0,0,0,1,0,1,0,0,0,0,0,0,0,0,0,1,0,1,41.216851,-98.513342
Nebraska,JEFFERSON,State Patrol: Jefferson County,NBNSP4800,2,1,1,2,1,1,0,0,0,0,0,0,0,0,0,0,0,0,0,0,0,0,0,0,0,0,0,0,0,0,0,0,0,40.175736,-97.143103
Nebraska,JOHNSON,State Patrol: Johnson County,NBNSP4900,2,1,1,2,1,1,0,0,0,0,0,0,0,0,0,0,0,0,2,1,1,0,0,0,0,0,0,0,0,0,2,1,1,40.395457,-96.268562
Nebraska,KEARNEY,State Patrol: Kearney County,NBNSP5000,1,0,1,1,0,1,0,0,0,0,0,0,0,0,0,0,0,0,0,0,0,0,0,0,0,0,0,0,0,0,0,0,0,40.506269,-98.948461
Nebraska,KEITH,State Patrol: Keith County,NBNSP5100,15,7,8,15,7,8,0,0,0,0,0,0,0,0,0,0,0,0,0,0,0,4,1,3,4,2,2,0,0,0,8,3,5,41.194413,-101.644486
Nebraska,KEYA PAHA,State Patrol: Keya Paha County,NBNSP5200,0,0,0,0,0,0,0,0,0,0,0,0,0,0,0,0,0,0,0,0,0,0,0,0,1,0,1,0,0,0,1,0,1,42.87548,-99.718351
Nebraska,KIMBALL,State Patrol: Kimball County,NBNSP5300,0,0,0,0,0,0,0,0,0,0,0,0,0,0,0,0,0,0,0,0,0,0,0,0,4,1,3,0,0,0,4,1,3,41.199274,-103.703153
Nebraska,KNOX,State Patrol: Knox County,NBNSP5400,0,0,0,0,0,0,0,0,0,0,0,0,0,0,0,0,0,0,1,0,1,0,0,0,0,0,0,0,0,0,1,0,1,42.634404,-97.891349
Nebraska,LANCASTER,State Patrol: Lancaster County,NBNSP5500,15,6,9,18,7,11,0,0,0,0,0,0,0,0,0,0,0,0,2,0,2,15,7,8,10,3,7,3,1,2,27,10,17,40.783547,-96.688658
Nebraska,LINCOLN,State Patrol: Lincoln County,NBNSP5600,20,9,11,20,9,11,2,1,1,0,0,0,0,0,0,0,0,0,0,0,0,4,1,3,3,1,2,0,0,0,7,2,5,41.050322,-100.744481
Nebraska,LOGAN,State Patrol: Logan County,NBNSP5700,0,0,0,0,0,0,0,0,0,0,0,0,0,0,0,0,0,0,0,0,0,0,0,0,0,0,0,0,0,0,0,0,0,41.542155,-100.443665
Nebraska,LOUP,State Patrol: Loup County,NBNSP5800,0,0,0,1,0,1,0,0,0,0,0,0,0,0,0,0,0,0,0,0,0,0,0,0,0,0,0,1,0,1,0,0,0,41.897714,-99.509764
Nebraska,MCPHERSON,State Patrol: McPherson County,NBNSP5900,0,0,0,0,0,0,0,0,0,0,0,0,0,0,0,0,0,0,0,0,0,0,0,0,0,0,0,0,0,0,0,0,0,41.596473,-101.060237
Nebraska,MADISON,State Patrol: Madison County,NBNSP6000,9,4,5,9,4,5,0,0,0,0,0,0,0,0,0,0,0,0,2,0,2,4,1,3,7,1,6,0,0,0,13,2,11,41.909929,-97.606856
Nebraska,MERRICK,State Patrol: Merrick County,NBNSP6100,0,0,0,0,0,0,0,0,0,0,0,0,0,0,0,0,0,0,2,1,1,0,0,0,2,1,1,0,0,0,4,2,2,41.169801,-98.031051
Nebraska,MORRILL,State Patrol: Morrill County,NBNSP6200,3,1,2,4,1,3,0,0,0,0,0,0,0,0,0,0,0,0,0,0,0,0,0,0,6,2,4,0,0,0,6,2,4,41.732205,-102.990599
Nebraska,NANCE,State Patrol: Nance County,NBNSP6300,2,1,1,2,1,1,0,0,0,0,0,0,0,0,0,0,0,0,0,0,0,0,0,0,0,0,0,0,0,0,0,0,0,41.402385,-97.991408
Nebraska,NEMAHA,State Patrol: Nemaha County,NBNSP6400,3,1,2,3,1,2,0,0,0,0,0,0,0,0,0,0,0,0,0,0,0,0,0,0,2,1,1,0,0,0,2,1,1,40.387448,-95.850954
Nebraska,NUCKOLLS,State Patrol: Nuckolls County,NBNSP6500,0,0,0,6,3,3,0,0,0,0,0,0,0,0,0,6,3,3,0,0,0,0,0,0,0,0,0,0,0,0,0,0,0,40.176492,-98.046842
Nebraska,OTOE,State Patrol: Otoe County,NBNSP6600,0,0,0,1,0,1,0,0,0,0,0,0,0,0,0,1,0,1,0,0,0,0,0,0,2,0,2,0,0,0,2,0,2,40.637992,-96.131027
Nebraska,PAWNEE,State Patrol: Pawnee County,NBNSP6700,0,0,0,0,0,0,0,0,0,0,0,0,0,0,0,0,0,0,0,0,0,0,0,0,0,0,0,0,0,0,0,0,0,40.13785,-96.245225
Nebraska,PERKINS,State Patrol: Perkins County,NBNSP6800,0,0,0,0,0,0,0,0,0,0,0,0,0,0,0,0,0,0,0,0,0,0,0,0,0,0,0,0,0,0,0,0,0,40.856065,-101.636443
Nebraska,PHELPS,State Patrol: Phelps County,NBNSP6900,0,0,0,0,0,0,0,0,0,0,0,0,0,0,0,0,0,0,2,1,1,2,1,1,0,0,0,0,0,0,4,2,2,40.516365,-99.406557
Nebraska,PIERCE,State Patrol: Pierce County,NBNSP7000,3,1,2,5,2,3,0,0,0,0,0,0,0,0,0,2,1,1,2,0,2,3,1,2,6,2,4,0,0,0,11,3,8,42.271413,-97.610992
Nebraska,PLATTE,State Patrol: Platte County,NBNSP7100,0,0,0,0,0,0,0,0,0,0,0,0,0,0,0,0,0,0,0,0,0,0,0,0,1,0,1,0,0,0,1,0,1,41.576866,-97.513467
Nebraska,POLK,State Patrol: Polk County,NBNSP7200,0,0,0,0,0,0,0,0,0,0,0,0,0,0,0,0,0,0,0,0,0,0,0,0,0,0,0,0,0,0,0,0,0,41.187925,-97.570663
Nebraska,RED WILLOW,State Patrol: Red Willow County,NBNSP7300,3,1,2,3,1,2,0,0,0,0,0,0,0,0,0,0,0,0,0,0,0,2,1,1,0,0,0,0,0,0,2,1,1,40.16942,-100.468576
Nebraska,RICHARDSON,State Patrol: Richardson County,NBNSP7400,0,0,0,0,0,0,0,0,0,0,0,0,0,0,0,0,0,0,0,0,0,0,0,0,0,0,0,0,0,0,0,0,0,40.123743,-95.718603
Nebraska,ROCK,State Patrol: Rock County,NBNSP7500,0,0,0,0,0,0,0,0,0,0,0,0,0,0,0,0,0,0,0,0,0,0,0,0,0,0,0,0,0,0,0,0,0,42.413325,-99.45853
Nebraska,SALINE,State Patrol: Saline County,NBNSP7600,0,0,0,0,0,0,0,0,0,0,0,0,0,0,0,0,0,0,0,0,0,0,0,0,0,0,0,0,0,0,0,0,0,40.516802,-97.131755
Nebraska,SARPY,State Patrol: Sarpy County,NBNSP7700,10,5,5,10,5,5,0,0,0,0,0,0,0,0,0,0,0,0,1,0,1,2,1,1,7,3,4,0,0,0,10,4,6,41.115064,-96.109125
Nebraska,SAUNDERS,State Patrol: Saunders County,NBNSP7800,4,2,2,6,3,3,0,0,0,0,0,0,0,0,0,0,0,0,2,1,1,1,0,1,0,0,0,0,0,0,3,1,2,41.223152,-96.640923
Nebraska,SCOTTS BLUFF,State Patrol: Scotts Bluff County,NBNSP7900,7,2,5,10,3,7,0,0,0,0,0,0,2,1,1,0,0,0,2,0,2,4,2,2,5,0,5,3,1,2,11,2,9,41.851589,-103.70586
Nebraska,SEWARD,State Patrol: Seward County,NBNSP8000,2,1,1,2,1,1,0,0,0,0,0,0,0,0,0,0,0,0,0,0,0,0,0,0,2,1,1,0,0,0,2,1,1,40.871944,-97.140383
Nebraska,SHERIDAN,State Patrol: Sheridan County,NBNSP8100,2,1,1,3,1,2,0,0,0,0,0,0,0,0,0,0,0,0,0,0,0,0,0,0,1,0,1,1,0,1,1,0,1,42.507074,-102.389698
Nebraska,SHERMAN,State Patrol: Sherman County,NBNSP8200,0,0,0,2,1,1,0,0,0,0,0,0,2,1,1,0,0,0,0,0,0,0,0,0,1,0,1,2,1,1,1,0,1,41.218743,-98.972849
Nebraska,SIOUX,State Patrol: Sioux County,NBNSP8300,0,0,0,0,0,0,0,0,0,0,0,0,0,0,0,0,0,0,0,0,0,2,1,1,1,0,1,0,0,0,3,1,2,42.485675,-103.744068
Nebraska,STANTON,State Patrol: Stanton County,NBNSP8400,0,0,0,0,0,0,0,0,0,0,0,0,0,0,0,0,0,0,0,0,0,2,1,1,1,0,1,0,0,0,3,1,2,41.904792,-97.174724
Nebraska,THAYER,State Patrol: Thayer County,NBNSP8500,0,0,0,1,0,1,0,0,0,0,0,0,0,0,0,1,0,1,0,0,0,2,1,1,0,0,0,0,0,0,2,1,1,40.173845,-97.596263
Nebraska,THOMAS,State Patrol: Thomas County,NBNSP8600,0,0,0,0,0,0,0,0,0,0,0,0,0,0,0,0,0,0,0,0,0,0,0,0,1,0,1,0,0,0,1,0,1,41.84862,-100.506911
Nebraska,THURSTON,State Patrol: Thurston County,NBNSP8700,0,0,0,0,0,0,0,0,0,0,0,0,0,0,0,0,0,0,0,0,0,1,0,1,1,0,1,0,0,0,2,0,2,42.154061,-96.533943
Nebraska,VALLEY,State Patrol: Valley County,NBNSP8800,0,0,0,2,1,1,0,0,0,0,0,0,2,1,1,0,0,0,0,0,0,0,0,0,0,0,0,2,1,1,0,0,0,41.564094,-98.983484
Nebraska,WASHINGTON,State Patrol: Washington County,NBNSP8900,0,0,0,0,0,0,0,0,0,0,0,0,0,0,0,0,0,0,0,0,0,2,1,1,0,0,0,0,0,0,2,1,1,41.533973,-96.224577
Nebraska,WAYNE,State Patrol: Wayne County,NBNSP9000,1,0,1,1,0,1,0,0,0,0,0,0,0,0,0,0,0,0,3,0,3,0,0,0,3,1,2,0,0,0,6,1,5,42.210746,-97.126243
Nebraska,WEBSTER,State Patrol: Webster County,NBNSP9100,0,0,0,1,0,1,0,0,0,0,0,0,0,0,0,0,0,0,0,0,0,0,0,0,0,0,0,0,0,0,0,0,0,40.180646,-98.49859
Nebraska,WHEELER,State Patrol: Wheeler County,NBNSP9200,0,0,0,0,0,0,0,0,0,0,0,0,0,0,0,0,0,0,0,0,0,0,0,0,0,0,0,0,0,0,0,0,0,41.937859,-98.522289
Nebraska,YORK,State Patrol: York County,NBNSP9300,12,6,6,17,8,9,0,0,0,0,0,0,0,0,0,2,1,1,0,0,0,5,2,3,3,1,2,2,1,1,8,3,5,40.873056,-97.596742
