State,County,Agency,Ori,total aggravated-assault crimes (2015-2023),total aggravated-assault cleared crimes (2015-2023),total aggravated-assault actual crimes (2015-2023),total violent-crime crimes (2015-2023),total violent-crime cleared crimes (2015-2023),total violent-crime actual crimes (2015-2023),total arson crimes (2015-2023),total arson cleared crimes (2015-2023),total arson actual crimes (2015-2023),total human-trafficing crimes (2015-2023),total human-trafficing cleared crimes (2015-2023),total human-trafficing actual crimes (2015-2023),total rape-legacy crimes (2015-2023),total rape-legacy cleared crimes (2015-2023),total rape-legacy actual crimes (2015-2023),total homicide crimes (2015-2023),total homicide cleared crimes (2015-2023),total homicide actual crimes (2015-2023),total burglary crimes (2015-2023),total burglary cleared crimes (2015-2023),total burglary actual crimes (2015-2023),total motor-vehicle-theft crimes (2015-2023),total motor-vehicle-theft cleared crimes (2015-2023),total motor-vehicle-theft actual crimes (2015-2023),total larceny crimes (2015-2023),total larceny cleared crimes (2015-2023),total larceny actual crimes (2015-2023),total rape crimes (2015-2023),total rape cleared crimes (2015-2023),total rape actual crimes (2015-2023),total property-crime crimes (2015-2023),total property-crime cleared crimes (2015-2023),total property-crime actual crimes (2015-2023),Latitude,Longitude
Oklahoma,ADAIR,Adair County Sheriff's Office,OK0010000,468,102,366,540,111,429,26,1,25,0,0,0,25,2,23,12,5,7,516,33,483,309,27,282,634,16,618,48,3,45,1459,76,1383,35.897613,-94.651378
Oklahoma,ADAIR,Stilwell Police Department,OK0010100,201,69,132,255,81,174,24,3,21,0,0,0,9,1,8,8,3,5,339,41,298,183,14,169,1191,194,997,23,3,20,1713,249,1464,35.815083,-94.63217
Oklahoma,ADAIR,Westville Police Department,OK0010200,49,16,33,57,17,40,6,1,5,0,0,0,4,0,4,0,0,0,110,9,101,64,9,55,274,13,261,6,0,6,448,31,417,35.897613,-94.651378
Oklahoma,ADAIR,Watts Police Department,OK0011000,9,3,6,10,3,7,1,0,1,0,0,0,0,0,0,1,0,1,7,1,6,10,2,8,6,0,6,0,0,0,23,3,20,35.897613,-94.651378
Oklahoma,ALFALFA,Alfalfa County Sheriff's Office,OK0020000,26,9,17,36,11,25,6,0,6,0,0,0,6,2,4,1,0,1,56,2,54,38,5,33,188,1,187,8,2,6,282,8,274,36.75562,-98.35702
Oklahoma,ALFALFA,Cherokee Police Department,OK0020100,39,15,24,48,16,32,0,0,0,0,0,0,5,1,4,0,0,0,75,10,65,19,5,14,117,15,102,7,1,6,211,30,181,36.729703,-98.323445
Oklahoma,ATOKA,Atoka County Sheriff's Office,OK0030000,64,23,41,78,26,52,10,2,8,0,0,0,1,0,1,0,0,0,212,11,201,104,11,93,298,14,284,12,3,9,614,36,578,34.392469,-96.036558
Oklahoma,ATOKA,Atoka Police Department,OK0030100,118,35,83,135,39,96,11,2,9,0,0,0,2,0,2,4,2,2,367,37,330,94,10,84,622,51,571,6,1,5,1083,98,985,34.392469,-96.036558
Oklahoma,ATOKA,Caney Police Department,OK0030200,6,2,4,11,3,8,0,0,0,0,0,0,2,0,2,0,0,0,9,2,7,7,0,7,41,6,35,5,1,4,57,8,49,34.392469,-96.036558
Oklahoma,ATOKA,Stringtown Police Department,OK0030800,4,1,3,4,1,3,0,0,0,0,0,0,0,0,0,0,0,0,3,0,3,3,1,2,7,2,5,0,0,0,13,3,10,34.392469,-96.036558
Oklahoma,ATOKA,Tushka Police Department,OK0030900,8,3,5,17,5,12,0,0,0,0,0,0,5,1,4,0,0,0,21,2,19,9,2,7,32,2,30,8,2,6,62,6,56,34.31879,-96.16563
Oklahoma,BEAVER,Beaver County Sheriff's Office,OK0040000,20,8,12,22,8,14,5,1,4,0,0,0,1,0,1,0,0,0,82,12,70,19,3,16,133,7,126,2,0,2,234,22,212,36.748334,-100.483056
Oklahoma,BEAVER,Beaver Police Department,OK0040200,1,0,1,5,0,5,0,0,0,0,0,0,3,0,3,0,0,0,16,0,16,8,2,6,50,2,48,4,0,4,74,4,70,36.748334,-100.483056
Oklahoma,BECKHAM,Beckham County Sheriff's Office,OK0050000,93,29,64,120,29,91,24,4,20,0,0,0,13,0,13,1,0,1,288,18,270,95,14,81,359,13,346,25,0,25,742,45,697,35.273945,-99.671638
Oklahoma,BECKHAM,Elk City Police Department,OK0050100,145,50,95,181,57,124,14,2,12,0,0,0,9,1,8,6,2,4,443,47,396,216,31,185,1896,346,1550,18,2,16,2555,424,2131,35.273945,-99.671638
Oklahoma,BECKHAM,Erick Police Department,OK0050200,10,3,7,11,3,8,0,0,0,0,0,0,0,0,0,0,0,0,8,2,6,9,0,9,17,1,16,0,0,0,34,3,31,35.273945,-99.671638
Oklahoma,BECKHAM,Sayre Police Department,OK0050300,75,29,46,88,30,58,5,0,5,0,0,0,2,0,2,0,0,0,152,24,128,45,2,43,270,9,261,5,0,5,467,35,432,35.273945,-99.671638
Oklahoma,BLAINE,Blaine County Sheriff's Office,OK0060000,95,28,67,111,29,82,5,0,5,0,0,0,6,0,6,3,0,3,198,13,185,64,6,58,345,10,335,10,0,10,607,29,578,35.845524,-98.41065
Oklahoma,BLAINE,Watonga Police Department,OK0060100,52,12,40,63,13,50,3,0,3,0,0,0,6,0,6,0,0,0,80,2,78,28,2,26,238,16,222,10,1,9,346,20,326,35.877782,-98.428934
Oklahoma,BLAINE,Canton Police Department,OK0060200,10,3,7,11,3,8,0,0,0,0,0,0,0,0,0,0,0,0,16,3,13,7,1,6,24,1,23,0,0,0,47,5,42,35.877782,-98.428934
Oklahoma,"BLAINE, CANADIAN",Geary Police Department,OK0060500,31,9,22,33,9,24,2,0,2,0,0,0,1,0,1,0,0,0,136,7,129,34,2,32,214,14,200,1,0,1,384,23,361,35.877782,-98.428934
Oklahoma,BLAINE,Okeene Police Department,OK0061000,1,0,1,2,0,2,0,0,0,0,0,0,1,0,1,0,0,0,7,0,7,6,0,6,27,0,27,1,0,1,40,0,40,35.877782,-98.428934
Oklahoma,BRYAN,Bryan County Sheriff's Office,OK0070000,222,56,166,262,57,205,11,2,9,0,0,0,22,0,22,2,1,1,632,35,597,301,9,292,763,18,745,30,0,30,1696,62,1634,33.99279,-96.37948
Oklahoma,BRYAN,Durant Police Department,OK0070100,560,214,346,672,226,446,21,3,18,0,0,0,17,0,17,7,3,4,1499,155,1344,460,41,419,5551,891,4660,66,3,63,7510,1087,6423,33.990627,-96.38139
Oklahoma,BRYAN,Achille Police Department,OK0070200,2,1,1,3,1,2,0,0,0,0,0,0,0,0,0,0,0,0,8,2,6,5,0,5,10,0,10,1,0,1,23,2,21,33.964004,-96.264137
Oklahoma,BRYAN,Bennington,OK0070500,1,0,1,1,0,1,0,0,0,0,0,0,0,0,0,0,0,0,2,0,2,2,0,2,4,0,4,0,0,0,8,0,8,,
Oklahoma,BRYAN,Bokchito Police Department,OK0070700,10,2,8,11,2,9,0,0,0,0,0,0,1,0,1,0,0,0,11,0,11,7,1,6,56,8,48,1,0,1,74,9,65,33.901524,-96.224754
Oklahoma,BRYAN,Caddo Police Department,OK0070900,9,4,5,9,4,5,2,1,1,0,0,0,0,0,0,0,0,0,45,9,36,23,6,17,31,4,27,0,0,0,99,19,80,33.964004,-96.264137
Oklahoma,BRYAN,Calera Police Department,OK0071000,131,55,76,145,57,88,1,0,1,0,0,0,5,0,5,0,0,0,87,15,72,39,8,31,215,29,186,8,1,7,341,52,289,33.933758,-96.42846
Oklahoma,BRYAN,Colbert Police Department,OK0071300,64,22,42,66,22,44,0,0,0,0,0,0,0,0,0,0,0,0,25,5,20,22,0,22,38,8,30,1,0,1,85,13,72,33.964004,-96.264137
Oklahoma,BRYAN,Southeastern Oklahoma State University,OK0072600,1,0,1,7,1,6,1,0,1,0,0,0,1,0,1,0,0,0,24,1,23,10,0,10,77,0,77,6,1,5,111,1,110,34.00428,-96.376366
Oklahoma,BRYAN,Victory Life,OK007270X,0,0,0,0,0,0,0,0,0,0,0,0,0,0,0,0,0,0,0,0,0,0,0,0,0,0,0,0,0,0,0,0,0,,
Oklahoma,CADDO,Caddo County Sheriff's Office,OK0080000,210,51,159,249,59,190,23,3,20,0,0,0,12,3,9,4,1,3,482,28,454,137,15,122,727,16,711,27,4,23,1346,59,1287,35.07375,-98.24542
Oklahoma,CADDO,Anadarko Police Department,OK0080100,439,113,326,542,128,414,65,6,59,0,0,0,32,3,29,6,0,6,658,86,572,160,24,136,1654,280,1374,43,5,38,2472,390,2082,35.076077,-98.24366
Oklahoma,CADDO,Apache Police Department,OK0080400,34,11,23,38,11,27,2,1,1,0,0,0,2,0,2,0,0,0,94,5,89,18,1,17,116,5,111,3,0,3,228,11,217,35.16792,-98.381045
Oklahoma,CADDO,Binger,OK0080500,2,1,1,4,1,3,1,0,1,0,0,0,0,0,0,0,0,0,1,0,1,4,1,3,25,6,19,1,0,1,30,7,23,,
Oklahoma,CADDO,Carnegie Police Department,OK0080800,47,15,32,53,15,38,3,1,2,0,0,0,6,0,6,0,0,0,77,11,66,24,3,21,97,16,81,6,0,6,198,30,168,35.16792,-98.381045
Oklahoma,CADDO,Cement,OK0080900,0,0,0,0,0,0,0,0,0,0,0,0,0,0,0,0,0,0,6,0,6,4,0,4,7,0,7,0,0,0,17,0,17,,
Oklahoma,CADDO,Cyril,OK0081100,5,2,3,6,2,4,1,0,1,0,0,0,0,0,0,0,0,0,16,2,14,10,0,10,32,0,32,0,0,0,58,2,56,,
Oklahoma,CADDO,Fort Cobb Police Department,OK0081300,0,0,0,0,0,0,0,0,0,0,0,0,0,0,0,0,0,0,6,0,6,3,0,3,4,0,4,0,0,0,13,0,13,35.16792,-98.381045
Oklahoma,CADDO,Hinton Police Department,OK0081500,15,2,13,17,2,15,2,1,1,0,0,0,0,0,0,0,0,0,28,2,26,56,11,45,166,3,163,1,0,1,250,16,234,35.16792,-98.381045
Oklahoma,"BLAINE, CADDO",Hydro Police Department,OK0081600,14,4,10,14,4,10,4,2,2,0,0,0,0,0,0,0,0,0,29,3,26,9,0,9,34,2,32,0,0,0,72,5,67,35.16792,-98.381045
Oklahoma,CANADIAN,Canadian County Sheriff's Office,OK0090000,117,33,84,160,39,121,16,1,15,0,0,0,19,1,18,4,1,3,310,15,295,249,45,204,780,28,752,31,3,28,1339,88,1251,35.535023,-97.95504
Oklahoma,CANADIAN,El Reno Police Department,OK0090100,414,144,270,572,175,397,52,7,45,0,0,0,41,6,35,10,4,6,650,71,579,348,53,295,2216,342,1874,95,17,78,3214,466,2748,35.53337,-97.95602
Oklahoma,CANADIAN,Yukon Police Department,OK0090200,455,176,279,551,197,354,15,1,14,0,0,0,30,3,27,0,0,0,763,103,660,207,16,191,4563,1103,3460,61,11,50,5533,1222,4311,35.507072,-97.73825
Oklahoma,CANADIAN,Calumet Police Department,OK0090300,1,0,1,1,0,1,0,0,0,0,0,0,0,0,0,0,0,0,2,0,2,1,0,1,2,0,2,0,0,0,5,0,5,35.54341,-97.979844
Oklahoma,CANADIAN,Mustang Police Department,OK0090500,347,128,219,422,140,282,8,2,6,0,0,0,12,0,12,0,0,0,341,45,296,215,50,165,1791,395,1396,57,8,49,2347,490,1857,35.378815,-97.69633
Oklahoma,"CANADIAN, KINGFISHER",Piedmont Police Department,OK0090600,48,14,34,60,16,44,7,1,6,0,0,0,5,0,5,0,0,0,74,5,69,21,2,19,204,12,192,8,0,8,299,19,280,35.54341,-97.979844
Oklahoma,CANADIAN,Union City Police Department,OK0090800,18,6,12,25,6,19,8,0,8,0,0,0,4,0,4,2,0,2,47,2,45,33,10,23,89,8,81,5,0,5,169,20,149,35.54341,-97.979844
Oklahoma,CARTER,Carter County Sheriff's Office,OK0100000,121,18,103,176,22,154,30,2,28,0,0,0,27,2,25,1,0,1,489,21,468,144,8,136,814,14,800,47,3,44,1447,43,1404,34.251848,-97.287927
Oklahoma,CARTER,Ardmore Police Department,OK0100100,2028,731,1297,2488,872,1616,53,10,43,0,0,0,39,3,36,32,13,19,2556,464,2092,755,125,630,8157,2004,6153,195,57,138,11468,2593,8875,34.251848,-97.287927
Oklahoma,CARTER,Dickson,OK0100500,9,1,8,12,2,10,0,0,0,0,0,0,1,0,1,0,0,0,29,1,28,14,3,11,50,4,46,3,1,2,93,8,85,,
Oklahoma,CARTER,Healdton Police Department,OK0101000,81,25,56,92,27,65,6,1,5,0,0,0,4,0,4,0,0,0,126,16,110,50,5,45,149,6,143,10,2,8,325,27,298,34.251848,-97.287927
Oklahoma,CARTER,Lone Grove Police Department,OK0101100,69,18,51,89,21,68,4,1,3,0,0,0,8,0,8,0,0,0,170,14,156,54,3,51,351,17,334,10,0,10,575,34,541,34.251848,-97.287927
Oklahoma,CARTER,Ratliff City,OK0101400,1,0,1,1,0,1,0,0,0,0,0,0,0,0,0,0,0,0,0,0,0,1,0,1,5,1,4,0,0,0,6,1,5,,
Oklahoma,CARTER,Wilson Police Department,OK0101700,42,11,31,58,17,41,4,0,4,0,0,0,4,1,3,0,0,0,75,7,68,30,1,29,102,3,99,13,5,8,207,11,196,34.162266,-97.42389
Oklahoma,CHEROKEE,Cherokee County Sheriff's Office,OK0110000,651,181,470,825,210,615,72,9,63,0,0,0,48,4,44,26,12,14,1431,129,1302,728,70,658,1874,63,1811,111,11,100,4033,262,3771,35.912914,-94.96947
Oklahoma,CHEROKEE,Tahlequah Police Department,OK0110100,227,106,121,300,130,170,7,2,5,0,0,0,4,1,3,5,2,3,586,103,483,236,37,199,4430,1365,3065,11,3,8,5252,1505,3747,35.914127,-94.97364
Oklahoma,CHEROKEE,Hulbert Police Department,OK0110500,22,10,12,23,10,13,0,0,0,0,0,0,0,0,0,0,0,0,3,0,3,9,2,7,27,5,22,1,0,1,39,7,32,35.904367,-94.996796
Oklahoma,CHEROKEE,Northeastern State University: Tahlequah,OK0111000,5,2,3,14,6,8,0,0,0,0,0,0,7,3,4,0,0,0,27,3,24,3,0,3,88,4,84,9,4,5,118,7,111,35.904367,-94.996796
Oklahoma,NOT SPECIFIED,Cherokee Nation,OK0111200,157,60,97,180,66,114,8,1,7,0,0,0,3,0,3,3,1,2,78,14,64,69,15,54,194,49,145,8,1,7,341,78,263,35.904367,-94.996796
Oklahoma,CHOCTAW,Choctaw County Sheriff's Office,OK0120000,289,23,266,323,29,294,32,1,31,1,0,1,5,1,4,10,4,6,437,26,411,142,5,137,321,12,309,17,2,15,900,43,857,34.008717,-95.50997
Oklahoma,CHOCTAW,Hugo Police Department,OK0120100,195,38,157,233,39,194,33,3,30,0,0,0,9,0,9,3,0,3,320,24,296,106,5,101,967,176,791,18,0,18,1393,205,1188,34.008663,-95.51167
Oklahoma,CHOCTAW,Boswell Police Department,OK0120300,21,10,11,21,10,11,2,0,2,0,0,0,0,0,0,0,0,0,7,0,7,9,2,7,7,0,7,0,0,0,23,2,21,34.027645,-95.554208
Oklahoma,CHOCTAW,Fort Towson Police Department,OK0120500,18,8,10,20,9,11,9,1,8,0,0,0,0,0,0,2,1,1,30,7,23,5,1,4,53,12,41,0,0,0,88,20,68,34.008717,-95.50997
Oklahoma,CHOCTAW,Sawyer Police Department,OK0121500,10,5,5,13,5,8,0,0,0,0,0,0,2,0,2,0,0,0,8,2,6,3,0,3,8,0,8,2,0,2,19,2,17,34.027645,-95.554208
Oklahoma,CIMARRON,Cimarron County Sheriff's Office,OK0130000,0,0,0,5,2,3,0,0,0,0,0,0,1,0,1,0,0,0,18,3,15,14,3,11,20,0,20,5,2,3,52,6,46,36.755276,-102.508734
Oklahoma,CIMARRON,Boise City Police Department,OK0130100,19,8,11,25,9,16,0,0,0,0,0,0,1,0,1,2,1,1,52,7,45,22,3,19,50,6,44,2,0,2,124,16,108,36.755276,-102.508734
Oklahoma,CLEVELAND,Cleveland County Sheriff's Office,OK0140000,419,165,254,602,225,377,25,4,21,0,0,0,58,14,44,11,5,6,745,44,701,308,46,262,1101,67,1034,151,49,102,2154,157,1997,35.21994,-97.442604
Oklahoma,CLEVELAND,Moore Police Department,OK0140100,988,405,583,1597,637,960,53,23,30,0,0,0,46,9,37,23,11,12,2450,318,2132,1312,239,1073,8892,1197,7695,285,115,170,12654,1754,10900,35.338253,-97.486305
Oklahoma,CLEVELAND,Norman Police Department,OK0140200,2855,1179,1676,4259,1598,2661,76,26,50,0,0,0,481,142,339,47,22,25,4635,589,4046,3149,335,2814,23062,3474,19588,856,245,611,30846,4398,26448,35.221004,-97.44601
Oklahoma,CLEVELAND,Lexington Police Department,OK0140300,61,22,39,68,22,46,2,0,2,0,0,0,1,0,1,0,0,0,80,11,69,40,4,36,270,18,252,6,0,6,390,33,357,35.206376,-97.323088
Oklahoma,CLEVELAND,Noble Police Department,OK0140400,82,17,65,126,25,101,9,0,9,0,0,0,16,4,12,2,1,1,286,21,265,134,15,119,633,18,615,32,6,26,1053,54,999,35.206376,-97.323088
Oklahoma,CLEVELAND,University of Oklahoma: Norman,OK0140500,38,10,28,123,15,108,2,1,1,0,0,0,6,0,6,0,0,0,69,5,64,84,2,82,2189,82,2107,77,2,75,2342,89,2253,35.189754,-97.43559
Oklahoma,CLEVELAND,Mid-America Christian University,OK0141100,0,0,0,0,0,0,0,0,0,0,0,0,0,0,0,0,0,0,5,0,5,1,0,1,13,0,13,0,0,0,19,0,19,35.348537,-97.57813
Oklahoma,COAL,Coal County Sheriff's Office,OK0150000,36,12,24,45,14,31,4,0,4,0,0,0,3,1,2,1,0,1,65,5,60,36,4,32,175,8,167,6,1,5,276,17,259,34.582861,-96.288039
Oklahoma,COAL,Coalgate Police Department,OK0150100,23,7,16,28,7,21,4,2,2,0,0,0,1,0,1,0,0,0,10,1,9,20,2,18,44,3,41,4,0,4,74,6,68,34.538033,-96.21848
Oklahoma,COAL,Tupelo,OK0150800,7,2,5,8,2,6,0,0,0,0,0,0,1,0,1,0,0,0,22,2,20,3,1,2,19,3,16,1,0,1,44,6,38,,
Oklahoma,COMANCHE,Comanche County Sheriff's Office,OK0160000,147,41,106,203,50,153,21,0,21,0,0,0,23,3,20,5,2,3,629,18,611,216,8,208,811,13,798,38,4,34,1656,39,1617,34.604996,-98.39522
Oklahoma,COMANCHE,Lawton Police Department,OK0160100,6138,1384,4754,7987,1640,6347,237,39,198,0,0,0,136,16,120,128,38,90,8253,560,7693,2248,180,2068,15971,2191,13780,734,94,640,26472,2931,23541,34.60796,-98.39359
Oklahoma,COMANCHE,Cache Police Department,OK0160200,60,20,40,84,26,58,4,0,4,0,0,0,5,1,4,3,1,2,111,11,100,40,7,33,221,21,200,13,2,11,372,39,333,34.662628,-98.476597
Oklahoma,COMANCHE,Chattanooga,OK0160300,0,0,0,0,0,0,1,0,1,0,0,0,0,0,0,0,0,0,3,1,2,4,1,3,5,1,4,0,0,0,12,3,9,,
Oklahoma,COMANCHE,Elgin Police Department,OK0160400,3,0,3,3,0,3,0,0,0,0,0,0,0,0,0,0,0,0,5,0,5,4,1,3,23,1,22,0,0,0,32,2,30,34.662628,-98.476597
Oklahoma,COMANCHE,Fletcher Police Department,OK0160600,6,3,3,7,3,4,1,0,1,0,0,0,1,0,1,0,0,0,7,1,6,9,0,9,10,0,10,1,0,1,26,1,25,34.662628,-98.476597
Oklahoma,COMANCHE,Geronimo,OK0160700,2,1,1,3,1,2,1,0,1,0,0,0,1,0,1,0,0,0,6,1,5,0,0,0,21,2,19,1,0,1,27,3,24,,
Oklahoma,COMANCHE,Medicine Park Police Department,OK0161000,6,2,4,8,2,6,0,0,0,0,0,0,0,0,0,0,0,0,11,0,11,4,0,4,25,1,24,1,0,1,40,1,39,34.662628,-98.476597
Oklahoma,COMANCHE,Sterling,OK0161400,3,1,2,4,1,3,0,0,0,0,0,0,0,0,0,0,0,0,3,0,3,2,0,2,5,0,5,1,0,1,10,0,10,,
Oklahoma,COMANCHE,Cameron University,OK0161500,1,0,1,10,4,6,0,0,0,0,0,0,5,2,3,0,0,0,16,0,16,1,0,1,82,8,74,9,4,5,99,8,91,34.608852,-98.43301
Oklahoma,COMANCHE,Lawton Public Schools,OK0161600,24,9,15,39,12,27,2,0,2,0,0,0,7,0,7,2,1,1,17,5,12,3,1,2,143,16,127,9,0,9,163,22,141,,
Oklahoma,COTTON,Cotton County Sheriff's Office,OK0170000,35,9,26,40,10,30,8,2,6,0,0,0,3,0,3,0,0,0,56,8,48,36,9,27,141,5,136,3,0,3,233,22,211,34.360287,-98.30918
Oklahoma,COTTON,Walters Police Department,OK0170100,26,12,14,30,13,17,3,0,3,0,0,0,2,1,1,0,0,0,111,7,104,40,8,32,188,17,171,3,1,2,339,32,307,34.290676,-98.373438
Oklahoma,CRAIG,Craig County Sheriff's Office,OK0180000,119,37,82,161,39,122,36,4,32,0,0,0,23,0,23,2,0,2,400,31,369,104,11,93,445,31,414,35,1,34,949,73,876,36.76389,-95.201553
Oklahoma,CRAIG,Vinita Police Department,OK0180100,95,31,64,132,37,95,5,0,5,0,0,0,15,3,12,0,0,0,233,32,201,98,13,85,531,71,460,32,5,27,862,116,746,36.76389,-95.201553
Oklahoma,CRAIG,Big Cabin Police Department,OK0180200,5,1,4,7,2,5,0,0,0,0,0,0,0,0,0,0,0,0,9,0,9,8,2,6,60,9,51,2,1,1,77,11,66,36.76389,-95.201553
Oklahoma,CREEK,Creek County Sheriff's Office,OK0190000,405,100,305,532,113,419,28,2,26,1,0,1,37,1,36,17,4,13,1040,49,991,643,23,620,1454,16,1438,87,6,81,3137,88,3049,35.907732,-96.379793
Oklahoma,CREEK,Bristow Police Department,OK0190100,100,28,72,127,32,95,6,3,3,0,0,0,9,2,7,2,1,1,396,39,357,158,21,137,887,155,732,17,2,15,1441,215,1226,35.907732,-96.379793
Oklahoma,"CREEK, PAYNE",Drumright Police Department,OK0190200,63,19,44,73,21,52,5,1,4,0,0,0,0,0,0,5,1,4,236,19,217,58,2,56,379,12,367,1,0,1,673,33,640,35.98845,-96.602066
Oklahoma,"CREEK, TULSA",Sapulpa Police Department,OK0190300,445,136,309,635,164,471,22,6,16,0,0,0,61,2,59,15,5,10,1063,83,980,672,43,629,2787,369,2418,103,11,92,4522,495,4027,35.99901,-96.10745
Oklahoma,CREEK,Depew Police Department,OK0190500,7,3,4,9,3,6,0,0,0,0,0,0,1,0,1,0,0,0,18,4,14,8,1,7,29,1,28,1,0,1,55,6,49,35.907732,-96.379793
Oklahoma,CREEK,Kellyville Police Department,OK0190600,12,2,10,16,3,13,1,0,1,0,0,0,1,0,1,0,0,0,24,1,23,18,2,16,67,1,66,3,1,2,109,4,105,35.907732,-96.379793
Oklahoma,CREEK,Kiefer Police Department,OK0190700,28,10,18,47,16,31,2,0,2,0,0,0,4,1,3,0,0,0,71,7,64,39,5,34,199,20,179,14,5,9,309,32,277,35.907732,-96.379793
Oklahoma,"CREEK, PAWNEE, TULSA",Mannford Police Department,OK0190800,45,14,31,63,17,46,2,0,2,0,0,0,4,0,4,2,0,2,76,9,67,66,12,54,149,14,135,12,2,10,291,35,256,35.907732,-96.379793
Oklahoma,"CREEK, OKMULGEE",Mounds Police Department,OK0191000,33,6,27,35,6,29,9,1,8,0,0,0,0,0,0,0,0,0,33,2,31,17,0,17,93,1,92,2,0,2,143,3,140,35.907732,-96.379793
Oklahoma,CREEK,Oilton Police Department,OK0191100,13,3,10,14,3,11,3,0,3,0,0,0,1,0,1,0,0,0,50,1,49,26,4,22,66,5,61,1,0,1,142,10,132,35.907732,-96.379793
Oklahoma,CUSTER,Custer County Sheriff's Office,OK0200000,99,28,71,123,30,93,17,3,14,0,0,0,8,0,8,2,0,2,252,14,238,101,11,90,360,10,350,16,1,15,713,35,678,35.645601,-98.997386
Oklahoma,"CUSTER, WASHITA",Clinton Police Department,OK0200100,264,83,181,375,104,271,26,6,20,0,0,0,38,5,33,2,0,2,567,92,475,229,36,193,1020,85,935,52,9,43,1816,213,1603,35.5154,-98.96484
Oklahoma,CUSTER,Weatherford Police Department,OK0200200,142,58,84,222,82,140,5,0,5,0,0,0,8,2,6,5,2,3,342,36,306,193,69,124,1447,216,1231,46,15,31,1982,321,1661,35.524887,-98.71259
Oklahoma,CUSTER,Butler,OK0200400,0,0,0,0,0,0,0,0,0,0,0,0,0,0,0,0,0,0,1,0,1,0,0,0,0,0,0,0,0,0,1,0,1,,
Oklahoma,CUSTER,Thomas,OK0200800,1,0,1,2,0,2,1,0,1,0,0,0,0,0,0,0,0,0,8,0,8,6,0,6,19,0,19,0,0,0,33,0,33,,
Oklahoma,CUSTER,Southwestern Oklahoma State University,OK0200900,6,0,6,9,0,9,0,0,0,0,0,0,3,0,3,0,0,0,10,2,8,0,0,0,71,0,71,3,0,3,81,2,79,35.534843,-98.707695
Oklahoma,DELAWARE,Delaware County Sheriff's Office,OK0210000,433,84,349,541,91,450,57,2,55,1,0,1,50,0,50,15,4,11,819,38,781,402,17,385,1194,21,1173,80,3,77,2415,76,2339,36.393375,-94.808217
Oklahoma,DELAWARE,Bernice Police Department,OK0210100,4,0,4,4,0,4,0,0,0,0,0,0,0,0,0,0,0,0,11,0,11,2,0,2,38,0,38,0,0,0,51,0,51,36.393375,-94.808217
Oklahoma,DELAWARE,Colcord Police Department,OK0210400,22,5,17,25,5,20,4,0,4,0,0,0,1,0,1,0,0,0,27,0,27,23,2,21,79,2,77,3,0,3,129,4,125,36.393375,-94.808217
Oklahoma,DELAWARE,Grove Police Department,OK0210700,182,39,143,211,42,169,13,2,11,0,0,0,12,0,12,0,0,0,275,15,260,159,14,145,1693,173,1520,19,0,19,2127,202,1925,36.59347,-94.769104
Oklahoma,DELAWARE,Jay Police Department,OK0210800,89,23,66,107,23,84,27,3,24,0,0,0,10,0,10,1,0,1,163,13,150,68,2,66,371,27,344,16,0,16,602,42,560,36.393375,-94.808217
Oklahoma,DELAWARE,Kansas,OK0210900,4,1,3,6,1,5,3,1,2,0,0,0,0,0,0,0,0,0,29,2,27,10,1,9,23,3,20,2,0,2,62,6,56,,
Oklahoma,DELAWARE,West Siloam Springs Police Department,OK0211600,22,4,18,32,6,26,2,0,2,0,0,0,1,0,1,3,1,2,58,1,57,111,17,94,349,31,318,4,0,4,518,49,469,36.176346,-94.59406
Oklahoma,DEWEY,Dewey County Sheriff's Office,OK0220000,46,16,30,61,19,42,6,0,6,0,0,0,2,0,2,5,2,3,123,13,110,53,8,45,184,7,177,9,1,8,360,28,332,35.978433,-99.014094
Oklahoma,DEWEY,Seiling Police Department,OK0221100,0,0,0,0,0,0,1,0,1,0,0,0,0,0,0,0,0,0,9,1,8,4,0,4,18,0,18,0,0,0,31,1,30,35.978433,-99.014094
Oklahoma,DEWEY,Vici Police Department,OK0221400,11,5,6,12,5,7,1,0,1,0,0,0,1,0,1,0,0,0,2,0,2,1,0,1,23,2,21,1,0,1,26,2,24,35.978433,-99.014094
Oklahoma,ELLIS,Ellis County Sheriff's Office,OK0230000,38,10,28,43,10,33,8,0,8,0,0,0,2,0,2,0,0,0,130,4,126,41,6,35,231,14,217,3,0,3,402,24,378,36.224258,-99.750139
Oklahoma,ELLIS,Shattuck Police Department,OK0230700,0,0,0,4,0,4,0,0,0,0,0,0,3,0,3,0,0,0,21,0,21,2,0,2,36,0,36,4,0,4,59,0,59,36.224258,-99.750139
Oklahoma,GARFIELD,Garfield County Sheriff's Office,OK0240000,118,34,84,147,37,110,48,2,46,0,0,0,13,2,11,0,0,0,332,23,309,128,19,109,589,21,568,29,3,26,1049,63,986,36.378273,-97.787729
Oklahoma,GARFIELD,Enid Police Department,OK0240100,1591,477,1114,2093,548,1545,32,7,25,0,0,0,64,3,61,22,11,11,3456,312,3144,817,91,726,10128,1149,8979,310,22,288,14401,1552,12849,36.378273,-97.787729
Oklahoma,GARFIELD,Covington Police Department,OK0240600,2,0,2,3,0,3,0,0,0,0,0,0,0,0,0,0,0,0,6,0,6,0,0,0,14,1,13,1,0,1,20,1,19,36.378273,-97.787729
Oklahoma,GARFIELD,Garber,OK0241000,0,0,0,0,0,0,0,0,0,0,0,0,0,0,0,0,0,0,4,0,4,1,0,1,3,0,3,0,0,0,8,0,8,,
Oklahoma,GARFIELD,Lahoma Police Department,OK0241500,11,1,10,12,1,11,0,0,0,0,0,0,1,0,1,0,0,0,12,2,10,2,1,1,11,0,11,1,0,1,25,3,22,36.378273,-97.787729
Oklahoma,GARFIELD,North Enid Police Department,OK0241600,9,4,5,11,4,7,0,0,0,0,0,0,2,0,2,0,0,0,20,1,19,4,1,3,60,5,55,2,0,2,84,7,77,36.435738,-97.8663
Oklahoma,GARFIELD,Waukomis Police Department,OK0241700,12,4,8,15,4,11,2,0,2,0,0,0,1,0,1,1,0,1,23,2,21,11,1,10,73,0,73,2,0,2,107,3,104,36.378273,-97.787729
Oklahoma,GARVIN,Garvin County Sheriff's Office,OK0250000,360,131,229,415,139,276,55,3,52,0,0,0,25,4,21,6,2,4,660,58,602,279,48,231,1300,79,1221,41,5,36,2239,185,2054,34.74052,-97.221436
Oklahoma,GARVIN,Lindsay Police Department,OK0250100,87,25,62,111,27,84,6,1,5,0,0,0,13,1,12,2,0,2,285,14,271,71,7,64,450,27,423,19,1,18,806,48,758,34.70935,-97.312723
Oklahoma,GARVIN,Pauls Valley Police Department,OK0250200,286,89,197,364,97,267,16,3,13,0,0,0,28,2,26,1,0,1,704,49,655,188,22,166,1729,198,1531,56,3,53,2621,269,2352,34.738525,-97.22257
Oklahoma,GARVIN,Wynnewood Police Department,OK0250300,57,23,34,62,24,38,2,1,1,0,0,0,4,1,3,0,0,0,59,6,53,21,2,19,90,10,80,5,1,4,170,18,152,34.64268,-97.1701
Oklahoma,GARVIN,Elmore City Police Department,OK0250500,20,8,12,24,8,16,0,0,0,0,0,0,2,0,2,0,0,0,21,2,19,6,2,4,65,6,59,4,0,4,92,10,82,34.70935,-97.312723
Oklahoma,"GARVIN, MCCLAIN",Maysville Police Department,OK0250900,24,4,20,26,4,22,0,0,0,0,0,0,1,0,1,0,0,0,57,5,52,17,3,14,110,6,104,2,0,2,184,14,170,34.70935,-97.312723
Oklahoma,GARVIN,Paoli Police Department,OK0251000,5,2,3,5,2,3,0,0,0,0,0,0,0,0,0,0,0,0,3,1,2,3,1,2,7,1,6,0,0,0,13,3,10,34.70935,-97.312723
Oklahoma,GARVIN,Stratford Police Department,OK0251300,33,12,21,35,13,22,3,0,3,0,0,0,2,1,1,0,0,0,80,14,66,41,7,34,100,10,90,2,1,1,221,31,190,34.70935,-97.312723
Oklahoma,GRADY,Grady County Sheriff's Office,OK0260000,316,96,220,382,100,282,36,2,34,0,0,0,25,1,24,5,1,4,805,34,771,379,27,352,1353,15,1338,56,2,54,2537,76,2461,35.05245,-97.93687
Oklahoma,GRADY,Chickasha Police Department,OK0260100,732,243,489,962,289,673,34,6,28,0,0,0,43,5,38,26,9,17,1286,120,1166,460,72,388,3255,655,2600,133,20,113,5001,847,4154,35.051174,-97.93979
Oklahoma,GRADY,Amber,OK0260500,1,0,1,1,0,1,0,0,0,0,0,0,0,0,0,0,0,0,8,1,7,3,0,3,4,0,4,0,0,0,15,1,14,,
Oklahoma,GRADY,Minco Police Department,OK0260900,17,7,10,19,7,12,2,0,2,0,0,0,2,0,2,0,0,0,20,2,18,13,3,10,52,1,51,2,0,2,85,6,79,35.021058,-97.88689
Oklahoma,GRADY,Ninnekah Police Department,OK0261000,3,0,3,3,0,3,2,1,1,0,0,0,0,0,0,0,0,0,19,1,18,20,4,16,28,1,27,0,0,0,67,6,61,35.021058,-97.88689
Oklahoma,GRADY,Rush Springs Police Department,OK0261300,42,17,25,55,19,36,2,0,2,0,0,0,4,1,3,0,0,0,80,12,68,21,3,18,154,20,134,13,2,11,255,35,220,35.021058,-97.88689
Oklahoma,GRADY,Tuttle Police Department,OK0261500,148,56,92,170,58,112,6,0,6,0,0,0,6,0,6,0,0,0,202,20,182,119,23,96,586,46,540,18,1,17,907,89,818,35.021058,-97.88689
Oklahoma,GRADY,Verden,OK0261600,9,3,6,9,3,6,1,0,1,0,0,0,0,0,0,0,0,0,22,2,20,7,0,7,23,2,21,0,0,0,52,4,48,,
Oklahoma,GRANT,Grant County Sheriff's Office,OK0270000,17,4,13,24,4,20,7,0,7,0,0,0,2,0,2,0,0,0,95,4,91,24,0,24,153,3,150,6,0,6,272,7,265,36.80856,-97.73369
Oklahoma,GRANT,Lamont Police Department,OK0270400,4,1,3,5,1,4,0,0,0,0,0,0,1,0,1,0,0,0,9,0,9,1,0,1,15,2,13,1,0,1,25,2,23,36.788254,-97.788151
Oklahoma,GRANT,Medford,OK0270600,1,0,1,2,0,2,0,0,0,0,0,0,1,0,1,0,0,0,7,2,5,5,0,5,11,1,10,1,0,1,23,3,20,,
Oklahoma,GRANT,Nash,OK0270700,0,0,0,0,0,0,0,0,0,0,0,0,0,0,0,0,0,0,3,1,2,0,0,0,1,0,1,0,0,0,4,1,3,,
Oklahoma,GRANT,Pond Creek,OK0270900,4,1,3,8,1,7,0,0,0,0,0,0,1,0,1,0,0,0,18,0,18,1,0,1,16,0,16,4,0,4,35,0,35,,
Oklahoma,GRANT,Wakita,OK0271200,0,0,0,1,0,1,0,0,0,0,0,0,1,0,1,0,0,0,3,1,2,1,0,1,10,0,10,1,0,1,14,1,13,,
Oklahoma,GREER,Greer County Sheriff's Office,OK0280000,6,1,5,8,1,7,0,0,0,0,0,0,1,0,1,0,0,0,9,0,9,4,1,3,22,0,22,2,0,2,35,1,34,34.935263,-99.552968
Oklahoma,GREER,Mangum Police Department,OK0280100,88,26,62,95,27,68,4,1,3,0,0,0,3,0,3,0,0,0,98,7,91,29,4,25,154,9,145,4,0,4,281,20,261,34.8735,-99.50441
Oklahoma,GREER,Granite Police Department,OK0280300,20,8,12,22,8,14,5,0,5,0,0,0,2,0,2,0,0,0,19,1,18,7,1,6,31,1,30,2,0,2,57,3,54,34.935263,-99.552968
Oklahoma,HARMON,Harmon County Sheriff's Office,OK0290000,7,2,5,11,2,9,1,0,1,0,0,0,1,0,1,0,0,0,34,3,31,4,0,4,64,1,63,4,0,4,102,4,98,34.682793,-99.918625
Oklahoma,HARMON,Hollis Police Department,OK0290100,74,26,48,83,26,57,15,4,11,0,0,0,2,0,2,1,0,1,157,12,145,31,7,24,188,11,177,6,0,6,376,30,346,34.745971,-99.844194
Oklahoma,HARPER,Harper County Sheriff's Office,OK0300000,9,3,6,14,4,10,3,0,3,0,0,0,4,1,3,0,0,0,21,2,19,7,0,7,55,1,54,5,1,4,83,3,80,36.80036,-99.662809
Oklahoma,HARPER,Laverne Police Department,OK0300200,0,0,0,0,0,0,0,0,0,0,0,0,0,0,0,0,0,0,1,0,1,2,0,2,4,0,4,0,0,0,7,0,7,36.80036,-99.662809
Oklahoma,HASKELL,Haskell County Sheriff's Office,OK0310000,64,17,47,78,20,58,11,1,10,0,0,0,9,3,6,1,0,1,168,13,155,63,6,57,261,22,239,11,3,8,492,41,451,35.232294,-95.109578
Oklahoma,HASKELL,Stigler Police Department,OK0310100,67,21,46,79,22,57,3,1,2,0,0,0,7,1,6,0,0,0,152,11,141,42,9,33,389,59,330,9,1,8,583,79,504,35.253994,-95.12572
Oklahoma,HASKELL,Keota Police Department,OK0310400,11,5,6,11,5,6,0,0,0,0,0,0,0,0,0,0,0,0,3,0,3,4,1,3,1,0,1,0,0,0,8,1,7,35.232294,-95.109578
Oklahoma,HASKELL,McCurtain Police Department,OK0310800,11,4,7,14,4,10,1,0,1,0,0,0,0,0,0,0,0,0,10,0,10,4,1,3,14,0,14,0,0,0,28,1,27,35.232294,-95.109578
Oklahoma,HUGHES,Hughes County Sheriff's Office,OK0320000,119,35,84,138,39,99,21,1,20,0,0,0,3,1,2,4,0,4,266,18,248,142,15,127,557,15,542,6,1,5,965,48,917,35.083427,-96.40041
Oklahoma,HUGHES,Holdenville Police Department,OK0320100,119,34,85,141,36,105,33,6,27,0,0,0,5,0,5,2,0,2,344,28,316,111,6,105,612,56,556,12,2,10,1067,90,977,35.052934,-96.251183
Oklahoma,HUGHES,Wetumka Police Department,OK0320200,31,7,24,46,9,37,9,1,8,0,0,0,8,0,8,0,0,0,69,5,64,47,6,41,138,11,127,13,2,11,254,22,232,35.23846,-96.24167
Oklahoma,HUGHES,Calvin,OK0320400,1,0,1,1,0,1,1,0,1,0,0,0,0,0,0,0,0,0,0,0,0,1,0,1,6,0,6,0,0,0,7,0,7,,
Oklahoma,JACKSON,Jackson County Sheriff's Office,OK0330000,69,15,54,90,20,70,7,0,7,0,0,0,6,1,5,2,1,1,126,7,119,57,8,49,230,15,215,17,4,13,413,30,383,34.637867,-99.33524
Oklahoma,JACKSON,Altus Police Department,OK0330100,390,107,283,516,129,387,26,7,19,0,0,0,36,7,29,9,3,6,1097,99,998,260,28,232,2702,416,2286,70,9,61,4059,543,3516,34.638077,-99.332596
Oklahoma,JACKSON,Blair,OK0330200,0,0,0,0,0,0,0,0,0,0,0,0,0,0,0,0,0,0,0,0,0,0,0,0,2,1,1,0,0,0,2,1,1,,
Oklahoma,JACKSON,Eldorado,OK0330500,0,0,0,0,0,0,0,0,0,0,0,0,0,0,0,0,0,0,7,2,5,1,0,1,0,0,0,0,0,0,8,2,6,,
Oklahoma,JACKSON,Olustee,OK0331100,6,2,4,6,2,4,0,0,0,0,0,0,0,0,0,0,0,0,6,1,5,1,0,1,5,0,5,0,0,0,12,1,11,,
Oklahoma,JEFFERSON,Jefferson County Sheriff's Office,OK0340000,41,14,27,55,15,40,6,0,6,0,0,0,5,1,4,1,0,1,62,5,57,38,7,31,147,3,144,11,1,10,247,15,232,34.164112,-98.00147
Oklahoma,JEFFERSON,Ringling Police Department,OK0340800,13,2,11,19,2,17,0,0,0,0,0,0,0,0,0,0,0,0,27,1,26,14,1,13,70,6,64,3,0,3,111,8,103,34.105092,-97.838814
Oklahoma,JEFFERSON,Waurika Police Department,OK0341200,54,17,37,62,20,42,2,0,2,0,0,0,4,2,2,0,0,0,43,3,40,17,3,14,100,14,86,8,3,5,160,20,140,34.163593,-98.00148
Oklahoma,JOHNSTON,Johnston County Sheriff's Office,OK0350000,171,71,100,208,83,125,17,4,13,0,0,0,12,4,8,6,3,3,289,60,229,78,5,73,242,12,230,26,8,18,609,77,532,34.313455,-96.654254
Oklahoma,JOHNSTON,Tishomingo Police Department,OK0350100,40,16,24,53,20,33,7,2,5,0,0,0,3,0,3,0,0,0,112,17,95,41,8,33,163,23,140,10,3,7,316,48,268,34.235905,-96.681854
Oklahoma,KAY,Kay County Sheriff's Office,OK0360000,234,63,171,280,74,206,15,0,15,0,0,0,14,1,13,4,2,2,372,23,349,98,17,81,349,18,331,31,5,26,819,58,761,36.814842,-97.143755
Oklahoma,KAY,Blackwell Police Department,OK0360100,155,53,102,202,60,142,33,8,25,0,0,0,20,2,18,3,1,2,309,35,274,80,8,72,531,24,507,40,5,35,920,67,853,36.814842,-97.143755
Oklahoma,KAY,District 8 Narcotics Task Force,OK036015A,1,0,1,3,1,2,0,0,0,0,0,0,0,0,0,2,1,1,0,0,0,0,0,0,2,0,2,0,0,0,2,0,2,,
Oklahoma,KAY,Newkirk Police Department,OK0360200,47,17,30,61,22,39,1,0,1,0,0,0,6,3,3,3,1,2,74,5,69,29,2,27,173,13,160,9,4,5,276,20,256,36.814842,-97.143755
Oklahoma,KAY,Ponca City Police Department,OK0360300,1422,439,983,1933,529,1404,93,19,74,0,0,0,52,4,48,7,3,4,2011,148,1863,561,74,487,6065,858,5207,283,48,235,8637,1080,7557,36.701534,-97.082504
Oklahoma,KAY,Tonkawa Police Department,OK0360400,69,25,44,84,26,58,5,1,4,0,0,0,10,1,9,0,0,0,160,19,141,34,6,28,322,37,285,15,1,14,516,62,454,36.677086,-97.3096
Oklahoma,NOT SPECIFIED,Kaw Tribal,OK0361800,0,0,0,0,0,0,0,0,0,0,0,0,0,0,0,0,0,0,7,0,7,1,0,1,43,2,41,0,0,0,51,2,49,36.814842,-97.143755
Oklahoma,NOT SPECIFIED,Tonkawa Tribal,OK0361900,22,5,17,25,5,20,5,1,4,0,0,0,1,0,1,0,0,0,14,1,13,12,1,11,122,12,110,1,0,1,148,14,134,36.814842,-97.143755
Oklahoma,NOT SPECIFIED,Ponca Tribal,OK0362000,36,8,28,43,9,34,15,2,13,0,0,0,1,0,1,2,1,1,31,2,29,31,6,25,90,6,84,2,0,2,152,14,138,36.814842,-97.143755
Oklahoma,KINGFISHER,Kingfisher County Sheriff's Office,OK0370000,63,24,39,76,25,51,9,0,9,0,0,0,10,1,9,0,0,0,89,8,81,63,3,60,386,7,379,12,1,11,538,18,520,35.86032,-97.93269
Oklahoma,KINGFISHER,Hennessey Police Department,OK0370100,11,2,9,19,2,17,0,0,0,0,0,0,3,0,3,1,0,1,41,2,39,13,0,13,97,1,96,6,0,6,151,3,148,36.107334,-97.89879
Oklahoma,KINGFISHER,Kingfisher Police Department,OK0370200,68,12,56,94,13,81,3,0,3,0,0,0,20,0,20,0,0,0,137,8,129,68,1,67,520,10,510,25,1,24,725,19,706,35.861988,-97.93294
Oklahoma,"KINGFISHER, LOGAN",Cashion Police Department,OK0370300,10,4,6,11,4,7,0,0,0,0,0,0,0,0,0,0,0,0,13,2,11,1,0,1,23,0,23,1,0,1,37,2,35,35.949431,-97.934568
Oklahoma,"CANADIAN, KINGFISHER",Okarche Police Department,OK0370700,0,0,0,4,2,2,0,0,0,0,0,0,4,2,2,0,0,0,8,0,8,6,1,5,38,1,37,4,2,2,52,2,50,35.949431,-97.934568
Oklahoma,KINGFISHER,Hennessey Public School District ,OK0370900,0,0,0,0,0,0,0,0,0,0,0,0,0,0,0,0,0,0,0,0,0,0,0,0,0,0,0,0,0,0,0,0,0,,
Oklahoma,KIOWA,Kiowa County Sheriff's Office,OK0380000,43,8,35,51,8,43,5,1,4,0,0,0,3,0,3,1,0,1,78,8,70,24,2,22,122,5,117,6,0,6,224,15,209,35.025723,-99.09176
Oklahoma,KIOWA,Hobart Police Department,OK0380100,69,13,56,80,14,66,4,0,4,0,0,0,2,0,2,1,0,1,199,15,184,46,4,42,304,15,289,3,0,3,549,34,515,35.029465,-99.088905
Oklahoma,KIOWA,Snyder Police Department,OK0381100,31,7,24,36,7,29,2,1,1,0,0,0,0,0,0,0,0,0,50,4,46,12,3,9,73,1,72,3,0,3,135,8,127,34.658604,-98.951904
Oklahoma,KIOWA,Mountain View Police Department,OK0381400,6,2,4,7,2,5,0,0,0,0,0,0,1,0,1,0,0,0,25,5,20,9,2,7,17,0,17,1,0,1,51,7,44,34.921489,-98.981617
Oklahoma,LATIMER,Latimer County Sheriff's Office,OK0390000,137,37,100,153,41,112,23,3,20,0,0,0,3,0,3,6,3,3,263,25,238,98,4,94,330,14,316,7,0,7,691,43,648,34.919346,-95.309685
Oklahoma,LATIMER,Wilburton Police Department,OK0390100,65,18,47,75,18,57,1,0,1,0,0,0,5,0,5,0,0,0,143,9,134,37,4,33,284,9,275,9,0,9,464,22,442,34.91868,-95.31355
Oklahoma,LATIMER,Eastern Oklahoma State College,OK0391100,0,0,0,1,0,1,0,0,0,0,0,0,1,0,1,0,0,0,11,3,8,1,0,1,11,0,11,1,0,1,23,3,20,,
Oklahoma,LE FLORE,Le Flore County Sheriff's Office,OK0400000,462,117,345,525,127,398,28,1,27,0,0,0,23,5,18,13,5,8,852,53,799,318,23,295,1229,20,1209,40,5,35,2399,96,2303,34.899642,-94.703491
Oklahoma,LE FLORE,Poteau Police Department,OK0400100,397,117,280,491,134,357,12,1,11,0,0,0,35,7,28,9,3,6,914,53,861,217,21,196,2823,407,2416,60,11,49,3954,481,3473,35.053352,-94.62298
Oklahoma,LE FLORE,Talihina Police Department,OK0400200,18,4,14,20,4,16,9,2,7,0,0,0,1,0,1,0,0,0,65,4,61,19,0,19,97,2,95,1,0,1,181,6,175,34.899642,-94.703491
Oklahoma,LE FLORE,Arkoma Police Department,OK0400300,9,1,8,13,2,11,0,0,0,0,0,0,0,0,0,2,1,1,16,0,16,33,0,33,43,1,42,0,0,0,92,1,91,34.899642,-94.703491
Oklahoma,LE FLORE,Bokoshe Police Department,OK0400500,15,4,11,17,4,13,0,0,0,0,0,0,0,0,0,0,0,0,7,0,7,1,0,1,7,0,7,0,0,0,15,0,15,34.899642,-94.703491
Oklahoma,LE FLORE,Heavener Police Department,OK0401100,97,26,71,104,27,77,4,0,4,0,0,0,1,0,1,0,0,0,119,9,110,37,6,31,217,10,207,5,0,5,373,25,348,34.889736,-94.60197
Oklahoma,LE FLORE,Howe Police Department,OK0401400,14,5,9,15,5,10,0,0,0,0,0,0,1,0,1,0,0,0,13,3,10,8,1,7,36,4,32,1,0,1,57,8,49,34.899642,-94.703491
Oklahoma,LE FLORE,Panama Police Department,OK0402200,1,0,1,1,0,1,0,0,0,0,0,0,0,0,0,0,0,0,5,2,3,4,2,2,0,0,0,0,0,0,9,4,5,34.899642,-94.703491
Oklahoma,LE FLORE,Pocola Police Department,OK0402300,71,19,52,90,20,70,3,0,3,0,0,0,5,0,5,6,1,5,103,9,94,60,6,54,154,7,147,9,0,9,317,22,295,34.899642,-94.703491
Oklahoma,LE FLORE,Shady Point Police Department,OK0402600,5,2,3,7,3,4,1,0,1,0,0,0,0,0,0,0,0,0,10,1,9,7,2,5,4,0,4,0,0,0,21,3,18,34.899642,-94.703491
Oklahoma,LE FLORE,Spiro Police Department,OK0402700,41,10,31,44,11,33,5,0,5,0,0,0,0,0,0,0,0,0,31,2,29,18,1,17,105,5,100,2,1,1,154,8,146,35.236904,-94.62115
Oklahoma,LE FLORE,Wister Police Department,OK0403100,14,1,13,14,1,13,0,0,0,0,0,0,0,0,0,0,0,0,22,0,22,1,0,1,63,0,63,0,0,0,86,0,86,34.899642,-94.703491
Oklahoma,LINCOLN,Lincoln County Sheriff's Office,OK0410000,373,113,260,502,134,368,50,6,44,0,0,0,51,7,44,12,2,10,857,74,783,370,35,335,1141,30,1111,96,13,83,2368,139,2229,35.702446,-96.88074
Oklahoma,LINCOLN,Chandler Police Department,OK0410100,87,31,56,109,35,74,5,1,4,0,0,0,7,0,7,0,0,0,105,15,90,50,2,48,373,71,302,17,3,14,528,88,440,35.706604,-96.88077
Oklahoma,LINCOLN,Prague Police Department,OK0410200,62,14,48,77,14,63,4,0,4,0,0,0,4,0,4,1,0,1,142,9,133,45,2,43,294,6,288,9,0,9,481,17,464,35.703117,-96.881392
Oklahoma,"CREEK, LINCOLN",Stroud Police Department,OK0410300,66,21,45,84,25,59,10,3,7,0,0,0,5,1,4,4,2,2,224,29,195,80,6,74,340,17,323,8,1,7,644,52,592,35.703117,-96.881392
Oklahoma,LINCOLN,Carney Police Department,OK0410600,0,0,0,1,0,1,0,0,0,0,0,0,0,0,0,0,0,0,22,5,17,3,0,3,27,0,27,1,0,1,52,5,47,35.703117,-96.881392
Oklahoma,LINCOLN,Davenport Police Department,OK0410700,36,14,22,39,14,25,2,1,1,0,0,0,0,0,0,0,0,0,32,3,29,10,1,9,54,1,53,2,0,2,96,5,91,35.703117,-96.881392
Oklahoma,LINCOLN,Meeker Police Department,OK0411100,48,14,34,51,15,36,1,0,1,0,0,0,0,0,0,0,0,0,38,5,33,16,3,13,98,8,90,1,0,1,152,16,136,35.703117,-96.881392
Oklahoma,LINCOLN,Sparks Police Department,OK0411400,0,0,0,0,0,0,1,0,1,0,0,0,0,0,0,0,0,0,5,0,5,0,0,0,6,0,6,0,0,0,11,0,11,35.703117,-96.881392
Oklahoma,LINCOLN,Tryon Police Department,OK0411500,4,1,3,8,2,6,0,0,0,0,0,0,2,1,1,0,0,0,5,0,5,6,0,6,4,0,4,4,1,3,15,0,15,35.703117,-96.881392
Oklahoma,LINCOLN,Wellston Police Department,OK0411700,2,0,2,2,0,2,2,1,1,0,0,0,0,0,0,0,0,0,8,1,7,13,2,11,17,1,16,0,0,0,38,4,34,35.703117,-96.881392
Oklahoma,NOT SPECIFIED,Sac and Fox Tribal,OK0411800,56,18,38,61,19,42,4,2,2,0,0,0,0,0,0,0,0,0,55,3,52,49,10,39,124,13,111,2,1,1,228,26,202,35.703117,-96.881392
Oklahoma,LOGAN,Logan County Sheriff's Office,OK0420000,305,87,218,430,102,328,18,2,16,0,0,0,47,5,42,5,0,5,995,57,938,391,26,365,1561,25,1536,92,9,83,2947,108,2839,35.914151,-97.450764
Oklahoma,LOGAN,Guthrie Police Department,OK0420100,307,94,213,397,114,283,15,4,11,0,0,0,26,5,21,10,4,6,736,79,657,212,19,193,1613,164,1449,49,10,39,2561,262,2299,35.914151,-97.450764
Oklahoma,LOGAN,Crescent Police Department,OK0420300,18,8,10,21,9,12,1,0,1,0,0,0,2,1,1,0,0,0,40,1,39,12,2,10,94,6,88,2,1,1,146,9,137,35.914151,-97.450764
Oklahoma,LOGAN,Langston Police Department,OK0420400,11,3,8,20,6,14,1,0,1,0,0,0,4,2,2,1,0,1,19,1,18,3,0,3,21,0,21,7,3,4,43,1,42,35.914151,-97.450764
Oklahoma,LOGAN,Langston University,OK0421200,41,6,35,80,12,68,7,1,6,0,0,0,17,3,14,0,0,0,200,4,196,17,2,15,236,3,233,24,3,21,453,9,444,35.914151,-97.450764
Oklahoma,LOVE,Love County Sheriff's Office,OK0430000,110,31,79,140,35,105,10,1,9,0,0,0,13,0,13,0,0,0,160,7,153,119,11,108,442,17,425,20,1,19,721,35,686,33.93639,-97.120674
Oklahoma,LOVE,Marietta Police Department,OK0430100,54,18,36,77,20,57,9,0,9,0,0,0,4,0,4,0,0,0,160,20,140,101,17,84,399,23,376,16,1,15,660,60,600,33.93725,-97.11925
Oklahoma,LOVE,Thackerville,OK0430800,0,0,0,0,0,0,0,0,0,0,0,0,0,0,0,0,0,0,5,1,4,4,1,3,30,4,26,0,0,0,39,6,33,,
Oklahoma,MCCLAIN,McClain County Sheriff's Office,OK0440000,183,49,134,269,55,214,16,3,13,0,0,0,22,1,21,5,0,5,692,39,653,316,25,291,1033,26,1007,60,3,57,2041,90,1951,35.016433,-97.449801
Oklahoma,"GRADY, MCCLAIN",Blanchard Police Department,OK0440100,53,10,43,66,11,55,7,1,6,0,0,0,6,0,6,2,0,2,179,3,176,123,14,109,491,17,474,10,1,9,793,34,759,35.016433,-97.449801
Oklahoma,MCCLAIN,Purcell Police Department,OK0440200,181,53,128,269,75,194,10,2,8,0,0,0,24,5,19,4,1,3,527,61,466,199,31,168,1489,162,1327,52,11,41,2215,254,1961,35.028893,-97.365944
Oklahoma,MCCLAIN,Dibble Police Department,OK0440600,11,4,7,14,5,9,0,0,0,0,0,0,0,0,0,0,0,0,30,7,23,10,1,9,40,3,37,1,0,1,80,11,69,35.016433,-97.449801
Oklahoma,MCCLAIN,Newcastle Police Department,OK0440800,39,5,34,79,5,74,5,2,3,0,0,0,23,0,23,2,0,2,386,7,379,324,54,270,1093,40,1053,33,0,33,1803,101,1702,35.016433,-97.449801
Oklahoma,MCCLAIN,Washington Police Department,OK0441100,0,0,0,1,0,1,0,0,0,0,0,0,1,0,1,0,0,0,10,1,9,3,0,3,6,0,6,1,0,1,19,1,18,35.016433,-97.449801
Oklahoma,MCCURTAIN,McCurtain County Sheriff's Office,OK0450000,283,62,221,323,65,258,91,2,89,0,0,0,22,1,21,4,1,3,918,33,885,311,10,301,1234,17,1217,25,1,24,2463,60,2403,33.896812,-94.82897
Oklahoma,MCCURTAIN,Broken Bow Police Department,OK0450100,211,39,172,266,48,218,29,5,24,0,0,0,19,2,17,2,0,2,576,52,524,200,24,176,1576,182,1394,36,5,31,2352,258,2094,34.028564,-94.73709
Oklahoma,MCCURTAIN,Idabel Police Department,OK0450200,236,70,166,341,93,248,29,5,24,0,0,0,7,2,5,24,11,13,805,85,720,108,9,99,2671,421,2250,50,8,42,3584,515,3069,33.892776,-94.82654
Oklahoma,MCCURTAIN,Haworth,OK0451000,0,0,0,0,0,0,0,0,0,0,0,0,0,0,0,0,0,0,0,0,0,0,0,0,0,0,0,0,0,0,0,0,0,,
Oklahoma,MCCURTAIN,Valliant Police Department,OK0451600,13,3,10,17,4,13,0,0,0,0,0,0,0,0,0,3,1,2,33,4,29,15,0,15,65,2,63,0,0,0,113,6,107,34.117073,-94.766086
Oklahoma,MCCURTAIN,Wright City Police Department,OK0451800,7,3,4,7,3,4,3,0,3,0,0,0,0,0,0,0,0,0,14,0,14,3,0,3,26,2,24,0,0,0,43,2,41,34.117073,-94.766086
Oklahoma,MCINTOSH,McIntosh County Sheriff's Office,OK0460000,322,98,224,386,110,276,36,3,33,0,0,0,16,2,14,6,1,5,686,36,650,320,30,290,773,37,736,37,4,33,1779,103,1676,35.369092,-95.671764
Oklahoma,MCINTOSH,Checotah Police Department,OK0460100,95,31,64,111,35,76,7,0,7,0,0,0,3,0,3,0,0,0,189,11,178,90,10,80,628,93,535,5,0,5,907,114,793,35.369092,-95.671764
Oklahoma,MCINTOSH,Eufaula Police Department,OK0460200,64,20,44,89,21,68,1,0,1,0,0,0,4,0,4,4,1,3,174,14,160,99,8,91,427,36,391,17,0,17,700,58,642,35.369092,-95.671764
Oklahoma,MAJOR,Major County Sheriff's Office,OK0470000,43,10,33,59,11,48,15,0,15,0,0,0,11,1,10,1,0,1,113,12,101,51,4,47,198,5,193,15,1,14,362,21,341,36.26886,-98.47479
Oklahoma,MAJOR,Fairview Police Department,OK0470100,34,9,25,42,9,33,2,0,2,0,0,0,7,0,7,0,0,0,85,4,81,30,5,25,161,9,152,8,0,8,276,18,258,36.313119,-98.542015
Oklahoma,MARSHALL,Marshall County Sheriff's Office,OK0480000,180,49,131,220,55,165,12,2,10,1,0,1,17,3,14,4,0,4,630,39,591,243,16,227,689,10,679,28,4,24,1562,65,1497,34.09306,-96.768814
Oklahoma,MARSHALL,Madill Police Department,OK0480100,38,12,26,58,15,43,4,2,2,0,0,0,2,0,2,3,1,2,145,26,119,64,11,53,1260,405,855,8,0,8,1469,442,1027,34.091816,-96.771
Oklahoma,MARSHALL,Kingston Police Department,OK0480300,3,1,2,7,3,4,1,0,1,0,0,0,4,2,2,0,0,0,34,5,29,21,7,14,30,2,28,4,2,2,85,14,71,34.027007,-96.770533
Oklahoma,MAYES,Mayes County Sheriff's Office,OK0490000,322,69,253,433,74,359,78,2,76,0,0,0,47,1,46,7,2,5,939,39,900,530,34,496,1359,17,1342,91,3,88,2828,90,2738,36.309147,-95.31652
Oklahoma,MAYES,Chouteau Police Department,OK0490100,27,5,22,32,5,27,1,0,1,0,0,0,3,0,3,0,0,0,74,5,69,79,11,68,244,28,216,3,0,3,397,44,353,36.303804,-95.235638
Oklahoma,MAYES,Pryor Police Department,OK0490200,619,180,439,705,196,509,16,7,9,0,0,0,12,3,9,3,0,3,507,90,417,352,57,295,1622,346,1276,59,9,50,2481,493,1988,36.303955,-95.31992
Oklahoma,MAYES,Adair,OK0490300,0,0,0,0,0,0,0,0,0,0,0,0,0,0,0,0,0,0,11,0,11,5,0,5,23,2,21,0,0,0,39,2,37,,
Oklahoma,MAYES,Disney,OK0490500,0,0,0,0,0,0,0,0,0,0,0,0,0,0,0,0,0,0,1,0,1,0,0,0,9,3,6,0,0,0,10,3,7,,
Oklahoma,MAYES,Langley Police Department,OK0490700,6,0,6,8,0,8,2,0,2,0,0,0,0,0,0,0,0,0,30,1,29,22,1,21,68,3,65,0,0,0,120,5,115,36.303804,-95.235638
Oklahoma,MAYES,Locust Grove Police Department,OK0490800,53,15,38,57,15,42,6,1,5,0,0,0,2,0,2,0,0,0,79,3,76,78,14,64,226,27,199,3,0,3,383,44,339,36.303804,-95.235638
Oklahoma,MAYES,Salina Police Department,OK0491500,45,13,32,61,14,47,4,0,4,0,0,0,8,0,8,0,0,0,51,7,44,53,13,40,139,18,121,10,0,10,243,38,205,36.303804,-95.235638
Oklahoma,MAYES,Spavinaw Police Department,OK0491700,4,1,3,4,1,3,0,0,0,0,0,0,0,0,0,0,0,0,10,2,8,2,0,2,7,0,7,0,0,0,19,2,17,36.303804,-95.235638
Oklahoma,MAYES,Grand River Dam Authority Lake Patrol,OK0491900,6,3,3,7,3,4,3,1,2,0,0,0,1,0,1,0,0,0,3,0,3,3,0,3,60,0,60,1,0,1,66,0,66,36.303804,-95.235638
Oklahoma,MAYES,Sportsmen Acres,OK0492000,0,0,0,0,0,0,0,0,0,0,0,0,0,0,0,0,0,0,1,0,1,0,0,0,0,0,0,0,0,0,1,0,1,,
Oklahoma,MURRAY,Murray County Sheriff's Office,OK0500000,55,18,37,63,18,45,1,0,1,0,0,0,1,0,1,0,0,0,77,8,69,29,3,26,118,7,111,8,0,8,224,18,206,34.504333,-96.97968
Oklahoma,MURRAY,Sulphur Police Department,OK0500100,120,33,87,144,36,108,7,0,7,0,0,0,8,0,8,3,1,2,247,29,218,73,5,68,741,83,658,11,0,11,1061,117,944,34.506493,-96.959984
Oklahoma,MURRAY,Davis Police Department,OK0500200,146,40,106,179,46,133,8,1,7,0,0,0,9,0,9,0,0,0,212,19,193,79,13,66,500,39,461,27,5,22,791,71,720,34.485766,-97.071557
Oklahoma,MUSKOGEE,Muskogee County Sheriff's Office,OK0510000,661,193,468,772,216,556,62,6,56,0,0,0,27,1,26,15,4,11,831,55,776,281,12,269,1167,52,1115,74,10,64,2279,119,2160,35.617551,-95.383911
Oklahoma,MUSKOGEE,Muskogee Police Department,OK0510100,3516,891,2625,4279,973,3306,108,17,91,0,0,0,177,9,168,32,13,19,3715,263,3452,1016,62,954,8484,1327,7157,285,15,270,13215,1652,11563,35.617551,-95.383911
Oklahoma,"CHEROKEE, MUSKOGEE",Fort Gibson Police Department,OK0510700,108,30,78,123,30,93,3,0,3,0,0,0,5,0,5,1,0,1,141,8,133,29,3,26,237,8,229,11,0,11,407,19,388,35.617551,-95.383911
Oklahoma,MUSKOGEE,Haskell Police Department,OK0510800,51,21,30,56,22,34,2,0,2,0,0,0,0,0,0,2,0,2,58,7,51,23,3,20,93,11,82,0,0,0,174,21,153,35.617551,-95.383911
Oklahoma,MUSKOGEE,Porum Police Department,OK0511200,14,3,11,15,3,12,0,0,0,0,0,0,1,0,1,0,0,0,11,0,11,3,0,3,17,2,15,1,0,1,31,2,29,35.617551,-95.383911
Oklahoma,MUSKOGEE,Warner Police Department,OK0511600,26,9,17,31,10,21,1,0,1,0,0,0,0,0,0,0,0,0,36,10,26,12,1,11,61,4,57,3,0,3,109,15,94,35.617551,-95.383911
Oklahoma,MUSKOGEE,Webbers Falls Police Department,OK0511700,9,4,5,13,4,9,0,0,0,0,0,0,3,0,3,0,0,0,17,3,14,15,3,12,38,4,34,4,0,4,70,10,60,35.617551,-95.383911
Oklahoma,MUSKOGEE,Muskogee City Schools,OK0512100,30,2,28,37,4,33,3,0,3,0,0,0,0,0,0,0,0,0,2,0,2,2,0,2,12,0,12,5,1,4,16,0,16,,
Oklahoma,MUSKOGEE,Bacone College,OK051229E,0,0,0,1,0,1,0,0,0,0,0,0,0,0,0,0,0,0,10,0,10,2,1,1,25,6,19,0,0,0,37,7,30,,
Oklahoma,NOBLE,Noble County Sheriff's Office,OK0520000,59,17,42,90,20,70,7,0,7,0,0,0,17,2,15,6,1,5,211,4,207,84,7,77,406,10,396,22,2,20,701,21,680,36.286037,-97.28861
Oklahoma,NOBLE,Perry Police Department,OK0520100,112,39,73,141,43,98,10,2,8,0,0,0,6,0,6,1,0,1,239,22,217,53,5,48,546,69,477,15,1,14,838,96,742,36.286198,-97.290215
Oklahoma,NOWATA,Nowata County Sheriff's Office,OK0530000,75,18,57,80,18,62,14,2,12,0,0,0,2,0,2,0,0,0,133,10,123,52,3,49,255,5,250,4,0,4,440,18,422,36.789615,-95.613312
Oklahoma,NOWATA,Nowata Police Department,OK0530100,107,33,74,134,40,94,9,1,8,0,0,0,10,2,8,1,0,1,214,20,194,45,4,41,408,18,390,18,4,14,667,42,625,36.789615,-95.613312
Oklahoma,NOWATA,South Coffeyville Police Department,OK0530800,14,4,10,19,5,14,0,0,0,0,0,0,3,1,2,0,0,0,14,1,13,17,3,14,84,5,79,4,1,3,115,9,106,36.789615,-95.613312
Oklahoma,OKFUSKEE,Okfuskee County Sheriff's Office,OK0540000,115,33,82,154,42,112,17,2,15,0,0,0,8,3,5,14,6,8,312,20,292,126,6,120,391,8,383,22,3,19,829,34,795,35.43291,-96.30348
Oklahoma,OKFUSKEE,Okemah Police Department,OK0540100,106,34,72,132,36,96,8,0,8,0,0,0,8,1,7,2,0,2,360,41,319,110,13,97,699,68,631,13,1,12,1169,122,1047,35.466804,-96.327762
Oklahoma,OKFUSKEE,Weleetka Police Department,OK0540200,48,18,30,54,18,36,2,0,2,0,0,0,1,0,1,0,0,0,39,4,35,24,2,22,101,14,87,3,0,3,164,20,144,35.466804,-96.327762
Oklahoma,OKFUSKEE,Boley Police Department,OK0540400,7,0,7,7,0,7,0,0,0,0,0,0,0,0,0,0,0,0,5,0,5,0,0,0,3,0,3,0,0,0,8,0,8,35.466804,-96.327762
Oklahoma,OKLAHOMA,Oklahoma County Sheriff's Office,OK0550000,278,75,203,341,88,253,6,1,5,0,0,0,5,0,5,20,3,17,440,30,410,371,49,322,820,25,795,27,5,22,1631,104,1527,35.46964,-97.525764
Oklahoma,OKLAHOMA,Bethany Police Department,OK0550100,386,84,302,629,118,511,45,8,37,0,0,0,15,0,15,10,0,10,1424,99,1325,619,47,572,2882,149,2733,92,19,73,4925,295,4630,35.554611,-97.409401
Oklahoma,OKLAHOMA,Del City Police Department,OK0550200,1524,575,949,2067,714,1353,43,12,31,0,0,0,19,3,16,40,13,27,1498,174,1324,880,86,794,6529,1702,4827,185,61,124,8907,1962,6945,35.4371,-97.437035
Oklahoma,NOT SPECIFIED,Oklahoma Department of Corrections ,OK055025C,152,2,150,248,9,239,0,0,0,0,0,0,3,1,2,14,2,12,0,0,0,0,0,0,0,0,0,82,5,77,0,0,0,,
Oklahoma,OKLAHOMA,Edmond Police Department,OK0550300,1190,471,719,1784,674,1110,31,8,23,0,0,0,202,55,147,25,11,14,2114,208,1906,735,68,667,10951,1830,9121,385,135,250,13800,2106,11694,35.654186,-97.480965
Oklahoma,OKLAHOMA,Midwest City Police Department,OK0550400,1332,497,835,2052,691,1361,83,16,67,0,0,0,61,15,46,54,23,31,2731,205,2526,2215,755,1460,13953,3203,10750,288,85,203,18899,4163,14736,35.46556,-97.388535
Oklahoma,OKLAHOMA,Nichols Hills Police Department,OK0550500,12,4,8,25,9,16,0,0,0,0,0,0,3,1,2,0,0,0,134,13,121,80,13,67,376,7,369,3,1,2,590,33,557,35.538322,-97.5313
Oklahoma,"CANADIAN, CLEVELAND, OKLAHOMA, POTTAWATOMIE",Oklahoma City Police Department,OK0550600,39643,12826,26817,55668,16586,39082,1056,258,798,47,11,36,1744,210,1534,937,370,567,50488,4394,46094,29869,3532,26337,147724,19270,128454,5434,1272,4162,228081,27196,200885,35.468613,-97.524315
Oklahoma,OKLAHOMA,The Village Police Department,OK0550700,153,40,113,217,48,169,5,2,3,0,0,0,7,1,6,0,0,0,315,11,304,122,11,111,1488,128,1360,30,2,28,1925,150,1775,35.554611,-97.409401
Oklahoma,OKLAHOMA,Warr Acres Police Department,OK0550800,388,103,285,539,128,411,12,4,8,0,0,0,8,1,7,9,3,6,1029,49,980,358,12,346,2039,147,1892,38,4,34,3426,208,3218,35.51929,-97.62193
Oklahoma,OKLAHOMA,Arcadia,OK0550900,1,0,1,1,0,1,0,0,0,0,0,0,0,0,0,0,0,0,1,0,1,1,0,1,3,0,3,0,0,0,5,0,5,,
Oklahoma,OKLAHOMA,Choctaw Police Department,OK0551000,138,44,94,186,51,135,7,1,6,0,0,0,20,1,19,3,1,2,435,26,409,163,19,144,951,50,901,38,6,32,1549,95,1454,35.554611,-97.409401
Oklahoma,OKLAHOMA,Harrah Police Department,OK0551100,116,41,75,146,47,99,6,0,6,0,0,0,6,0,6,4,2,2,321,29,292,75,7,68,686,58,628,14,0,14,1082,94,988,35.554611,-97.409401
Oklahoma,OKLAHOMA,Jones Police Department,OK0551200,52,14,38,69,14,55,8,0,8,0,0,0,7,0,7,2,0,2,152,8,144,58,4,54,247,8,239,14,0,14,457,20,437,35.554611,-97.409401
Oklahoma,OKLAHOMA,Luther Police Department,OK0551300,22,5,17,26,5,21,3,1,2,0,0,0,1,0,1,0,0,0,47,6,41,17,3,14,65,4,61,3,0,3,129,13,116,35.554611,-97.409401
Oklahoma,OKLAHOMA,Nicoma Park Police Department,OK0551400,54,17,37,67,20,47,3,0,3,0,0,0,5,1,4,0,0,0,187,11,176,93,17,76,288,15,273,8,2,6,568,43,525,35.554611,-97.409401
Oklahoma,OKLAHOMA,Spencer Police Department,OK0551500,129,38,91,160,39,121,4,1,3,0,0,0,4,0,4,1,0,1,224,10,214,142,12,130,309,11,298,10,0,10,675,33,642,35.554611,-97.409401
Oklahoma,OKLAHOMA,Forest Park Police Department,OK0551600,4,2,2,8,4,4,0,0,0,0,0,0,2,1,1,0,0,0,17,1,16,7,0,7,32,0,32,4,2,2,56,1,55,35.514423,-97.44175
Oklahoma,OKLAHOMA,University of Central Oklahoma,OK0551700,11,1,10,23,2,21,0,0,0,0,0,0,3,0,3,0,0,0,69,3,66,6,1,5,332,6,326,9,0,9,407,10,397,35.65797,-97.475006
Oklahoma,OKLAHOMA,University of Oklahoma: Health Sciences Center,OK0551800,32,13,19,55,21,34,0,0,0,0,0,0,2,0,2,0,0,0,50,4,46,48,9,39,937,57,880,7,2,5,1035,70,965,35.554611,-97.409401
Oklahoma,OKLAHOMA,Valley Brook Police Department,OK0552100,55,22,33,68,25,43,2,1,1,0,0,0,5,1,4,0,0,0,77,17,60,54,21,33,129,21,108,6,1,5,260,59,201,35.40626,-97.48209
Oklahoma,OKLAHOMA,Putnam City Campus,OK0552200,36,12,24,46,15,31,0,0,0,0,0,0,6,2,4,0,0,0,14,3,11,2,1,1,101,20,81,9,3,6,117,24,93,35.51376,-97.61357
Oklahoma,NOT SPECIFIED,State Park Rangers,OK0552300,60,18,42,75,19,56,14,0,14,0,0,0,12,1,11,0,0,0,97,2,95,41,5,36,439,1,438,14,1,13,577,8,569,,
Oklahoma,OKLAHOMA,Oklahoma City Community College,OK0553000,3,0,3,4,0,4,2,1,1,0,0,0,0,0,0,0,0,0,2,0,2,2,0,2,84,11,73,1,0,1,88,11,77,,
Oklahoma,OKLAHOMA,Oklahoma City University,OK0554300,5,2,3,10,3,7,0,0,0,0,0,0,3,0,3,0,0,0,41,5,36,19,4,15,215,5,210,3,0,3,275,14,261,35.494347,-97.53885
Oklahoma,OKMULGEE,Okmulgee County Sheriff's Office,OK0560000,286,75,211,378,86,292,42,2,40,0,0,0,25,0,25,13,5,8,750,47,703,304,35,269,799,22,777,61,4,57,1853,104,1749,35.622444,-95.974174
Oklahoma,OKMULGEE,Henryetta Police Department,OK0560100,98,32,66,141,38,103,13,2,11,0,0,0,21,2,19,2,1,1,430,42,388,162,20,142,828,108,720,35,3,32,1420,170,1250,35.646879,-95.96458
Oklahoma,OKMULGEE,Okmulgee County Criminal Justice Authority,OK056013C,4,1,3,4,1,3,0,0,0,0,0,0,0,0,0,0,0,0,0,0,0,0,0,0,0,0,0,0,0,0,0,0,0,,
Oklahoma,"OKFUSKEE, OKMULGEE",Okmulgee Police Department,OK0560200,523,145,378,743,175,568,27,3,24,0,0,0,40,7,33,15,5,10,885,83,802,280,35,245,3368,768,2600,122,12,110,4533,886,3647,35.646879,-95.96458
Oklahoma,OKMULGEE,Beggs Police Department,OK0560400,25,9,16,40,12,28,1,0,1,0,0,0,5,1,4,2,1,1,61,3,58,22,2,20,68,5,63,7,1,6,151,10,141,35.646879,-95.96458
Oklahoma,OKMULGEE,Dewar Police Department,OK0560600,9,3,6,10,3,7,0,0,0,0,0,0,0,0,0,0,0,0,9,0,9,9,1,8,29,8,21,0,0,0,47,9,38,35.646879,-95.96458
Oklahoma,OKMULGEE,Morris Police Department,OK0561100,14,4,10,17,4,13,0,0,0,0,0,0,0,0,0,0,0,0,19,2,17,2,0,2,36,2,34,1,0,1,57,4,53,35.605633,-95.86018
Oklahoma,OKMULGEE,Oklahoma State University: Okmulgee,OK0561600,8,4,4,15,4,11,0,0,0,0,0,0,1,0,1,0,0,0,0,0,0,2,0,2,76,0,76,5,0,5,78,0,78,35.624405,-95.943954
Oklahoma,NOT SPECIFIED,Muscogee Nation Tribal,OK0561700,288,104,184,377,128,249,7,3,4,0,0,0,11,2,9,13,6,7,132,17,115,284,45,239,820,69,751,48,8,40,1236,131,1105,35.646879,-95.96458
Oklahoma,OKMULGEE,Beggs Public Schools,OK0561800,0,0,0,0,0,0,0,0,0,0,0,0,0,0,0,0,0,0,0,0,0,0,0,0,1,0,1,0,0,0,1,0,1,,
Oklahoma,OSAGE,Osage County Sheriff's Office,OK0570000,412,100,312,566,134,432,48,6,42,0,0,0,57,12,45,28,8,20,1161,81,1080,495,59,436,1545,53,1492,96,20,76,3201,193,3008,36.624696,-96.408392
Oklahoma,OSAGE,Barnsdall Police Department,OK0570100,19,5,14,27,7,20,6,0,6,0,0,0,0,0,0,0,0,0,39,5,34,6,2,4,69,6,63,5,1,4,114,13,101,36.624696,-96.408392
Oklahoma,OSAGE,Fairfax Police Department,OK0570200,32,9,23,42,10,32,1,0,1,0,0,0,4,1,3,0,0,0,66,16,50,14,1,13,65,4,61,10,1,9,145,21,124,36.624696,-96.408392
Oklahoma,OSAGE,Hominy Police Department,OK0570300,67,18,49,86,21,65,8,1,7,0,0,0,7,1,6,0,0,0,147,15,132,48,9,39,188,16,172,18,3,15,383,40,343,36.41664,-96.395454
Oklahoma,OSAGE,Pawhuska Police Department,OK0570400,136,43,93,170,46,124,11,2,9,0,0,0,15,0,15,0,0,0,306,35,271,61,12,49,488,35,453,33,3,30,855,82,773,36.66334,-96.339485
Oklahoma,OSAGE,Avant,OK0570600,0,0,0,0,0,0,1,0,1,0,0,0,0,0,0,0,0,0,5,0,5,0,0,0,5,0,5,0,0,0,10,0,10,,
Oklahoma,OSAGE,Wynona Police Department,OK0572300,0,0,0,0,0,0,0,0,0,0,0,0,0,0,0,0,0,0,2,0,2,0,0,0,3,0,3,0,0,0,5,0,5,36.624696,-96.408392
Oklahoma,NOT SPECIFIED,Osage Nation,OK0572600,59,18,41,101,26,75,18,3,15,0,0,0,0,0,0,10,4,6,271,25,246,487,19,468,1017,55,962,7,1,6,1775,99,1676,36.66516,-96.340454
Oklahoma,OTTAWA,Ottawa County Sheriff's Office,OK0580000,179,44,135,217,48,169,47,2,45,1,0,1,9,0,9,1,0,1,383,28,355,230,20,210,692,18,674,23,1,22,1305,66,1239,36.835764,-94.802681
Oklahoma,OTTAWA,Commerce Police Department,OK0580100,84,26,58,97,29,68,4,0,4,0,0,0,3,0,3,7,3,4,92,10,82,36,7,29,86,2,84,6,0,6,214,19,195,36.933254,-94.87412
Oklahoma,OTTAWA,Miami Police Department,OK0580200,455,117,338,556,128,428,46,4,42,0,0,0,45,2,43,4,1,3,888,86,802,274,25,249,2169,331,1838,62,4,58,3331,442,2889,36.835764,-94.802681
Oklahoma,OTTAWA,Fairland,OK0580600,12,2,10,15,2,13,2,1,1,0,0,0,0,0,0,0,0,0,9,1,8,11,0,11,32,0,32,0,0,0,52,1,51,,
Oklahoma,OTTAWA,Wyandotte Police Department,OK0581200,8,2,6,8,2,6,0,0,0,0,0,0,0,0,0,0,0,0,10,1,9,1,0,1,38,3,35,0,0,0,49,4,45,36.835764,-94.802681
Oklahoma,NOT SPECIFIED,Wyandotte Nation,OK0581400,40,12,28,45,12,33,2,0,2,0,0,0,0,0,0,0,0,0,36,4,32,11,1,10,450,24,426,1,0,1,497,29,468,36.835764,-94.802681
Oklahoma,OTTAWA,Northeastern Oklahoma A&M College,OK0581500,7,3,4,19,6,13,2,0,2,0,0,0,1,0,1,0,0,0,130,20,110,12,1,11,132,24,108,9,2,7,274,45,229,36.876125,-94.867775
Oklahoma,PAWNEE,Pawnee County Sheriff's Office,OK0590000,190,37,153,229,46,183,10,1,9,0,0,0,4,0,4,6,3,3,251,21,230,188,16,172,339,24,315,22,6,16,778,61,717,36.33796,-96.80247
Oklahoma,PAWNEE,Cleveland Police Department,OK0590100,75,31,44,90,35,55,0,0,0,0,0,0,2,0,2,0,0,0,52,12,40,53,10,43,232,50,182,9,1,8,337,72,265,36.308987,-96.4642
Oklahoma,PAWNEE,Pawnee Police Department,OK0590200,118,47,71,152,53,99,7,1,6,0,0,0,9,2,7,0,0,0,177,38,139,46,8,38,212,30,182,18,2,16,435,76,359,36.339134,-96.80264
Oklahoma,PAWNEE,Jennings,OK0590500,1,0,1,2,0,2,4,0,4,0,0,0,0,0,0,0,0,0,9,0,9,11,0,11,21,0,21,1,0,1,41,0,41,,
Oklahoma,NOT SPECIFIED,Pawnee Tribal,OK0591200,5,1,4,5,1,4,0,0,0,0,0,0,0,0,0,0,0,0,6,1,5,5,1,4,44,8,36,0,0,0,55,10,45,36.313704,-96.696669
Oklahoma,PAYNE,Payne County Sheriff's Office,OK0600000,274,64,210,344,68,276,45,5,40,0,0,0,23,1,22,7,2,5,734,49,685,349,23,326,1317,30,1287,55,2,53,2400,102,2298,36.115547,-97.05997
Oklahoma,PAYNE,Cushing Police Department,OK0600100,207,54,153,267,59,208,13,2,11,0,0,0,19,2,17,0,0,0,493,38,455,190,20,170,1530,87,1443,44,3,41,2213,145,2068,36.079225,-96.975255
Oklahoma,PAYNE,Stillwater Police Department,OK0600200,1313,472,841,1828,594,1234,103,19,84,2,1,1,191,42,149,25,9,16,2156,296,1860,657,84,573,8647,1389,7258,345,75,270,11460,1769,9691,36.079225,-96.975255
Oklahoma,PAYNE,Yale Police Department,OK0600300,39,15,24,61,20,41,12,0,12,0,0,0,2,0,2,0,0,0,52,4,48,27,3,24,157,9,148,19,4,15,236,16,220,36.115257,-96.69913
Oklahoma,PAYNE,Perkins Police Department,OK0600600,30,6,24,47,8,39,5,2,3,0,0,0,7,1,6,1,0,1,137,11,126,60,8,52,400,25,375,12,1,11,597,44,553,36.079225,-96.975255
Oklahoma,PAYNE,Oklahoma State University: Main Campus,OK0601000,12,4,8,76,18,58,1,0,1,0,0,0,30,3,27,0,0,0,266,29,237,26,5,21,1205,147,1058,58,12,46,1497,181,1316,36.079225,-96.975255
Oklahoma,NOT SPECIFIED,Iowa Tribal,OK0601100,5,0,5,5,0,5,1,0,1,0,0,0,0,0,0,0,0,0,10,0,10,8,1,7,122,10,112,0,0,0,140,11,129,36.079225,-96.975255
Oklahoma,PITTSBURG,Pittsburg County Sheriff's Office,OK0610000,590,207,383,697,222,475,62,10,52,0,0,0,39,3,36,17,5,12,1500,98,1402,399,43,356,1499,66,1433,77,6,71,3398,207,3191,34.94911,-95.780876
Oklahoma,PITTSBURG,Hartshorne Police Department,OK0610100,52,15,37,59,15,44,3,0,3,0,0,0,1,0,1,1,0,1,161,21,140,43,5,38,161,11,150,4,0,4,365,37,328,34.84446,-95.55433
Oklahoma,PITTSBURG,McAlester Police Department,OK0610200,508,101,407,727,129,598,27,7,20,0,0,0,49,3,46,13,4,9,1397,121,1276,414,29,385,5274,700,4574,124,6,118,7085,850,6235,34.92554,-95.74813
Oklahoma,PITTSBURG,Haileyville Police Department,OK0611400,11,4,7,12,4,8,1,0,1,0,0,0,0,0,0,0,0,0,16,3,13,3,0,3,7,0,7,0,0,0,26,3,23,34.92554,-95.74813
Oklahoma,PITTSBURG,Kiowa Police Department,OK0611700,12,1,11,15,2,13,4,0,4,0,0,0,0,0,0,0,0,0,13,0,13,15,5,10,54,2,52,0,0,0,82,7,75,34.92554,-95.74813
Oklahoma,PITTSBURG,Krebs Police Department,OK0611800,56,21,35,68,23,45,8,0,8,0,0,0,2,0,2,2,1,1,155,13,142,68,9,59,309,22,287,5,0,5,532,44,488,34.92554,-95.74813
Oklahoma,PITTSBURG,Quinton Police Department,OK0612000,38,13,25,41,13,28,5,2,3,0,0,0,2,0,2,0,0,0,27,4,23,39,7,32,43,4,39,2,0,2,109,15,94,34.92554,-95.74813
Oklahoma,PITTSBURG,Savanna,OK0612100,10,3,7,10,3,7,0,0,0,0,0,0,0,0,0,0,0,0,37,1,36,23,5,18,81,3,78,0,0,0,141,9,132,,
Oklahoma,PONTOTOC,Pontotoc County Sheriff's Office,OK0620000,233,93,140,268,106,162,22,4,18,0,0,0,2,0,2,4,2,2,527,60,467,160,22,138,618,32,586,26,8,18,1305,114,1191,34.721069,-96.692733
Oklahoma,PONTOTOC,Ada Police Department,OK0620100,651,243,408,847,294,553,34,7,27,0,0,0,11,0,11,9,4,5,1401,185,1216,476,83,393,4259,1106,3153,93,16,77,6136,1374,4762,34.772808,-96.68027
Oklahoma,"HUGHES, PONTOTOC",Allen Police Department,OK0620300,4,2,2,8,2,6,1,0,1,0,0,0,0,0,0,0,0,0,34,6,28,13,1,12,75,2,73,0,0,0,122,9,113,34.721069,-96.692733
Oklahoma,PONTOTOC,East Central University,OK0621600,0,0,0,7,3,4,2,1,1,0,0,0,5,2,3,0,0,0,20,2,18,6,1,5,108,1,107,5,2,3,134,4,130,34.775593,-96.69291
Oklahoma,POTTAWATOMIE,Pottawatomie County Sheriff's Office,OK0630000,532,186,346,675,213,462,40,7,33,2,0,2,66,7,59,18,6,12,1313,96,1217,638,31,607,1946,39,1907,114,20,94,3897,166,3731,35.330368,-96.92347
Oklahoma,POTTAWATOMIE,Shawnee Police Department,OK0630100,2255,592,1663,2672,650,2022,55,13,42,0,0,0,41,1,40,18,8,10,2661,219,2442,1316,105,1211,9575,1951,7624,210,9,201,13552,2275,11277,35.328705,-96.92376
Oklahoma,POTTAWATOMIE,Tecumseh Police Department,OK0630200,166,54,112,226,66,160,8,1,7,0,0,0,20,2,18,5,2,3,429,48,381,209,18,191,872,55,817,41,7,34,1510,121,1389,35.257687,-96.93695
Oklahoma,POTTAWATOMIE,Earlsboro,OK0630900,12,4,8,15,4,11,1,0,1,0,0,0,0,0,0,0,0,0,12,1,11,12,2,10,33,4,29,0,0,0,57,7,50,,
Oklahoma,"POTTAWATOMIE, SEMINOLE",Maud Police Department,OK0631300,14,0,14,19,0,19,0,0,0,0,0,0,1,0,1,0,0,0,34,0,34,6,0,6,60,0,60,5,0,5,100,0,100,35.211393,-96.957007
Oklahoma,POTTAWATOMIE,McLoud Police Department,OK0631400,92,22,70,116,24,92,9,3,6,0,0,0,7,1,6,4,0,4,139,13,126,83,15,68,364,22,342,11,2,9,586,50,536,35.436333,-97.09185
Oklahoma,NOT SPECIFIED,Kickapoo Tribal,OK0632100,30,9,21,37,9,28,4,0,4,0,0,0,0,0,0,3,0,3,43,8,35,32,4,28,126,8,118,1,0,1,201,20,181,35.211393,-96.957007
Oklahoma,NOT SPECIFIED,Citizen Potawatomi Nation,OK0632200,65,21,44,81,22,59,2,0,2,0,0,0,5,0,5,1,0,1,104,9,95,117,10,107,1180,111,1069,6,0,6,1401,130,1271,35.293835,-96.924194
Oklahoma,NOT SPECIFIED,Absentee Shawnee Tribal,OK0632300,36,4,32,41,4,37,1,0,1,0,0,0,1,0,1,0,0,0,52,0,52,17,2,15,100,0,100,2,0,2,169,2,167,35.293346,-96.924034
Oklahoma,PUSHMATAHA,Pushmataha County Sheriff's Office,OK0640000,98,22,76,101,22,79,25,0,25,0,0,0,1,0,1,0,0,0,299,13,286,80,3,77,219,2,217,3,0,3,598,18,580,34.229744,-95.62196
Oklahoma,PUSHMATAHA,Antlers Police Department,OK0640100,33,7,26,43,8,35,6,1,5,0,0,0,0,0,0,1,0,1,113,11,102,41,2,39,181,18,163,2,0,2,335,31,304,34.230255,-95.62035
Oklahoma,PUSHMATAHA,Clayton Police Department,OK0640300,35,10,25,35,10,25,2,0,2,0,0,0,0,0,0,0,0,0,28,2,26,12,0,12,39,2,37,0,0,0,79,4,75,34.377896,-95.408085
Oklahoma,PUSHMATAHA,Rattan,OK0641700,0,0,0,0,0,0,0,0,0,0,0,0,0,0,0,0,0,0,5,1,4,3,1,2,3,0,3,0,0,0,11,2,9,,
Oklahoma,ROGER MILLS,Roger Mills County Sheriff's Office,OK0650000,47,11,36,57,12,45,11,1,10,0,0,0,9,1,8,1,0,1,75,8,67,21,1,20,189,2,187,9,1,8,285,11,274,35.708554,-99.741572
Oklahoma,"CUSTER, ROGER MILLS",Hammon Police Department,OK0650500,0,0,0,0,0,0,0,0,0,0,0,0,0,0,0,0,0,0,0,0,0,1,0,1,0,0,0,0,0,0,1,0,1,35.708554,-99.741572
Oklahoma,ROGERS,Rogers County Sheriff's Office,OK0660000,861,325,536,1118,382,736,65,17,48,0,0,0,43,1,42,30,15,15,1615,184,1431,472,38,434,2106,139,1967,194,31,163,4193,361,3832,36.310703,-95.61434
Oklahoma,ROGERS,Claremore Police Department,OK0660100,316,118,198,482,149,333,22,7,15,0,0,0,52,5,47,7,3,4,755,65,690,277,15,262,3750,665,3085,129,21,108,4782,745,4037,36.378082,-95.601337
Oklahoma,"ROGERS, WAGONER",Catoosa Police Department,OK0660300,491,184,307,582,201,381,10,4,6,0,0,0,7,1,6,2,0,2,384,54,330,547,31,516,1959,381,1578,44,5,39,2890,466,2424,36.378082,-95.601337
Oklahoma,ROGERS,Chelsea Police Department,OK0660400,21,8,13,48,15,33,6,1,5,0,0,0,10,3,7,0,0,0,51,1,50,42,11,31,247,48,199,26,7,19,340,60,280,36.53626,-95.433495
Oklahoma,ROGERS,Inola Police Department,OK0660600,10,1,9,11,1,10,0,0,0,0,0,0,1,0,1,0,0,0,21,2,19,6,1,5,38,1,37,1,0,1,65,4,61,36.378082,-95.601337
Oklahoma,ROGERS,Oologah Police Department,OK0660700,14,5,9,18,6,12,0,0,0,0,0,0,3,1,2,1,0,1,30,3,27,3,0,3,59,2,57,3,1,2,92,5,87,36.378082,-95.601337
Oklahoma,ROGERS,Talala Police Department,OK0660900,1,0,1,1,0,1,0,0,0,0,0,0,0,0,0,0,0,0,6,0,6,3,1,2,11,1,10,0,0,0,20,2,18,36.378082,-95.601337
Oklahoma,ROGERS,Rogers State University,OK0661300,2,1,1,3,1,2,0,0,0,0,0,0,0,0,0,0,0,0,9,3,6,2,1,1,24,2,22,1,0,1,35,6,29,36.31858,-95.63065
Oklahoma,ROGERS,Verdigris Police Department,OK0661500,35,13,22,52,18,34,0,0,0,0,0,0,9,2,7,2,1,1,51,4,47,39,3,36,266,18,248,14,4,10,356,25,331,36.378082,-95.601337
Oklahoma,ROGERS,Foyil,OK0661600,1,0,1,2,0,2,0,0,0,0,0,0,0,0,0,0,0,0,0,0,0,3,1,2,5,1,4,1,0,1,8,2,6,,
Oklahoma,SEMINOLE,Seminole County Sheriff's Office,OK0670000,222,60,162,272,64,208,48,5,43,0,0,0,22,1,21,7,1,6,820,48,772,312,17,295,1173,21,1152,36,2,34,2305,86,2219,35.15856,-96.4914
Oklahoma,SEMINOLE,Konawa Police Department,OK0670100,49,12,37,56,12,44,16,1,15,0,0,0,5,0,5,0,0,0,78,2,76,25,1,24,153,11,142,6,0,6,256,14,242,34.957657,-96.75208
Oklahoma,SEMINOLE,Seminole Police Department,OK0670200,218,75,143,285,98,187,12,4,8,0,0,0,14,3,11,7,3,4,463,55,408,205,14,191,1375,251,1124,37,10,27,2043,320,1723,35.224655,-96.66722
Oklahoma,SEMINOLE,Wewoka Police Department,OK0670300,105,28,77,118,30,88,10,1,9,0,0,0,4,0,4,3,1,2,248,28,220,66,4,62,350,30,320,6,0,6,664,62,602,35.1556,-96.49175
Oklahoma,SEMINOLE,Seminole State College,OK0671300,1,0,1,1,0,1,0,0,0,0,0,0,0,0,0,0,0,0,5,0,5,0,0,0,28,0,28,0,0,0,33,0,33,35.158366,-96.602857
Oklahoma,SEQUOYAH,Sequoyah County Sheriff's Office,OK0680000,710,209,501,847,214,633,57,6,51,0,0,0,55,2,53,11,0,11,1058,84,974,306,22,284,1364,62,1302,111,4,107,2728,168,2560,35.458378,-94.788635
Oklahoma,SEQUOYAH,Sallisaw Police Department,OK0680100,207,64,143,280,70,210,21,6,15,1,0,1,37,2,35,4,1,3,444,50,394,163,23,140,2639,522,2117,58,3,55,3246,595,2651,35.502435,-94.750757
Oklahoma,SEQUOYAH,Gans,OK0680600,0,0,0,2,1,1,0,0,0,0,0,0,2,1,1,0,0,0,0,0,0,1,0,1,0,0,0,2,1,1,1,0,1,,
Oklahoma,SEQUOYAH,Gore Police Department,OK0680700,22,8,14,26,8,18,0,0,0,0,0,0,1,0,1,0,0,0,22,1,21,12,3,9,60,2,58,3,0,3,94,6,88,35.502435,-94.750757
Oklahoma,SEQUOYAH,Marble City,OK0680900,0,0,0,0,0,0,0,0,0,0,0,0,0,0,0,0,0,0,0,0,0,0,0,0,0,0,0,0,0,0,0,0,0,,
Oklahoma,SEQUOYAH,Muldrow Police Department,OK0681200,174,36,138,216,41,175,10,1,9,0,0,0,17,3,14,0,0,0,210,16,194,78,9,69,449,36,413,33,3,30,737,61,676,35.502435,-94.750757
Oklahoma,SEQUOYAH,Roland Police Department,OK0681400,85,23,62,108,25,83,4,1,3,0,0,0,7,1,6,2,0,2,135,15,120,76,12,64,489,45,444,13,1,12,700,72,628,35.502435,-94.750757
Oklahoma,SEQUOYAH,Vian Police Department,OK0681600,72,20,52,85,20,65,5,0,5,1,0,1,3,0,3,0,0,0,92,9,83,23,3,20,203,25,178,7,0,7,318,37,281,35.502435,-94.750757
Oklahoma,STEPHENS,Stephens County Sheriff's Office,OK0690000,216,72,144,259,77,182,12,1,11,0,0,0,21,3,18,1,0,1,393,27,366,171,19,152,761,25,736,35,4,31,1325,71,1254,34.503338,-97.961174
Oklahoma,STEPHENS,Comanche Police Department,OK0690100,55,14,41,66,14,52,3,0,3,0,0,0,5,0,5,0,0,0,102,5,97,20,1,19,137,5,132,9,0,9,259,11,248,34.372654,-97.96613
Oklahoma,STEPHENS,Duncan Police Department,OK0690200,393,118,275,529,133,396,42,2,40,0,0,0,36,3,33,14,4,10,1912,85,1827,400,29,371,4662,372,4290,62,5,57,6974,486,6488,34.50145,-97.95543
Oklahoma,STEPHENS,Marlow Police Department,OK0690300,55,11,44,81,14,67,3,0,3,0,0,0,11,1,10,0,0,0,291,15,276,56,8,48,532,16,516,18,1,17,879,39,840,34.481361,-97.855607
Oklahoma,STEPHENS,Velma,OK0691100,2,1,1,3,1,2,0,0,0,0,0,0,1,0,1,0,0,0,16,1,15,3,0,3,5,0,5,1,0,1,24,1,23,,
Oklahoma,TEXAS,Texas County Sheriff's Office,OK0700000,55,20,35,76,27,49,15,7,8,0,0,0,11,3,8,1,0,1,173,22,151,51,13,38,262,14,248,20,7,13,486,49,437,36.66873,-101.47977
Oklahoma,TEXAS,Guymon Police Department,OK0700100,222,84,138,310,107,203,9,2,7,0,0,0,35,7,28,3,1,2,409,63,346,120,16,104,1032,176,856,68,17,51,1561,255,1306,36.682873,-101.492325
Oklahoma,TEXAS,District 1 Narcotics Task Force,OK070015A,0,0,0,2,0,2,0,0,0,0,0,0,1,0,1,1,0,1,0,0,0,0,0,0,0,0,0,1,0,1,0,0,0,,
Oklahoma,TEXAS,Hooker Police Department,OK0700200,33,15,18,38,17,21,0,0,0,0,0,0,1,0,1,0,0,0,31,3,28,16,4,12,69,5,64,3,1,2,116,12,104,36.741631,-101.488488
Oklahoma,TEXAS,Goodwell Police Department,OK0700600,4,0,4,5,0,5,0,0,0,0,0,0,1,0,1,0,0,0,31,2,29,9,2,7,51,0,51,1,0,1,91,4,87,36.741631,-101.488488
Oklahoma,TEXAS,Texhoma Police Department,OK0701000,10,3,7,10,3,7,1,0,1,0,0,0,0,0,0,0,0,0,1,0,1,8,2,6,7,1,6,0,0,0,16,3,13,36.741631,-101.488488
Oklahoma,TEXAS,Tyrone,OK0701100,5,1,4,6,1,5,2,1,1,0,0,0,0,0,0,0,0,0,20,2,18,2,1,1,17,1,16,0,0,0,39,4,35,,
Oklahoma,TILLMAN,Tillman County Sheriff's Office,OK0710000,41,11,30,44,11,33,3,0,3,0,0,0,2,0,2,0,0,0,127,6,121,25,2,23,163,4,159,3,0,3,315,12,303,34.37818,-99.01716
Oklahoma,TILLMAN,Frederick Police Department,OK0710100,156,63,93,199,73,126,16,3,13,0,0,0,22,5,17,4,1,3,358,47,311,61,10,51,619,95,524,27,6,21,1038,152,886,34.388226,-99.017
Oklahoma,TILLMAN,Grandfield Police Department,OK0710300,16,4,12,17,4,13,1,0,1,0,0,0,0,0,0,0,0,0,37,2,35,13,2,11,67,7,60,1,0,1,117,11,106,34.233677,-98.6834
Oklahoma,TILLMAN,Tipton Police Department,OK0710700,7,2,5,9,2,7,2,0,2,0,0,0,0,0,0,0,0,0,30,4,26,5,1,4,31,2,29,2,0,2,66,7,59,34.371085,-98.931701
Oklahoma,TULSA,Tulsa County Sheriff's Office,OK0720000,2379,904,1475,2881,1019,1862,92,21,71,2,0,2,112,14,98,44,19,25,2758,354,2404,1639,196,1443,3657,357,3300,261,43,218,8054,907,7147,36.154087,-95.995735
Oklahoma,"TULSA, WAGONER",Broken Arrow Police Department,OK0720100,1157,389,768,1840,538,1302,35,4,31,0,0,0,58,4,54,40,15,25,2825,273,2552,1800,129,1671,14480,1613,12867,353,61,292,19105,2015,17090,36.03047,-95.78848
Oklahoma,"ROGERS, TULSA",Collinsville Police Department,OK0720200,57,15,42,104,19,85,4,0,4,0,0,0,16,1,15,4,1,3,196,17,179,80,4,76,547,14,533,31,1,30,823,35,788,36.120318,-95.941813
Oklahoma,"OSAGE, TULSA",Sand Springs Police Department,OK0720300,158,50,108,283,70,213,13,2,11,0,0,0,10,0,10,10,5,5,800,59,741,723,23,700,6569,1961,4608,43,1,42,8092,2043,6049,36.120318,-95.941813
Oklahoma,"OSAGE, TULSA",Skiatook Police Department,OK0720400,135,38,97,187,41,146,15,0,15,0,0,0,24,1,23,0,0,0,413,20,393,121,9,112,1166,93,1073,41,1,40,1700,122,1578,36.120318,-95.941813
Oklahoma,"OSAGE, TULSA, WAGONER",Tulsa Police Department,OK0720500,30668,7142,23526,42851,9440,33411,1635,302,1333,22,5,17,635,54,581,866,366,500,41508,2920,38588,28710,1338,27372,119024,16549,102475,3658,533,3125,189242,20807,168435,36.149185,-95.99595
Oklahoma,"TULSA, WAGONER",Bixby Police Department,OK0720600,230,72,158,337,86,251,13,2,11,0,0,0,43,7,36,5,1,4,625,47,578,398,14,384,2314,67,2247,75,8,67,3337,128,3209,36.120318,-95.941813
Oklahoma,TULSA,Glenpool Police Department,OK0720700,489,161,328,616,192,424,3,1,2,0,0,0,14,1,13,4,2,2,551,65,486,199,12,187,1928,516,1412,78,12,66,2678,593,2085,36.120318,-95.941813
Oklahoma,TULSA,Jenks Police Department,OK0720800,263,81,182,343,97,246,9,3,6,0,0,0,29,4,25,8,4,4,490,31,459,255,20,235,1730,68,1662,46,6,40,2475,119,2356,36.120318,-95.941813
Oklahoma,"ROGERS, TULSA",Owasso Police Department,OK0721000,478,121,357,708,150,558,9,1,8,0,0,0,80,2,78,14,5,9,654,57,597,537,13,524,5638,1222,4416,137,6,131,6829,1292,5537,36.26722,-95.85503
Oklahoma,"OSAGE, TULSA",Sperry Police Department,OK0721100,58,17,41,63,17,46,4,1,3,0,0,0,0,0,0,1,0,1,105,16,89,80,14,66,178,14,164,3,0,3,363,44,319,36.120318,-95.941813
Oklahoma,TULSA,Tulsa Community College,OK0721200,8,1,7,8,1,7,1,0,1,0,0,0,0,0,0,0,0,0,11,0,11,10,0,10,157,5,152,0,0,0,178,5,173,36.120318,-95.941813
Oklahoma,TULSA,Jenks Public Schools,OK0721300,13,4,9,14,4,10,1,0,1,0,0,0,1,0,1,0,0,0,6,2,4,2,0,2,104,25,79,1,0,1,112,27,85,36.024582,-95.96741
Oklahoma,TULSA,Oklahoma State University: Tulsa,OK0721400,1,0,1,1,0,1,0,0,0,0,0,0,0,0,0,0,0,0,5,0,5,4,1,3,49,2,47,0,0,0,58,3,55,36.120318,-95.941813
Oklahoma,WAGONER,Wagoner County Sheriff's Office,OK0730000,534,124,410,669,132,537,90,9,81,0,0,0,41,2,39,7,1,6,1310,76,1234,464,29,435,1863,38,1825,90,3,87,3637,143,3494,35.959576,-95.375015
Oklahoma,WAGONER,Wagoner Police Department,OK0730100,196,59,137,262,65,197,16,2,14,0,0,0,20,0,20,8,1,7,530,50,480,137,24,113,1519,189,1330,36,2,34,2186,263,1923,35.959576,-95.375015
Oklahoma,WAGONER,Coweta Police Department,OK0730300,259,94,165,310,104,206,6,0,6,0,0,0,22,4,18,2,0,2,284,42,242,175,27,148,1217,285,932,37,7,30,1676,354,1322,35.963479,-95.5141
Oklahoma,WASHINGTON,Washington County Sheriff's Office,OK0740000,47,8,39,53,9,44,2,0,2,0,0,0,3,0,3,2,1,1,53,3,50,30,2,28,119,2,117,4,0,4,202,7,195,36.749653,-95.977684
Oklahoma,"OSAGE, WASHINGTON",Bartlesville Police Department,OK0740100,810,246,564,1133,312,821,63,11,52,0,0,0,47,11,36,25,11,14,2202,256,1946,845,115,730,6850,768,6082,167,27,140,9897,1139,8758,36.75313,-95.97683
Oklahoma,WASHINGTON,Dewey Police Department,OK0740200,54,10,44,76,15,61,3,0,3,0,0,0,4,1,3,4,1,3,213,11,202,53,2,51,442,16,426,18,4,14,708,29,679,36.799145,-95.93667
Oklahoma,WASHINGTON,Ramona Police Department,OK0740600,3,0,3,3,0,3,3,0,3,0,0,0,0,0,0,0,0,0,17,1,16,16,5,11,38,4,34,0,0,0,71,10,61,36.70438,-95.906155
Oklahoma,WASHITA,Washita County Sheriff's Office,OK0750000,129,40,89,158,42,116,17,4,13,0,0,0,13,0,13,2,0,2,166,19,147,75,9,66,291,13,278,25,1,24,532,41,491,35.289497,-98.991436
Oklahoma,WASHITA,Cordell Police Department,OK0750100,38,10,28,46,10,36,0,0,0,0,0,0,2,0,2,3,0,3,102,12,90,32,3,29,182,20,162,3,0,3,316,35,281,35.291294,-98.99035
Oklahoma,WASHITA,Burns Flat Police Department,OK0750300,17,5,12,17,5,12,1,0,1,0,0,0,0,0,0,0,0,0,4,0,4,8,2,6,14,1,13,0,0,0,26,3,23,35.289497,-98.991436
Oklahoma,WOODS,Woods County Sheriff's Office,OK0760000,33,8,25,41,9,32,0,0,0,0,0,0,7,1,6,0,0,0,90,8,82,22,1,21,140,2,138,8,1,7,252,11,241,36.8048,-98.66453
Oklahoma,WOODS,Alva Police Department,OK0760100,57,18,39,71,21,50,1,0,1,0,0,0,9,2,7,0,0,0,183,18,165,38,6,32,318,21,297,14,3,11,539,45,494,36.804703,-98.66356
Oklahoma,WOODS,Waynoka Police Department,OK0760200,13,3,10,16,4,12,1,0,1,0,0,0,3,1,2,0,0,0,16,2,14,11,1,10,44,2,42,3,1,2,71,5,66,36.761369,-98.868352
Oklahoma,WOODS,Northwestern Oklahoma State University,OK0761500,0,0,0,1,0,1,0,0,0,0,0,0,0,0,0,0,0,0,2,0,2,1,0,1,16,3,13,1,0,1,19,3,16,,
Oklahoma,WOODWARD,Woodward County Sheriff's Office,OK0770000,104,25,79,125,26,99,7,0,7,0,0,0,9,1,8,1,0,1,226,6,220,67,6,61,325,11,314,20,1,19,618,23,595,36.43599,-99.399635
Oklahoma,WOODWARD,Woodward Police Department,OK0770100,268,80,188,379,88,291,21,2,19,0,0,0,55,1,54,2,0,2,989,82,907,205,28,177,2076,276,1800,95,5,90,3270,386,2884,36.434517,-99.3906
Oklahoma,WOODWARD,Mooreland Police Department,OK0770500,9,4,5,12,4,8,1,0,1,0,0,0,1,0,1,0,0,0,20,2,18,11,1,10,31,1,30,3,0,3,62,4,58,36.425619,-99.273661
Oklahoma,NOT SPECIFIED,Miami Tribal,OKDI00400,7,2,5,7,2,5,0,0,0,0,0,0,0,0,0,0,0,0,34,1,33,9,2,7,66,6,60,0,0,0,109,9,100,36.835764,-94.802681
Oklahoma,NOT SPECIFIED,Choctaw Nation,OKDI00600,357,38,319,400,38,362,27,2,25,0,0,0,23,0,23,2,0,2,216,19,197,299,9,290,2247,14,2233,32,0,32,2762,42,2720,33.964004,-96.264137
Oklahoma,NOT SPECIFIED,Quapaw Tribal,OKDI00800,90,22,68,110,23,87,21,0,21,0,0,0,4,0,4,1,0,1,121,11,110,78,11,67,1035,50,985,6,0,6,1234,72,1162,36.835764,-94.802681
Oklahoma,NOT SPECIFIED,Anadarko Agency,OKDI05100,49,9,40,60,10,50,13,0,13,0,0,0,1,0,1,3,0,3,51,1,50,51,4,47,286,4,282,5,1,4,388,9,379,35.16792,-98.381045
Oklahoma,NOT SPECIFIED,Concho Agency,OKDI05200,66,11,55,77,14,63,10,1,9,0,0,0,0,0,0,4,2,2,21,1,20,32,3,29,166,15,151,6,1,5,219,19,200,35.54341,-97.979844
Oklahoma,NOT SPECIFIED,Pawnee Agency,OKDI05300,0,0,0,0,0,0,0,0,0,0,0,0,0,0,0,0,0,0,2,1,1,2,1,1,1,0,1,0,0,0,5,2,3,36.313704,-96.696669
Oklahoma,NOT SPECIFIED,Otoe-Missouria Tribal,OKDI05500,34,11,23,36,12,24,0,0,0,0,0,0,0,0,0,0,0,0,27,0,27,12,2,10,57,8,49,2,1,1,96,10,86,36.384901,-97.236335
Oklahoma,NOT SPECIFIED,Miami Agency,OKDI06000,20,2,18,23,3,20,5,2,3,0,0,0,0,0,0,0,0,0,18,1,17,60,10,50,316,19,297,0,0,0,394,30,364,36.835764,-94.802681
Oklahoma,NOT SPECIFIED,Seminole Nation Lighthorse,OKDI06200,61,20,41,79,23,56,13,3,10,0,0,0,5,0,5,5,2,3,82,14,68,57,5,52,148,10,138,8,0,8,287,29,258,35.158366,-96.602857
Oklahoma,NOT SPECIFIED,Eastern Shawnee Tribal,OKDI14000,15,4,11,16,4,12,2,0,2,0,0,0,0,0,0,0,0,0,6,1,5,42,2,40,520,17,503,0,0,0,568,20,548,36.835764,-94.802681
Oklahoma,NOT SPECIFIED,Comanche Nation,OKDI15000,32,7,25,50,10,40,6,1,5,0,0,0,4,0,4,0,0,0,55,1,54,62,5,57,723,60,663,8,0,8,840,66,774,34.662628,-98.476597
Oklahoma,NOT SPECIFIED,Chickasaw Nation,OKDI18000,520,183,337,727,241,486,17,4,13,0,0,0,47,12,35,11,4,7,681,124,557,573,164,409,9099,2085,7014,82,18,64,10353,2373,7980,34.721069,-96.692733
Oklahoma,NOT SPECIFIED,State Bureau of Investigation,OKOBI0000,0,0,0,2,1,1,0,0,0,0,0,0,2,1,1,0,0,0,0,0,0,0,0,0,0,0,0,2,1,1,0,0,0,,
Oklahoma,NOT SPECIFIED,Department of Public Safety Communication Center,OKOHP1200,32,13,19,51,18,33,1,0,1,0,0,0,0,0,0,19,5,14,0,0,0,56,26,30,10,3,7,0,0,0,66,29,37,,
Oklahoma,OKLAHOMA,Capitol Park Police,OKOHP1700,0,0,0,0,0,0,0,0,0,0,0,0,0,0,0,0,0,0,0,0,0,1,0,1,5,0,5,0,0,0,6,0,6,35.554611,-97.409401
