State,County,Agency,Ori,total aggravated-assault crimes (2015-2023),total aggravated-assault cleared crimes (2015-2023),total aggravated-assault actual crimes (2015-2023),total violent-crime crimes (2015-2023),total violent-crime cleared crimes (2015-2023),total violent-crime actual crimes (2015-2023),total arson crimes (2015-2023),total arson cleared crimes (2015-2023),total arson actual crimes (2015-2023),total human-trafficing crimes (2015-2023),total human-trafficing cleared crimes (2015-2023),total human-trafficing actual crimes (2015-2023),total rape-legacy crimes (2015-2023),total rape-legacy cleared crimes (2015-2023),total rape-legacy actual crimes (2015-2023),total homicide crimes (2015-2023),total homicide cleared crimes (2015-2023),total homicide actual crimes (2015-2023),total burglary crimes (2015-2023),total burglary cleared crimes (2015-2023),total burglary actual crimes (2015-2023),total motor-vehicle-theft crimes (2015-2023),total motor-vehicle-theft cleared crimes (2015-2023),total motor-vehicle-theft actual crimes (2015-2023),total larceny crimes (2015-2023),total larceny cleared crimes (2015-2023),total larceny actual crimes (2015-2023),total rape crimes (2015-2023),total rape cleared crimes (2015-2023),total rape actual crimes (2015-2023),total property-crime crimes (2015-2023),total property-crime cleared crimes (2015-2023),total property-crime actual crimes (2015-2023),Latitude,Longitude
Oregon,BAKER,Baker County Sheriff's Office,OR0010000,59,22,37,67,23,44,6,1,5,0,0,0,3,0,3,0,0,0,159,19,140,62,13,49,396,42,354,4,0,4,617,74,543,44.791683,-117.84842
Oregon,BAKER,Baker City Police Department,OR0010100,142,57,85,237,81,156,26,7,19,0,0,0,28,4,24,4,2,2,454,58,396,143,35,108,2424,430,1994,45,7,38,3021,523,2498,44.703427,-117.691933
Oregon,BAKER,Liquor Commission: Baker County,OR001070X,0,0,0,0,0,0,0,0,0,0,0,0,0,0,0,0,0,0,0,0,0,0,0,0,0,0,0,0,0,0,0,0,0,,
Oregon,BAKER,State Police: Baker County,OR001SP00,31,8,23,35,9,26,11,1,10,0,0,0,0,0,0,0,0,0,6,0,6,7,1,6,43,8,35,4,1,3,56,9,47,44.703427,-117.691933
Oregon,BENTON,Benton County Sheriff's Office,OR0020000,245,114,131,326,139,187,35,14,21,0,0,0,26,6,20,8,4,4,479,71,408,152,45,107,1166,159,1007,58,15,43,1797,275,1522,44.493882,-123.424664
Oregon,BENTON,Corvallis Police Department,OR0020100,662,273,389,1252,476,776,218,51,167,0,0,0,148,37,111,9,4,5,2002,273,1729,773,119,654,14343,2185,12158,282,77,205,17118,2577,14541,44.493882,-123.424664
Oregon,BENTON,Philomath Police Department,OR0020200,81,37,44,102,44,58,5,2,3,0,0,0,16,5,11,1,0,1,88,15,73,30,8,22,506,85,421,14,4,10,624,108,516,44.493882,-123.424664
Oregon,BENTON,Oregon State University,OR0020400,2,1,1,10,1,9,1,0,1,0,0,0,5,0,5,0,0,0,35,5,30,14,0,14,538,15,523,7,0,7,587,20,567,44.559406,-123.279564
Oregon,BENTON,Liquor Commission: Benton County,OR002050X,0,0,0,0,0,0,0,0,0,0,0,0,0,0,0,0,0,0,0,0,0,0,0,0,0,0,0,0,0,0,0,0,0,,
Oregon,BENTON,State Police: Benton County,OR002SP00,29,12,17,42,14,28,8,1,7,0,0,0,3,0,3,0,0,0,54,8,46,21,4,17,1836,256,1580,8,0,8,1911,268,1643,44.493882,-123.424664
Oregon,CLACKAMAS,Clackamas County Sheriff's Office,OR0030000,2906,1050,1856,4555,1383,3172,216,48,168,0,0,0,355,28,327,52,16,36,5134,434,4700,5591,295,5296,31679,5684,25995,670,54,616,42404,6413,35991,45.32985,-122.600235
Oregon,CLACKAMAS,Canby Police Department,OR0030100,243,92,151,348,106,242,30,4,26,0,0,0,34,2,32,1,0,1,214,18,196,156,27,129,1494,178,1316,67,5,62,1864,223,1641,45.26283,-122.69416
Oregon,CLACKAMAS,Gladstone Police Department,OR0030300,142,50,92,261,66,195,45,8,37,0,0,0,45,5,40,1,0,1,287,33,254,374,33,341,1674,189,1485,83,7,76,2335,255,2080,45.380512,-122.59472
Oregon,"CLACKAMAS, MULTNOMAH, WASHINGTON",Lake Oswego Police Department,OR0030400,151,58,93,277,82,195,35,7,28,2,0,2,40,2,38,2,1,1,650,33,617,313,10,303,3247,200,3047,81,13,68,4210,243,3967,45.160493,-122.195127
Oregon,CLACKAMAS,Milwaukie Police Department,OR0030500,210,70,140,318,84,234,23,6,17,1,0,1,22,0,22,0,0,0,334,19,315,538,34,504,1672,69,1603,54,3,51,2544,122,2422,45.446583,-122.62958
Oregon,CLACKAMAS,Molalla Police Department,OR0030600,122,43,79,172,51,121,24,5,19,0,0,0,12,0,12,2,1,1,194,18,176,110,14,96,1041,146,895,31,1,30,1345,178,1167,45.160493,-122.195127
Oregon,CLACKAMAS,Oregon City Police Department,OR0030700,870,335,535,1184,412,772,109,29,80,0,0,0,102,21,81,2,1,1,662,74,588,692,60,632,5050,855,4195,158,27,131,6404,989,5415,45.160493,-122.195127
Oregon,CLACKAMAS,Sandy Police Department,OR0030800,18,6,12,30,7,23,5,1,4,0,0,0,5,0,5,0,0,0,61,2,59,43,3,40,302,28,274,9,0,9,406,33,373,45.39729,-122.26228
Oregon,CLACKAMAS,West Linn Police Department,OR0030900,132,53,79,207,65,142,14,2,12,0,0,0,24,1,23,0,0,0,264,20,244,142,1,141,1601,143,1458,49,6,43,2007,164,1843,45.361465,-122.60955
Oregon,CLACKAMAS,Liquor Commission: Clackamas County,OR0031300,0,0,0,0,0,0,0,0,0,0,0,0,0,0,0,0,0,0,0,0,0,0,0,0,0,0,0,0,0,0,0,0,0,,
Oregon,CLACKAMAS,State Police: Clackamas County,OR003SP00,223,65,158,237,69,168,5,2,3,0,0,0,2,0,2,4,2,2,6,2,4,100,20,80,165,19,146,3,0,3,271,41,230,45.160493,-122.195127
Oregon,CLATSOP,Clatsop County Sheriff's Office,OR0040000,237,79,158,307,86,221,20,2,18,0,0,0,31,1,30,6,2,4,423,22,401,151,21,130,1011,51,960,49,1,48,1585,94,1491,46.024509,-123.705014
Oregon,CLATSOP,Astoria Police Department,OR0040100,394,164,230,578,214,364,53,14,39,0,0,0,57,13,44,0,0,0,676,107,569,237,41,196,2990,549,2441,89,21,68,3903,697,3206,46.1908,-123.81102
Oregon,CLATSOP,Gearhart Police Department,OR0040200,6,2,4,6,2,4,0,0,0,0,0,0,0,0,0,0,0,0,18,4,14,7,0,7,132,11,121,0,0,0,157,15,142,46.024509,-123.705014
Oregon,CLATSOP,Seaside Police Department,OR0040300,339,149,190,453,183,270,26,7,19,0,0,0,32,6,26,1,0,1,395,88,307,175,34,141,3247,592,2655,42,9,33,3817,714,3103,45.987007,-123.92364
Oregon,CLATSOP,Warrenton Police Department,OR0040400,115,44,71,179,68,111,13,3,10,0,0,0,4,1,3,0,0,0,151,26,125,89,17,72,2765,970,1795,15,5,10,3005,1013,1992,46.024509,-123.705014
Oregon,CLATSOP,Cannon Beach Police Department,OR0040500,15,7,8,22,8,14,1,0,1,0,0,0,1,0,1,0,0,0,89,19,70,11,4,7,222,44,178,3,0,3,322,67,255,46.024509,-123.705014
Oregon,CLATSOP,Liquor Commission: Clatsop County,OR004070X,0,0,0,0,0,0,0,0,0,0,0,0,0,0,0,0,0,0,0,0,0,0,0,0,0,0,0,0,0,0,0,0,0,,
Oregon,CLATSOP,State Police: Clatsop County,OR004SP00,63,19,44,68,20,48,1,0,1,0,0,0,3,1,2,1,0,1,4,2,2,13,2,11,75,3,72,4,1,3,92,7,85,44.97398,-123.002106
Oregon,COLUMBIA,Columbia County Sheriff's Office,OR0050000,227,89,138,283,99,184,21,7,14,0,0,0,28,4,24,3,1,2,205,46,159,124,13,111,270,35,235,40,4,36,599,94,505,45.941932,-123.081079
Oregon,COLUMBIA,Rainier Police Department,OR0050200,6,2,4,16,6,10,4,1,3,0,0,0,0,0,0,4,2,2,79,9,70,53,3,50,371,41,330,2,1,1,503,53,450,45.941932,-123.081079
Oregon,COLUMBIA,St. Helens Police Department,OR0050300,311,141,170,407,160,247,28,5,23,0,0,0,45,6,39,2,1,1,282,53,229,229,48,181,1622,524,1098,70,9,61,2133,625,1508,45.860245,-122.81062
Oregon,COLUMBIA,Scappoose Police Department,OR0050400,103,45,58,146,56,90,13,5,8,0,0,0,17,5,12,0,0,0,97,23,74,107,19,88,631,169,462,32,8,24,835,211,624,45.757698,-122.876335
Oregon,COLUMBIA,Vernonia Police Department,OR0050500,33,10,23,36,10,26,3,1,2,0,0,0,1,0,1,0,0,0,28,6,22,16,1,15,70,5,65,3,0,3,114,12,102,45.85872,-123.19655
Oregon,COLUMBIA,Columbia City Police Department,OR0050600,10,4,6,12,4,8,0,0,0,0,0,0,2,0,2,0,0,0,12,1,11,16,1,15,69,2,67,2,0,2,97,4,93,45.941932,-123.081079
Oregon,COLUMBIA,Liquor Commission: Columbia County,OR005070X,0,0,0,0,0,0,0,0,0,0,0,0,0,0,0,0,0,0,0,0,0,0,0,0,0,0,0,0,0,0,0,0,0,,
Oregon,COLUMBIA,State Police: Columbia County,OR005SP00,76,33,43,84,36,48,7,2,5,0,0,0,0,0,0,5,2,3,1,0,1,13,2,11,64,13,51,1,0,1,78,15,63,45.941932,-123.081079
Oregon,COOS,Coos County Sheriff's Office,OR0060000,220,89,131,312,115,197,42,13,29,0,0,0,30,6,24,11,5,6,1196,255,941,504,121,383,2619,514,2105,33,3,30,4319,890,3429,43.176422,-124.18691
Oregon,COOS,Bandon Police Department,OR0060100,10,1,9,14,1,13,2,0,2,0,0,0,1,0,1,0,0,0,56,5,51,26,1,25,266,5,261,2,0,2,348,11,337,43.184193,-124.092557
Oregon,COOS,Coos Bay Police Department,OR0060200,654,274,380,989,386,603,125,24,101,0,0,0,105,28,77,9,4,5,1689,387,1302,681,123,558,7024,1385,5639,138,36,102,9394,1895,7499,43.184193,-124.092557
Oregon,COOS,Coquille Police Department,OR0060300,134,61,73,160,72,88,10,4,6,0,0,0,8,3,5,2,1,1,114,30,84,58,14,44,485,119,366,9,3,6,657,163,494,43.18247,-124.188934
Oregon,COOS,Myrtle Point Police Department,OR0060500,0,0,0,0,0,0,0,0,0,0,0,0,0,0,0,0,0,0,0,0,0,0,0,0,0,0,0,0,0,0,0,0,0,43.064182,-124.14212
Oregon,COOS,North Bend Police Department,OR0060600,133,49,84,201,68,133,45,11,34,0,0,0,4,0,4,5,1,4,512,54,458,279,37,242,2977,415,2562,22,3,19,3768,506,3262,43.184193,-124.092557
Oregon,COOS,Liquor Commission: Coos County,OR006090X,0,0,0,0,0,0,0,0,0,0,0,0,0,0,0,0,0,0,0,0,0,0,0,0,0,0,0,0,0,0,0,0,0,,
Oregon,NOT SPECIFIED,Coquille Tribal,OR0061000,5,1,4,9,2,7,0,0,0,0,0,0,1,0,1,0,0,0,5,0,5,1,0,1,15,3,12,2,0,2,21,3,18,43.36056,-124.29708
Oregon,COOS,State Police: Coos County,OR006SP00,93,33,60,97,34,63,14,4,10,0,0,0,0,0,0,0,0,0,24,4,20,48,14,34,259,34,225,0,0,0,331,52,279,43.365566,-124.2161
Oregon,CROOK,Crook County Sheriff's Office,OR0070000,333,129,204,387,138,249,16,4,12,0,0,0,20,1,19,10,4,6,306,32,274,106,23,83,785,67,718,40,4,36,1197,122,1075,44.302044,-120.84448
Oregon,CROOK,Prineville Police Department,OR0070100,353,131,222,449,143,306,19,5,14,0,0,0,46,1,45,1,0,1,412,44,368,146,22,124,1976,454,1522,71,4,67,2534,520,2014,44.302937,-120.84344
Oregon,CROOK,Liquor Commission: Crook County,OR007020X,0,0,0,0,0,0,0,0,0,0,0,0,0,0,0,0,0,0,0,0,0,0,0,0,0,0,0,0,0,0,0,0,0,44.07098,-121.30071
Oregon,CROOK,State Police: Crook County,OR007SP00,20,9,11,21,9,12,1,0,1,0,0,0,0,0,0,0,0,0,1,0,1,2,0,2,15,3,12,1,0,1,18,3,15,44.302937,-120.84344
Oregon,CURRY,Curry County Sheriff's Office,OR0080000,266,103,163,309,115,194,17,1,16,0,0,0,26,8,18,1,0,1,354,39,315,174,36,138,895,90,805,34,10,24,1423,165,1258,42.466671,-124.211407
Oregon,CURRY,Brookings Police Department,OR0080100,197,82,115,258,103,155,18,6,12,0,0,0,21,3,18,2,1,1,161,52,109,121,33,88,968,399,569,37,10,27,1250,484,766,42.055004,-124.28797
Oregon,CURRY,Gold Beach Police Department,OR0080200,36,14,22,37,14,23,14,5,9,0,0,0,0,0,0,0,0,0,70,26,44,46,21,25,236,75,161,0,0,0,352,122,230,42.410282,-124.420555
Oregon,CURRY,Port Orford Police Department,OR0080300,0,0,0,0,0,0,0,0,0,0,0,0,0,0,0,0,0,0,1,0,1,0,0,0,2,0,2,0,0,0,3,0,3,42.466671,-124.211407
Oregon,CURRY,Liquor Commission: Curry County,OR008040X,0,0,0,0,0,0,0,0,0,0,0,0,0,0,0,0,0,0,0,0,0,0,0,0,0,0,0,0,0,0,0,0,0,,
Oregon,CURRY,State Police: Curry County,OR008SP00,53,20,33,57,20,37,2,1,1,0,0,0,2,0,2,1,0,1,2,0,2,29,6,23,178,16,162,3,0,3,209,22,187,42.466671,-124.211407
Oregon,DESCHUTES,Deschutes County Sheriff's Office,OR0090000,944,436,508,1232,541,691,103,39,64,0,0,0,90,32,58,6,3,3,1286,274,1012,694,187,507,4516,703,3813,211,72,139,6496,1164,5332,44.097103,-121.3027
Oregon,DESCHUTES,Bend Police Department,OR0090100,1438,637,801,2112,860,1252,234,80,154,0,0,0,181,45,136,16,8,8,1837,431,1406,1189,255,934,16364,3007,13357,334,83,251,19390,3693,15697,44.055473,-121.33363
Oregon,DESCHUTES,Redmond Police Department,OR0090200,737,311,426,1040,412,628,90,27,63,0,0,0,101,29,72,4,1,3,908,181,727,859,177,682,8613,2072,6541,165,45,120,10380,2430,7950,43.915118,-121.225575
Oregon,DESCHUTES,Black Butte Police Department,OR0090400,0,0,0,1,0,1,1,0,1,0,0,0,1,0,1,0,0,0,10,1,9,3,0,3,44,1,43,1,0,1,57,2,55,43.915118,-121.225575
Oregon,DESCHUTES,Sunriver Police Department,OR0090500,26,12,14,28,13,15,3,1,2,0,0,0,1,1,0,0,0,0,93,12,81,17,4,13,410,57,353,2,1,1,520,73,447,43.915118,-121.225575
Oregon,DESCHUTES,Liquor Commission: Descutes County,OR0090600,0,0,0,0,0,0,0,0,0,0,0,0,0,0,0,0,0,0,0,0,0,0,0,0,0,0,0,0,0,0,0,0,0,,
Oregon,DESCHUTES,State Police: Deschutes County,OR009SP00,127,50,77,147,57,90,14,5,9,0,0,0,9,3,6,0,0,0,7,2,5,30,11,19,66,20,46,15,5,10,103,33,70,44.098328,-121.306526
Oregon,DOUGLAS,Douglas County Sheriff's Office,OR0100000,1725,703,1022,2041,764,1277,135,42,93,0,0,0,118,17,101,15,3,12,2141,340,1801,1911,396,1515,4827,763,4064,210,31,179,8879,1499,7380,43.210407,-123.34182
Oregon,DOUGLAS,Myrtle Creek Police Department,OR0100200,67,30,37,79,34,45,5,2,3,0,0,0,2,0,2,1,0,1,129,29,100,118,30,88,715,152,563,7,2,5,962,211,751,43.286043,-123.153694
Oregon,DOUGLAS,Reedsport Police Department,OR0100300,123,52,71,154,61,93,17,6,11,0,0,0,12,4,8,0,0,0,183,36,147,114,36,78,1118,268,850,19,5,14,1415,340,1075,43.70202,-124.0967
Oregon,DOUGLAS,Roseburg Police Department,OR0100500,537,236,301,888,336,552,148,51,97,0,0,0,67,11,56,12,6,6,1338,244,1094,942,160,782,11029,2658,8371,146,28,118,13309,3062,10247,43.21138,-123.3444
Oregon,DOUGLAS,Sutherlin Police Department,OR0100600,254,103,151,308,112,196,39,14,25,0,0,0,13,0,13,0,0,0,269,56,213,271,81,190,1542,338,1204,32,2,30,2082,475,1607,43.286043,-123.153694
Oregon,DOUGLAS,Winston Police Department,OR0100700,112,46,66,155,60,95,17,4,13,0,0,0,5,0,5,4,2,2,248,38,210,182,35,147,1102,251,851,11,0,11,1532,324,1208,43.286043,-123.153694
Oregon,DOUGLAS,Liquor Commission: Douglas County,OR010120X,0,0,0,0,0,0,0,0,0,0,0,0,0,0,0,0,0,0,0,0,0,0,0,0,0,0,0,0,0,0,0,0,0,,
Oregon,DOUGLAS,State Police: Douglas County,OR010SP00,207,87,120,219,90,129,16,6,10,0,0,0,5,1,4,3,1,2,19,4,15,61,12,49,191,33,158,6,1,5,271,49,222,43.22672,-123.345566
Oregon,GILLIAM,Gilliam County Sheriff's Office,OR0110000,19,6,13,27,7,20,2,0,2,0,0,0,4,0,4,0,0,0,44,5,39,26,7,19,122,7,115,8,1,7,192,19,173,45.381666,-120.211851
Oregon,GILLIAM,Liquor Commission: Gilliam County,OR011030X,0,0,0,0,0,0,0,0,0,0,0,0,0,0,0,0,0,0,0,0,0,0,0,0,0,0,0,0,0,0,0,0,0,,
Oregon,GILLIAM,State Police: Gilliam County,OR011SP00,20,10,10,22,11,11,4,2,2,0,0,0,0,0,0,0,0,0,0,0,0,1,0,1,12,4,8,2,1,1,13,4,9,44.098328,-121.306526
Oregon,GRANT,Grant County Sheriff's Office,OR0120000,0,0,0,0,0,0,0,0,0,0,0,0,0,0,0,0,0,0,9,0,9,1,0,1,46,0,46,0,0,0,56,0,56,44.393116,-118.949844
Oregon,GRANT,John Day Police Department,OR0120200,21,10,11,28,13,15,3,0,3,0,0,0,4,2,2,0,0,0,32,5,27,25,9,16,186,33,153,3,1,2,243,47,196,44.41607,-118.94677
Oregon,GRANT,Liquor Commission: Grant County,OR012060X,0,0,0,0,0,0,0,0,0,0,0,0,0,0,0,0,0,0,0,0,0,0,0,0,0,0,0,0,0,0,0,0,0,,
Oregon,GRANT,State Police: Grant County,OR012SP00,32,16,16,35,17,18,0,0,0,0,0,0,3,1,2,0,0,0,11,5,6,10,5,5,28,8,20,3,1,2,49,18,31,44.496326,-119.014057
Oregon,HARNEY,Harney County Sheriff's Office,OR0130000,23,10,13,28,11,17,4,2,2,0,0,0,1,0,1,1,0,1,70,11,59,56,6,50,81,7,74,3,1,2,207,24,183,43.58972,-119.05759
Oregon,HARNEY,Burns Police Department,OR0130100,38,14,24,57,16,41,2,1,1,0,0,0,4,0,4,0,0,0,120,17,103,24,4,20,347,28,319,8,0,8,491,49,442,43.58381,-119.05449
Oregon,HARNEY,Hines Police Department,OR0130200,37,12,25,44,12,32,1,0,1,0,0,0,3,0,3,0,0,0,32,4,28,10,2,8,169,10,159,3,0,3,211,16,195,43.064355,-118.985949
Oregon,NOT SPECIFIED,Burns Paiute Tribal,OR0130300,9,4,5,10,4,6,0,0,0,0,0,0,0,0,0,0,0,0,3,0,3,2,0,2,1,0,1,1,0,1,6,0,6,43.064355,-118.985949
Oregon,HARNEY,Liquor Commission: Harney County,OR013040X,0,0,0,0,0,0,0,0,0,0,0,0,0,0,0,0,0,0,0,0,0,0,0,0,0,0,0,0,0,0,0,0,0,,
Oregon,HARNEY,State Police: Harney County,OR013SP00,25,5,20,31,6,25,0,0,0,0,0,0,1,0,1,1,0,1,5,2,3,4,2,2,18,5,13,3,0,3,27,9,18,43.064355,-118.985949
Oregon,HOOD RIVER,Hood River County Sheriff's Office,OR0140000,149,56,93,189,64,125,10,3,7,0,0,0,14,1,13,0,0,0,278,30,248,122,9,113,832,53,779,28,6,22,1232,92,1140,45.708107,-121.51519
Oregon,HOOD RIVER,Hood River Police Department,OR0140200,84,34,50,111,42,69,15,6,9,0,0,0,11,2,9,0,0,0,169,23,146,262,51,211,2029,427,1602,14,3,11,2460,501,1959,45.511775,-121.655976
Oregon,HOOD RIVER,Liquor Commission: Hood River County,OR014030X,0,0,0,0,0,0,0,0,0,0,0,0,0,0,0,0,0,0,0,0,0,0,0,0,0,0,0,0,0,0,0,0,0,,
Oregon,HOOD RIVER,State Police: Hood River County,OR014SP00,42,17,25,42,17,25,4,2,2,0,0,0,0,0,0,0,0,0,1,0,1,13,4,9,48,8,40,0,0,0,62,12,50,45.511775,-121.655976
Oregon,JACKSON,Jackson County Sheriff's Office,OR0150000,1644,685,959,2102,827,1275,120,34,86,1,0,1,127,29,98,51,21,30,2912,379,2533,1257,183,1074,7346,808,6538,261,67,194,11515,1370,10145,42.322453,-122.87915
Oregon,JACKSON,Ashland Police Department,OR0150100,348,150,198,528,213,315,70,23,47,0,0,0,38,10,28,5,2,3,610,112,498,300,42,258,5383,991,4392,55,18,37,6293,1145,5148,42.194,-122.69845
Oregon,JACKSON,Central Point Police Department,OR0150200,362,161,201,482,200,282,46,14,32,2,0,2,46,13,33,4,2,2,398,59,339,232,38,194,3295,572,2723,66,19,47,3925,669,3256,42.37341,-122.914925
Oregon,JACKSON,Jacksonville Police Department,OR0150300,36,12,24,40,12,28,4,0,4,0,0,0,2,0,2,0,0,0,50,3,47,29,1,28,322,10,312,3,0,3,401,14,387,42.411782,-122.675797
Oregon,JACKSON,Medford Police Department,OR0150400,3375,1409,1966,4866,1887,2979,521,152,369,3,1,2,214,39,175,36,17,19,3882,706,3176,3303,671,2632,36448,7505,28943,414,89,325,43633,8882,34751,42.323277,-122.87611
Oregon,JACKSON,Phoenix Police Department,OR0150500,85,34,51,119,40,79,9,3,6,0,0,0,11,2,9,0,0,0,147,21,126,108,10,98,1571,277,1294,14,2,12,1826,308,1518,42.411782,-122.675797
Oregon,JACKSON,Talent Police Department,OR0150600,132,55,77,153,60,93,8,3,5,1,0,1,5,1,4,0,0,0,158,32,126,83,13,70,839,101,738,14,2,12,1080,146,934,42.411782,-122.675797
Oregon,JACKSON,Eagle Point Police Department,OR0150700,200,94,106,260,112,148,10,4,6,0,0,0,12,1,11,0,0,0,252,46,206,136,29,107,2182,566,1616,29,5,24,2570,641,1929,42.411782,-122.675797
Oregon,JACKSON,Rogue River Police Department,OR0150900,17,7,10,35,13,22,9,3,6,0,0,0,3,0,3,0,0,0,138,11,127,46,6,40,564,95,469,5,1,4,748,112,636,42.411782,-122.675797
Oregon,JACKSON,Liquor Commission: Jackson County,OR015120X,0,0,0,0,0,0,0,0,0,0,0,0,0,0,0,0,0,0,0,0,0,0,0,0,0,0,0,0,0,0,0,0,0,42.327995,-122.86233
Oregon,JACKSON,State Police: Jackson County,OR015SP00,202,78,124,227,86,141,14,5,9,0,0,0,6,3,3,4,2,2,14,5,9,84,23,61,170,18,152,12,5,7,268,46,222,44.085102,-123.04182
Oregon,JEFFERSON,Jefferson County Sheriff's Office,OR0160000,131,49,82,190,64,126,34,10,24,0,0,0,23,4,19,7,1,6,313,35,278,272,48,224,825,73,752,37,9,28,1410,156,1254,44.664562,-121.146935
Oregon,JEFFERSON,Madras Police Department,OR0160200,117,32,85,169,39,130,23,7,16,0,0,0,11,1,10,2,0,2,269,38,231,198,29,169,1976,548,1428,20,1,19,2443,615,1828,44.645151,-121.178632
Oregon,JEFFERSON,Liquor Commission: Jefferson County,OR016060X,0,0,0,0,0,0,0,0,0,0,0,0,0,0,0,0,0,0,0,0,0,0,0,0,0,0,0,0,0,0,0,0,0,44.07098,-121.30071
Oregon,JEFFERSON,State Police: Jefferson County,OR016SP00,34,14,20,45,18,27,2,0,2,0,0,0,3,1,2,3,1,2,5,2,3,7,3,4,18,4,14,8,3,5,30,9,21,44.645151,-121.178632
Oregon,JOSEPHINE,Josephine County Sheriff's Office,OR0170000,695,259,436,841,285,556,61,15,46,0,0,0,54,5,49,18,1,17,840,109,731,1356,150,1206,1434,212,1222,71,8,63,3630,471,3159,42.44327,-123.32609
Oregon,JOSEPHINE,Grants Pass Police Department,OR0170100,936,339,597,1459,464,995,160,34,126,0,0,0,112,17,95,9,3,6,1550,184,1366,1575,193,1382,11244,1818,9426,195,27,168,14369,2195,12174,42.44356,-123.32451
Oregon,JOSEPHINE,Liquor Commission: Josephine County,OR017030X,0,0,0,0,0,0,0,0,0,0,0,0,0,0,0,0,0,0,0,0,0,0,0,0,0,0,0,0,0,0,0,0,0,42.327995,-122.86233
Oregon,JOSEPHINE,State Police: Josephine County,OR017SP00,461,165,296,591,206,385,63,18,45,0,0,0,29,4,25,40,18,22,37,15,22,77,18,59,102,19,83,79,19,60,216,52,164,42.453835,-123.32073
Oregon,KLAMATH,Klamath County Sheriff's Office,OR0180000,492,183,309,624,210,414,35,6,29,0,0,0,79,14,65,18,6,12,728,72,656,593,68,525,1484,164,1320,72,12,60,2805,304,2501,42.218136,-121.74752
Oregon,KLAMATH,Klamath Falls Police Department,OR0180100,1063,441,622,1444,560,884,134,46,88,0,0,0,100,19,81,22,9,13,1150,207,943,1005,177,828,6112,2095,4017,86,15,71,8267,2479,5788,42.683761,-121.646168
Oregon,KLAMATH,Malin Police Department,OR0180500,4,0,4,4,0,4,0,0,0,0,0,0,0,0,0,0,0,0,2,0,2,0,0,0,3,1,2,0,0,0,5,1,4,42.683761,-121.646168
Oregon,KLAMATH,Liquor Commission: Klamath County,OR018060X,0,0,0,0,0,0,0,0,0,0,0,0,0,0,0,0,0,0,0,0,0,0,0,0,0,0,0,0,0,0,0,0,0,,
Oregon,KLAMATH,State Police: Klamath County,OR018SP00,250,101,149,290,115,175,18,7,11,0,0,0,11,1,10,12,6,6,29,8,21,79,27,52,141,27,114,25,7,18,249,62,187,42.244415,-121.791565
Oregon,LAKE,Lake County Sheriff's Office,OR0190000,89,33,56,105,37,68,5,2,3,0,0,0,11,2,9,0,0,0,127,15,112,68,4,64,229,34,195,12,2,10,424,53,371,42.189472,-120.34506
Oregon,LAKE,Liquor Commission: Lake County,OR019020X,0,0,0,0,0,0,0,0,0,0,0,0,0,0,0,0,0,0,0,0,0,0,0,0,0,0,0,0,0,0,0,0,0,42.22537,-121.78169
Oregon,LAKE,State Police: Lake County,OR019SP00,21,7,14,35,11,24,0,0,0,0,0,0,10,3,7,2,1,1,2,0,2,11,5,6,13,3,10,12,3,9,26,8,18,42.788401,-120.38979
Oregon,LANE,Lane County Sheriff's Office,OR0200000,2433,1020,1413,2793,1091,1702,107,30,77,0,0,0,96,11,85,25,11,14,2213,190,2023,923,123,800,4326,264,4062,213,26,187,7462,577,6885,44.051033,-123.090775
Oregon,LANE,Cottage Grove Police Department,OR0200100,269,120,149,342,146,196,51,12,39,0,0,0,16,5,11,1,0,1,247,39,208,280,63,217,2634,571,2063,26,7,19,3161,673,2488,43.79731,-123.06422
Oregon,LANE,Eugene Police Department,OR0200200,5150,2133,3017,8142,2933,5209,777,160,617,2,1,1,603,77,526,48,21,27,9054,1048,8006,5833,682,5151,44094,7058,37036,1038,138,900,58981,8788,50193,44.051296,-123.08966
Oregon,LANE,Florence Police Department,OR0200300,111,50,61,169,67,102,61,21,40,0,0,0,19,2,17,8,4,4,275,38,237,151,36,115,2707,474,2233,22,3,19,3133,548,2585,43.928305,-122.897659
Oregon,LANE,Junction City Police Department,OR0200400,75,37,38,107,50,57,6,2,4,0,0,0,10,5,5,2,1,1,85,19,66,58,12,46,516,100,416,14,7,7,659,131,528,43.928305,-122.897659
Oregon,LANE,Oakridge Police Department,OR0200500,21,8,13,24,8,16,1,0,1,0,0,0,2,0,2,0,0,0,8,2,6,18,0,18,70,14,56,2,0,2,96,16,80,43.928305,-122.897659
Oregon,LANE,Springfield Police Department,OR0200600,1759,799,960,2571,1061,1510,223,68,155,0,0,0,171,51,120,38,17,21,2105,296,1809,1599,222,1377,19013,4472,14541,349,99,250,22717,4990,17727,43.928305,-122.897659
Oregon,LANE,Coburg Police Department,OR0200700,8,4,4,12,4,8,3,1,2,0,0,0,3,0,3,0,0,0,29,5,24,20,3,17,73,7,66,3,0,3,122,15,107,43.928305,-122.897659
Oregon,LANE,Liquor Commission: Lane County,OR020110X,0,0,0,0,0,0,0,0,0,0,0,0,0,0,0,0,0,0,0,0,0,0,0,0,0,0,0,0,0,0,0,0,0,44.066868,-123.09787
Oregon,LANE,University of Oregon,OR0201300,22,5,17,46,7,39,19,2,17,0,0,0,2,0,2,0,0,0,72,11,61,22,3,19,962,141,821,18,2,16,1056,155,901,43.928305,-122.897659
Oregon,LANE,State Police: Lane County,OR020SP00,292,117,175,315,120,195,14,5,9,0,0,0,8,1,7,0,0,0,51,11,40,96,25,71,392,44,348,16,1,15,539,80,459,43.928305,-122.897659
Oregon,LINCOLN,Lincoln County Sheriff's Office,OR0210000,544,240,304,655,264,391,45,10,35,0,0,0,52,6,46,4,2,2,864,121,743,182,35,147,1509,176,1333,83,15,68,2555,332,2223,44.636326,-124.05041
Oregon,LINCOLN,Lincoln City Police Department,OR0210100,482,189,293,625,219,406,20,7,13,0,0,0,46,5,41,7,3,4,755,90,665,224,30,194,2576,411,2165,73,6,67,3555,531,3024,44.641061,-123.911212
Oregon,LINCOLN,Newport Police Department,OR0210200,268,109,159,363,132,231,61,18,43,0,0,0,46,5,41,3,1,2,336,67,269,176,51,125,2271,525,1746,60,10,50,2783,643,2140,44.635136,-124.053535
Oregon,LINCOLN,Toledo Police Department,OR0210300,36,16,20,51,20,31,6,2,4,0,0,0,4,1,3,0,0,0,59,7,52,12,4,8,237,59,178,11,2,9,308,70,238,44.641061,-123.911212
Oregon,LINCOLN,Liquor Commission: Lincoln County,OR021050X,0,0,0,0,0,0,0,0,0,0,0,0,0,0,0,0,0,0,0,0,0,0,0,0,0,0,0,0,0,0,0,0,0,44.631535,-124.06066
Oregon,LINCOLN,State Police: Lincoln County,OR021SP00,70,30,40,75,31,44,2,0,2,0,0,0,2,0,2,0,0,0,7,2,5,10,4,6,231,14,217,3,0,3,248,20,228,44.641061,-123.911212
Oregon,LINN,Linn County Sheriff's Office,OR0220000,499,197,302,754,270,484,128,24,104,0,0,0,118,29,89,22,10,12,1895,199,1696,1007,139,868,4999,438,4561,134,34,100,7901,776,7125,44.494824,-122.543755
Oregon,"BENTON, LINN",Albany Police Department,OR0220100,528,234,294,996,405,591,220,77,143,0,0,0,83,15,68,17,8,9,1420,257,1163,1133,147,986,12983,2902,10081,108,29,79,15536,3306,12230,44.629757,-123.09799
Oregon,LINN,Lebanon Police Department,OR0220300,353,149,204,505,208,297,56,18,38,0,0,0,56,22,34,4,2,2,340,61,279,419,67,352,4044,1042,3002,111,47,64,4803,1170,3633,44.494824,-122.543755
Oregon,LINN,Sweet Home Police Department,OR0220400,181,79,102,248,97,151,35,8,27,0,0,0,35,9,26,5,1,4,418,57,361,263,62,201,3339,623,2716,30,6,24,4020,742,3278,44.39921,-122.72116
Oregon,LINN,Liquor Commission: Linn County,OR022080X,0,0,0,0,0,0,0,0,0,0,0,0,0,0,0,0,0,0,0,0,0,0,0,0,0,0,0,0,0,0,0,0,0,,
Oregon,LINN,State Police: Linn County,OR022SP00,156,63,93,161,64,97,1,0,1,0,0,0,2,0,2,0,0,0,7,2,5,46,10,36,167,16,151,2,0,2,220,28,192,44.494824,-122.543755
Oregon,MALHEUR,Malheur County Sheriff's Office,OR0230000,134,58,76,188,78,110,8,3,5,0,0,0,21,8,13,4,1,3,409,107,302,208,43,165,732,146,586,30,11,19,1349,296,1053,43.981174,-117.240654
Oregon,MALHEUR,Nyssa Police Department,OR0230100,40,15,25,66,21,45,5,1,4,0,0,0,8,1,7,3,1,2,198,19,179,61,6,55,254,48,206,21,5,16,513,73,440,43.87663,-116.99633
Oregon,MALHEUR,Ontario Police Department,OR0230200,568,233,335,742,286,456,43,13,30,0,0,0,42,10,32,6,2,4,717,112,605,406,63,343,4946,1113,3833,67,20,47,6069,1288,4781,44.023506,-116.969215
Oregon,MALHEUR,Liquor Commission: Malheur County,OR023050X,0,0,0,0,0,0,0,0,0,0,0,0,0,0,0,0,0,0,0,0,0,0,0,0,0,0,0,0,0,0,0,0,0,,
Oregon,MALHEUR,State Police: Malheur County,OR023SP00,143,32,111,148,32,116,5,0,5,0,0,0,0,0,0,1,0,1,3,1,2,14,6,8,37,10,27,4,0,4,54,17,37,44.098328,-121.306526
Oregon,MARION,Marion County Sheriff's Office,OR0240000,397,141,256,970,280,690,69,20,49,0,0,0,102,17,85,40,10,30,2809,299,2510,3098,280,2818,12035,885,11150,191,35,156,17942,1464,16478,44.900898,-122.57626
Oregon,"MARION, POLK",Salem Police Department,OR0240200,6609,2686,3923,9023,3462,5561,765,185,580,0,0,0,272,72,200,96,45,51,7342,949,6393,8729,1262,7467,48377,7730,40647,467,130,337,64448,9941,54507,44.93544,-123.04113
Oregon,MARION,Silverton Police Department,OR0240300,120,53,67,190,76,114,34,11,23,0,0,0,27,7,20,2,1,1,295,61,234,226,52,174,1546,316,1230,44,11,33,2067,429,1638,45.003914,-122.78211
Oregon,MARION,Stayton Police Department,OR0240400,226,95,131,265,104,161,18,5,13,0,0,0,12,2,10,1,0,1,216,38,178,237,42,195,2048,357,1691,18,3,15,2501,437,2064,44.797825,-122.79223
Oregon,MARION,Woodburn Police Department,OR0240500,706,274,432,1170,424,746,79,21,58,0,0,0,145,49,96,2,1,1,943,148,795,1318,159,1159,5627,734,4893,185,59,126,7888,1041,6847,45.142204,-122.85922
Oregon,MARION,Gervais Police Department,OR0240600,63,21,42,80,25,55,1,0,1,0,0,0,12,3,9,0,0,0,60,12,48,71,14,57,207,18,189,16,4,12,338,44,294,44.900898,-122.57626
Oregon,MARION,Hubbard Police Department,OR0240700,38,17,21,49,21,28,10,4,6,0,0,0,5,2,3,0,0,0,41,8,33,46,10,36,221,34,187,8,3,5,308,52,256,44.900898,-122.57626
Oregon,MARION,Mount Angel Police Department,OR0240800,55,20,35,71,25,46,9,2,7,0,0,0,9,3,6,2,1,1,52,10,42,50,16,34,253,23,230,11,3,8,355,49,306,44.900898,-122.57626
Oregon,MARION,Turner Police Department,OR0241000,12,5,7,16,5,11,2,1,1,0,0,0,1,0,1,0,0,0,19,4,15,11,1,10,71,9,62,3,0,3,101,14,87,44.900898,-122.57626
Oregon,MARION,Aumsville Police Department,OR0241200,35,14,21,41,15,26,4,1,3,0,0,0,0,0,0,0,0,0,40,7,33,32,5,27,181,20,161,2,0,2,253,32,221,44.900898,-122.57626
Oregon,MARION,Liquor Commission: Marion County,OR024160X,0,0,0,0,0,0,0,0,0,0,0,0,0,0,0,0,0,0,0,0,0,0,0,0,0,0,0,0,0,0,0,0,0,44.92707,-122.993576
Oregon,MARION,Keizer Police Department,OR0241700,775,329,446,1039,418,621,59,12,47,0,0,0,72,21,51,10,5,5,832,145,687,830,117,713,6199,936,5263,102,32,70,7861,1198,6663,44.900898,-122.57626
Oregon,MARION,State Police: Marion County,OR024SP00,581,120,461,628,128,500,31,7,24,0,0,0,8,2,6,4,1,3,62,12,50,176,33,143,574,43,531,29,2,27,812,88,724,44.900898,-122.57626
Oregon,MORROW,Morrow County Sheriff's Office,OR0250000,253,102,151,308,117,191,29,6,23,0,0,0,16,6,10,4,2,2,338,49,289,240,48,192,915,88,827,42,11,31,1493,185,1308,45.425496,-119.602311
Oregon,MORROW,Boardman Police Department,OR0250400,118,42,76,153,48,105,8,2,6,0,0,0,7,1,6,1,0,1,77,15,62,88,26,62,330,45,285,26,3,23,495,86,409,45.425496,-119.602311
Oregon,MORROW,Liquor Commission: Morrow County,OR025050X,0,0,0,0,0,0,0,0,0,0,0,0,0,0,0,0,0,0,0,0,0,0,0,0,0,0,0,0,0,0,0,0,0,,
Oregon,MORROW,State Police: Morrow County,OR025SP00,17,6,11,21,7,14,2,1,1,0,0,0,1,0,1,0,0,0,4,1,3,7,2,5,19,2,17,4,1,3,30,5,25,45.425496,-119.602311
Oregon,MULTNOMAH,Multnomah County Sheriff's Office,OR0260000,1442,582,860,1962,703,1259,94,29,65,1,0,1,151,20,131,11,5,6,1180,112,1068,2456,202,2254,9039,1258,7781,213,30,183,12675,1572,11103,45.512268,-122.66071
Oregon,MULTNOMAH,Gresham Police Department,OR0260100,3166,1106,2060,4844,1396,3448,246,61,185,4,0,4,357,29,328,89,34,55,3560,301,3259,8017,423,7594,15118,1183,13935,539,50,489,26695,1907,24788,45.50593,-122.435295
Oregon,"CLACKAMAS, MULTNOMAH, WASHINGTON",Portland Police Department,OR0260200,24395,7252,17143,37335,9504,27831,2588,570,2018,165,25,140,1961,183,1778,489,155,334,35457,2973,32484,56585,3599,52986,184508,10819,173689,2968,295,2673,276550,17391,259159,45.515236,-122.676056
Oregon,MULTNOMAH,Port of Portland,OR0260300,68,28,40,85,30,55,12,4,8,0,0,0,4,0,4,1,0,1,32,8,24,639,78,561,3751,288,3463,7,1,6,4422,374,4048,45.547693,-122.417173
Oregon,MULTNOMAH,Liquor Commission: Multnomah County,OR026140X,0,0,0,0,0,0,0,0,0,0,0,0,0,0,0,0,0,0,0,0,0,0,0,0,0,0,0,0,0,0,0,0,0,,
Oregon,MULTNOMAH,Portland State University,OR0261800,24,6,18,61,11,50,48,3,45,1,0,1,4,0,4,0,0,0,335,31,304,50,2,48,1895,45,1850,8,1,7,2280,78,2202,45.43008,-122.64335
Oregon,MULTNOMAH,State Police: Multnomah County,OR026SP00,55,20,35,56,20,36,3,1,2,0,0,0,0,0,0,0,0,0,1,0,1,52,19,33,87,10,77,1,0,1,140,29,111,45.547693,-122.417173
Oregon,POLK,Polk County Sheriff's Office,OR0270000,658,276,382,753,303,450,42,11,31,0,0,0,24,4,20,10,5,5,825,107,718,270,61,209,1671,254,1417,46,9,37,2766,422,2344,44.921,-123.31672
Oregon,POLK,Dallas Police Department,OR0270100,434,184,250,517,203,314,37,11,26,1,0,1,41,6,35,1,0,1,397,66,331,225,47,178,3274,746,2528,59,10,49,3896,859,3037,44.92047,-123.31559
Oregon,POLK,Independence Police Department,OR0270200,195,86,109,251,103,148,21,9,12,0,0,0,23,10,13,0,0,0,187,33,154,125,24,101,1340,251,1089,37,12,25,1652,308,1344,44.904395,-123.397329
Oregon,POLK,Monmouth Police Department,OR0270300,163,70,93,198,82,116,17,7,10,0,0,0,13,4,9,4,2,2,164,26,138,100,18,82,1129,110,1019,20,7,13,1393,154,1239,44.849636,-123.233765
Oregon,POLK,Liquor Commission: Polk County,OR027050X,0,0,0,0,0,0,0,0,0,0,0,0,0,0,0,0,0,0,0,0,0,0,0,0,0,0,0,0,0,0,0,0,0,44.92707,-122.993576
Oregon,POLK,State Police: Polk County,OR027SP00,56,24,32,60,26,34,6,1,5,0,0,0,0,0,0,4,2,2,2,1,1,10,1,9,34,4,30,0,0,0,46,6,40,44.97398,-123.002106
Oregon,SHERMAN,Sherman County Sheriff's Office,OR0280000,17,8,9,20,9,11,5,0,5,0,0,0,2,1,1,0,0,0,17,0,17,47,6,41,183,2,181,2,1,1,247,8,239,45.399216,-120.678512
Oregon,SHERMAN,Liquor Commission: Sherman County,OR028040X,0,0,0,0,0,0,0,0,0,0,0,0,0,0,0,0,0,0,0,0,0,0,0,0,0,0,0,0,0,0,0,0,0,,
Oregon,SHERMAN,State Police: Sherman County,OR028SP00,37,18,19,40,19,21,1,0,1,0,0,0,0,0,0,0,0,0,0,0,0,5,2,3,31,9,22,1,0,1,36,11,25,44.098328,-121.306526
Oregon,TILLAMOOK,Tillamook County Sheriff's Office,OR0290000,268,109,159,334,126,208,23,7,16,0,0,0,25,4,21,9,3,6,671,87,584,276,42,234,1272,90,1182,45,10,35,2219,219,2000,45.426888,-123.80381
Oregon,TILLAMOOK,Tillamook Police Department,OR0290400,105,44,61,160,62,98,22,8,14,0,0,0,10,1,9,4,2,2,208,38,170,96,12,84,1434,276,1158,21,3,18,1738,326,1412,45.456966,-123.842094
Oregon,TILLAMOOK,Manzanita Police Department,OR0290500,17,8,9,18,8,10,0,0,0,0,0,0,1,0,1,0,0,0,24,3,21,12,3,9,55,8,47,1,0,1,91,14,77,45.455743,-123.759327
Oregon,TILLAMOOK,Liquor Commission: Tillamook County,OR029070X,0,0,0,0,0,0,0,0,0,0,0,0,0,0,0,0,0,0,0,0,0,0,0,0,0,0,0,0,0,0,0,0,0,,
Oregon,TILLAMOOK,State Police: Tillamook County,OR029SP00,47,15,32,56,18,38,3,1,2,0,0,0,1,0,1,0,0,0,10,1,9,23,7,16,200,6,194,9,3,6,233,14,219,45.426888,-123.80381
Oregon,UMATILLA,Umatilla County Sheriff's Office,OR0300000,467,192,275,597,224,373,80,14,66,0,0,0,37,5,32,16,5,11,1155,106,1049,554,78,476,1846,131,1715,82,18,64,3555,315,3240,45.5912,-118.73388
Oregon,UMATILLA,Hermiston Police Department,OR0300100,424,174,250,559,207,352,33,7,26,0,0,0,26,3,23,9,3,6,570,86,484,386,58,328,4611,1287,3324,48,7,41,5567,1431,4136,45.839016,-119.29062
Oregon,UMATILLA,Milton-Freewater Police Department,OR0300200,176,69,107,240,79,161,24,4,20,0,0,0,20,1,19,6,2,4,274,31,243,187,19,168,1098,157,941,26,2,24,1559,207,1352,45.5912,-118.73388
Oregon,UMATILLA,Pendleton Police Department,OR0300300,409,164,245,574,197,377,62,14,48,0,0,0,45,4,41,2,1,1,571,89,482,426,89,337,4274,1229,3045,93,9,84,5271,1407,3864,45.676865,-118.84035
Oregon,UMATILLA,Umatilla Police Department,OR0300400,93,26,67,114,28,86,8,2,6,0,0,0,6,0,6,0,0,0,101,12,89,100,9,91,462,52,410,17,1,16,663,73,590,45.5912,-118.73388
Oregon,UMATILLA,Pilot Rock Police Department,OR0300700,47,19,28,54,20,34,10,4,6,0,0,0,3,0,3,0,0,0,42,5,37,13,4,9,111,18,93,7,1,6,166,27,139,45.5912,-118.73388
Oregon,UMATILLA,Stanfield Police Department,OR0300800,54,22,32,71,28,43,15,6,9,0,0,0,0,0,0,0,0,0,88,19,69,39,11,28,226,35,191,5,1,4,353,65,288,45.5912,-118.73388
Oregon,UMATILLA,Liquor Commission: Umatilla County,OR030110X,0,0,0,0,0,0,0,0,0,0,0,0,0,0,0,0,0,0,0,0,0,0,0,0,0,0,0,0,0,0,0,0,0,,
Oregon,NOT SPECIFIED,Umatilla Tribal,OR0301200,99,39,60,134,48,86,4,1,3,0,0,0,0,0,0,9,4,5,120,21,99,62,18,44,361,78,283,20,2,18,543,117,426,45.5912,-118.73388
Oregon,UMATILLA,State Police: Umatilla County,OR030SP00,186,54,132,200,56,144,6,1,5,0,0,0,4,0,4,0,0,0,15,3,12,26,7,19,77,13,64,10,0,10,118,23,95,45.83859,-119.28509
Oregon,UNION,Union County Sheriff's Office,OR0310000,126,53,73,170,67,103,22,8,14,0,0,0,12,3,9,8,4,4,384,61,323,157,42,115,1618,521,1097,32,10,22,2159,624,1535,45.321217,-118.09552
Oregon,UNION,La Grande Police Department,OR0310100,181,78,103,264,91,173,49,11,38,0,0,0,30,5,25,1,0,1,574,92,482,249,70,179,2269,375,1894,60,8,52,3092,537,2555,45.321217,-118.09552
Oregon,UNION,Liquor Commission: Union County,OR031050X,0,0,0,0,0,0,0,0,0,0,0,0,0,0,0,0,0,0,0,0,0,0,0,0,0,0,0,0,0,0,0,0,0,,
Oregon,UNION,State Police: Union County,OR031SP00,12,4,8,22,8,14,0,0,0,0,0,0,1,1,0,2,1,1,2,1,1,12,5,7,35,10,25,6,2,4,49,16,33,45.33585,-118.06311
Oregon,WALLOWA,Wallowa County Sheriff's Office,OR0320000,14,6,8,14,6,8,4,1,3,0,0,0,0,0,0,0,0,0,50,12,38,13,3,10,134,12,122,0,0,0,197,27,170,45.593753,-117.18558
Oregon,WALLOWA,Enterprise Police Department,OR0320100,2,1,1,4,1,3,1,0,1,0,0,0,1,0,1,0,0,0,13,3,10,10,3,7,64,6,58,2,0,2,87,12,75,45.593753,-117.18558
Oregon,WALLOWA,Liquor Commission: Wallowa County,OR032040X,0,0,0,0,0,0,0,0,0,0,0,0,0,0,0,0,0,0,0,0,0,0,0,0,0,0,0,0,0,0,0,0,0,,
Oregon,WALLOWA,State Police: Wallowa County,OR032SP00,5,1,4,5,1,4,0,0,0,0,0,0,0,0,0,0,0,0,4,0,4,0,0,0,12,2,10,0,0,0,16,2,14,45.593753,-117.18558
Oregon,WASCO,Wasco County Sheriff's Office,OR0330000,276,102,174,312,106,206,13,4,9,0,0,0,5,0,5,2,0,2,259,26,233,136,16,120,670,30,640,29,3,26,1065,72,993,45.599567,-121.18363
Oregon,WASCO,The Dalles Police Department,OR0330100,243,95,148,408,135,273,53,14,39,0,0,0,54,8,46,2,1,1,748,118,630,410,48,362,3434,573,2861,72,13,59,4592,739,3853,45.601204,-121.183784
Oregon,WASCO,Liquor Commission: Wasco County,OR033050X,0,0,0,0,0,0,0,0,0,0,0,0,0,0,0,0,0,0,0,0,0,0,0,0,0,0,0,0,0,0,0,0,0,,
Oregon,WASCO,State Police: Wasco County,OR033SP00,81,35,46,90,37,53,3,1,2,0,0,0,3,0,3,1,0,1,14,3,11,36,13,23,84,19,65,4,0,4,134,35,99,45.164536,-121.165069
Oregon,WASHINGTON,Washington County Sheriff's Office,OR0340000,3303,1411,1892,4960,1886,3074,303,66,237,20,7,13,575,150,425,46,20,26,3222,489,2733,2804,407,2397,14703,1686,13017,1155,310,845,20729,2582,18147,45.553542,-123.097615
Oregon,WASHINGTON,Beaverton Police Department,OR0340100,1578,673,905,2493,913,1580,187,53,134,16,6,10,266,44,222,23,11,12,1942,374,1568,1980,209,1771,15442,3884,11558,431,80,351,19364,4467,14897,45.553542,-123.097615
Oregon,WASHINGTON,Forest Grove Police Department,OR0340200,478,189,289,662,213,449,50,10,40,0,0,0,80,5,75,6,3,3,541,70,471,397,80,317,3090,464,2626,121,6,115,4028,614,3414,45.553542,-123.097615
Oregon,WASHINGTON,Hillsboro Police Department,OR0340300,1950,803,1147,3207,1150,2057,226,50,176,6,0,6,316,64,252,30,14,16,1926,290,1636,1877,189,1688,15785,2894,12891,586,117,469,19588,3373,16215,45.5212,-122.973854
Oregon,WASHINGTON,Tigard Police Department,OR0340400,821,302,519,1377,427,950,80,20,60,0,0,0,108,8,100,11,4,7,1330,120,1210,1010,48,962,11078,2023,9055,161,10,151,13418,2191,11227,45.4259,-122.765755
Oregon,"WASHINGTON, YAMHILL",Gaston Police Department,OR0340500,11,5,6,20,8,12,6,2,4,0,0,0,0,0,0,0,0,0,13,0,13,10,0,10,57,8,49,8,3,5,80,8,72,45.553542,-123.097615
Oregon,WASHINGTON,Sherwood Police Department,OR0340600,127,53,74,198,61,137,5,0,5,0,0,0,34,4,30,0,0,0,155,23,132,163,27,136,2222,496,1726,52,5,47,2540,546,1994,45.553542,-123.097615
Oregon,WASHINGTON,Cornelius Police Department,OR0340700,357,154,203,511,204,307,41,14,27,0,0,0,43,12,31,5,2,3,269,61,208,180,30,150,2146,569,1577,76,21,55,2595,660,1935,45.553542,-123.097615
Oregon,WASHINGTON,North Plains Police Department,OR0340800,37,15,22,44,15,29,1,0,1,0,0,0,3,0,3,0,0,0,50,7,43,34,6,28,225,23,202,7,0,7,309,36,273,45.553542,-123.097615
Oregon,WASHINGTON,Banks Police Department,OR0340900,10,4,6,29,12,17,2,0,2,0,0,0,6,3,3,0,0,0,30,5,25,14,3,11,145,21,124,15,7,8,189,29,160,45.553542,-123.097615
Oregon,WASHINGTON,King City Police Department,OR0341100,28,12,16,44,15,29,3,0,3,0,0,0,6,2,4,1,0,1,74,3,71,41,8,33,262,26,236,8,2,6,377,37,340,45.409126,-122.79528
Oregon,"CLACKAMAS, WASHINGTON",Tualatin Police Department,OR0341200,421,169,252,671,229,442,41,14,27,0,0,0,64,5,59,4,2,2,663,68,595,628,55,573,5566,787,4779,78,9,69,6857,910,5947,45.386482,-122.76633
Oregon,WASHINGTON,Liquor Commission: Washington County,OR034130X,0,0,0,0,0,0,0,0,0,0,0,0,0,0,0,0,0,0,0,0,0,0,0,0,0,0,0,0,0,0,0,0,0,,
Oregon,WASHINGTON,Hillsboro School District,OR0341600,0,0,0,0,0,0,0,0,0,0,0,0,0,0,0,0,0,0,0,0,0,0,0,0,0,0,0,0,0,0,0,0,0,,
Oregon,WASHINGTON,State Police: Washington County,OR034SP00,49,16,33,53,16,37,2,1,1,0,0,0,1,0,1,0,0,0,0,0,0,23,7,16,31,7,24,4,0,4,54,14,40,45.553542,-123.097615
Oregon,WHEELER,Wheeler County Sheriff's Office,OR0350000,12,5,7,12,5,7,0,0,0,0,0,0,0,0,0,0,0,0,6,1,5,3,1,2,9,1,8,0,0,0,18,3,15,44.736411,-120.026875
Oregon,WHEELER,Liquor Commission: Wheeler County,OR035030X,0,0,0,0,0,0,0,0,0,0,0,0,0,0,0,0,0,0,0,0,0,0,0,0,0,0,0,0,0,0,0,0,0,,
Oregon,WHEELER,State Police: Wheeler County,OR035SP00,0,0,0,1,0,1,0,0,0,0,0,0,0,0,0,0,0,0,0,0,0,0,0,0,2,0,2,1,0,1,2,0,2,44.736411,-120.026875
Oregon,YAMHILL,Yamhill County Sheriff's Office,OR0360000,473,219,254,739,313,426,63,17,46,0,0,0,107,36,71,13,6,7,1228,209,1019,532,132,400,3053,538,2515,198,66,132,4813,879,3934,45.211464,-123.19324
Oregon,YAMHILL,McMinnville Police Department,OR0360100,720,321,399,1083,443,640,89,25,64,0,0,0,126,37,89,6,3,3,937,159,778,491,95,396,7358,1649,5709,250,80,170,8786,1903,6883,45.20876,-123.19911
Oregon,YAMHILL,Newberg-Dundee Police Department,OR0360200,233,89,144,418,131,287,58,14,44,0,0,0,70,10,60,0,0,0,359,73,286,274,42,232,3422,739,2683,141,27,114,4055,854,3201,45.29871,-122.98235
Oregon,YAMHILL,Carlton Police Department,OR0360500,3,1,2,17,6,11,4,2,2,0,0,0,4,2,2,0,0,0,45,8,37,11,2,9,188,8,180,12,4,8,244,18,226,45.294212,-123.17571
Oregon,YAMHILL,Yamhill Police Department,OR0360800,6,3,3,12,6,6,3,1,2,0,0,0,0,0,0,0,0,0,20,5,15,12,1,11,121,14,107,6,3,3,153,20,133,45.248138,-123.316117
Oregon,YAMHILL,Liquor Commission: Yamhill County,OR036110X,0,0,0,0,0,0,0,0,0,0,0,0,0,0,0,0,0,0,0,0,0,0,0,0,0,0,0,0,0,0,0,0,0,,
Oregon,YAMHILL,State Police: Yamhill County,OR036SP00,43,17,26,52,20,32,4,1,3,0,0,0,2,0,2,0,0,0,0,0,0,11,1,10,18,2,16,8,3,5,29,3,26,45.200397,-123.1394
Oregon,NOT SPECIFIED,Siletz Tribal,ORDI00400,23,11,12,29,13,16,0,0,0,0,0,0,2,1,1,2,1,1,16,2,14,4,0,4,17,0,17,3,1,2,37,2,35,44.641061,-123.911212
Oregon,NOT SPECIFIED,"Coos, Lower Umpqua, and Siuslaw Tribal",ORDI01300,2,1,1,2,1,1,0,0,0,0,0,0,0,0,0,0,0,0,5,0,5,1,0,1,137,34,103,0,0,0,143,34,109,,
Oregon,NOT SPECIFIED,Grand Ronde Tribal,ORDI01400,64,27,37,83,32,51,2,1,1,0,0,0,7,1,6,0,0,0,43,7,36,41,9,32,670,97,573,10,1,9,754,113,641,,
Oregon,NOT SPECIFIED,Cow Creek Tribal,ORDI01500,0,0,0,3,1,2,0,0,0,0,0,0,1,0,1,0,0,0,2,0,2,1,0,1,94,24,70,1,0,1,97,24,73,,
Oregon,NOT SPECIFIED,Warm Springs Tribal,ORDI05000,32,10,22,36,10,26,13,0,13,0,0,0,2,0,2,1,0,1,40,7,33,26,6,20,65,8,57,3,0,3,131,21,110,44.645151,-121.178632
Oregon,NOT SPECIFIED,Columbia River Inter-Tribal Fisheries Enforcement,ORDI06000,101,39,62,105,40,65,0,0,0,0,0,0,0,0,0,0,0,0,14,5,9,9,4,5,22,4,18,2,0,2,45,13,32,45.70853,-121.56393
Oregon,NOT SPECIFIED,Liquor Commission:,OROLCC100,0,0,0,0,0,0,0,0,0,0,0,0,0,0,0,0,0,0,0,0,0,0,0,0,0,0,0,0,0,0,0,0,0,,
