State,County,Agency,Ori,total aggravated-assault crimes (2015-2023),total aggravated-assault cleared crimes (2015-2023),total aggravated-assault actual crimes (2015-2023),total violent-crime crimes (2015-2023),total violent-crime cleared crimes (2015-2023),total violent-crime actual crimes (2015-2023),total arson crimes (2015-2023),total arson cleared crimes (2015-2023),total arson actual crimes (2015-2023),total human-trafficing crimes (2015-2023),total human-trafficing cleared crimes (2015-2023),total human-trafficing actual crimes (2015-2023),total rape-legacy crimes (2015-2023),total rape-legacy cleared crimes (2015-2023),total rape-legacy actual crimes (2015-2023),total homicide crimes (2015-2023),total homicide cleared crimes (2015-2023),total homicide actual crimes (2015-2023),total burglary crimes (2015-2023),total burglary cleared crimes (2015-2023),total burglary actual crimes (2015-2023),total motor-vehicle-theft crimes (2015-2023),total motor-vehicle-theft cleared crimes (2015-2023),total motor-vehicle-theft actual crimes (2015-2023),total larceny crimes (2015-2023),total larceny cleared crimes (2015-2023),total larceny actual crimes (2015-2023),total rape crimes (2015-2023),total rape cleared crimes (2015-2023),total rape actual crimes (2015-2023),total property-crime crimes (2015-2023),total property-crime cleared crimes (2015-2023),total property-crime actual crimes (2015-2023),Latitude,Longitude
Georgia,APPLING,Appling County Sheriff's Office,GA0010000,113,29,84,131,31,100,0,0,0,0,0,0,4,0,4,0,0,0,355,49,306,79,20,59,853,128,725,11,1,10,1287,197,1090,31.782509,-82.35828
Georgia,APPLING,Baxley Police Department,GA0010100,465,184,281,552,205,347,10,3,7,0,0,0,16,2,14,11,7,4,530,66,464,167,48,119,1940,456,1484,28,2,26,2637,570,2067,31.739712,-82.290103
Georgia,APPLING,Graham,GA0010300,0,0,0,0,0,0,0,0,0,0,0,0,0,0,0,0,0,0,4,0,4,0,0,0,4,0,4,0,0,0,8,0,8,,
Georgia,APPLING,Appling County Board of Education,GA0010400,0,0,0,0,0,0,0,0,0,0,0,0,0,0,0,0,0,0,2,1,1,0,0,0,18,9,9,0,0,0,20,10,10,,
Georgia,ATKINSON,Atkinson County Sheriff's Office,GA0020000,81,34,47,90,37,53,0,0,0,0,0,0,1,0,1,0,0,0,52,14,38,32,12,20,135,19,116,4,1,3,219,45,174,31.296677,-82.878067
Georgia,ATKINSON,Pearson Police Department,GA0020100,0,0,0,0,0,0,0,0,0,0,0,0,0,0,0,0,0,0,0,0,0,0,0,0,0,0,0,0,0,0,0,0,0,31.296677,-82.878067
Georgia,ATKINSON,Willacoochee Police Department,GA0020200,17,8,9,21,9,12,0,0,0,0,0,0,0,0,0,0,0,0,53,12,41,0,0,0,139,17,122,0,0,0,192,29,163,31.340805,-83.04818
Georgia,BACON,Bacon County Sheriff's Office,GA0030000,58,7,51,65,8,57,0,0,0,0,0,0,0,0,0,0,0,0,189,45,144,17,3,14,362,128,234,1,0,1,568,176,392,31.563327,-82.387859
Georgia,BACON,Alma Police Department,GA0030100,155,49,106,210,59,151,7,3,4,0,0,0,3,0,3,3,1,2,505,72,433,96,19,77,1165,226,939,6,1,5,1766,317,1449,31.563327,-82.387859
Georgia,BAKER,Baker County Sheriff's Office,GA0040000,0,0,0,0,0,0,0,0,0,0,0,0,0,0,0,0,0,0,0,0,0,0,0,0,0,0,0,0,0,0,0,0,0,31.31958,-84.454881
Georgia,BAKER,Newton Police Department,GA0040100,0,0,0,0,0,0,0,0,0,0,0,0,0,0,0,0,0,0,0,0,0,0,0,0,1,0,1,0,0,0,1,0,1,31.31958,-84.454881
Georgia,BALDWIN,Baldwin County Sheriff's Office,GA0050000,1652,276,1376,1845,318,1527,13,3,10,2,1,1,36,2,34,35,13,22,1116,224,892,344,79,265,4228,917,3311,75,6,69,5688,1220,4468,33.059504,-83.255452
Georgia,BALDWIN,Milledgeville Police Department,GA0050100,845,212,633,1072,250,822,21,4,17,1,0,1,36,3,33,21,8,13,1058,104,954,291,52,239,5582,1007,4575,49,5,44,6931,1163,5768,33.082405,-83.228714
Georgia,BALDWIN,Georgia College and State University,GA0050300,12,2,10,33,9,24,1,0,1,0,0,0,12,5,7,0,0,0,38,13,25,64,24,40,336,81,255,17,6,11,438,118,320,33.059504,-83.255452
Georgia,BALDWIN,Georgia Military College,GA0050400,0,0,0,0,0,0,0,0,0,0,0,0,0,0,0,0,0,0,0,0,0,2,1,1,6,3,3,0,0,0,8,4,4,33.08015,-83.22491
Georgia,BANKS,Banks County Sheriff's Office,GA0060000,454,161,293,528,166,362,5,1,4,0,0,0,25,0,25,6,2,4,752,69,683,185,27,158,3034,767,2267,33,2,31,3971,863,3108,34.351922,-83.498441
Georgia,BARROW,Barrow County Sheriff's Office,GA0070000,1019,123,896,1176,138,1038,52,11,41,1,0,1,59,5,54,7,0,7,953,31,922,479,35,444,5455,631,4824,79,8,71,6887,697,6190,33.992009,-83.712303
Georgia,BARROW,Winder Police Department,GA0070100,674,91,583,786,106,680,8,1,7,0,0,0,15,0,15,4,2,2,443,24,419,196,8,188,2446,139,2307,29,0,29,3085,171,2914,33.993984,-83.71819
Georgia,"BARROW, GWINNETT",Auburn Police Department,GA0070200,66,23,43,98,33,65,0,0,0,0,0,0,18,5,13,4,2,2,117,24,93,75,21,54,586,120,466,2,0,2,778,165,613,33.992009,-83.712303
Georgia,BARROW,Statham Police Department,GA0070300,32,13,19,43,16,27,0,0,0,0,0,0,0,0,0,0,0,0,46,3,43,24,8,16,203,63,140,0,0,0,273,74,199,33.992009,-83.712303
Georgia,BARTOW,Bartow County Sheriff's Office,GA0080000,924,194,730,1136,227,909,54,5,49,0,0,0,93,10,83,15,7,8,1615,153,1462,1013,173,840,6495,830,5665,44,6,38,9123,1156,7967,34.240917,-84.838188
Georgia,BARTOW,Cartersville Police Department,GA0080100,661,141,520,961,197,764,47,10,37,2,0,2,36,5,31,8,3,5,936,71,865,482,57,425,5801,896,4905,159,31,128,7219,1024,6195,34.240917,-84.838188
Georgia,BARTOW,Adairsville Police Department,GA0080200,86,34,52,115,40,75,2,1,1,0,0,0,7,1,6,0,0,0,136,21,115,106,26,80,869,184,685,18,3,15,1111,231,880,34.368633,-84.93449
Georgia,BARTOW,Kingston Police Department,GA0080300,0,0,0,0,0,0,1,0,1,0,0,0,0,0,0,0,0,0,12,3,9,2,0,2,83,24,59,0,0,0,97,27,70,34.240917,-84.838188
Georgia,BARTOW,White Police Department,GA0080500,4,3,1,4,3,1,0,0,0,0,0,0,0,0,0,0,0,0,1,0,1,0,0,0,2,1,1,0,0,0,3,1,2,34.240917,-84.838188
Georgia,BARTOW,Emerson Police Department,GA0080600,66,17,49,84,19,65,5,2,3,0,0,0,7,0,7,0,0,0,54,4,50,47,3,44,360,29,331,4,0,4,461,36,425,34.240917,-84.838188
Georgia,BARTOW,Euharlee Police Department,GA0080700,33,6,27,41,10,31,3,0,3,0,0,0,3,1,2,4,3,1,40,6,34,11,3,8,176,28,148,4,1,3,227,37,190,34.240917,-84.838188
Georgia,BARTOW,Chattahoochee Technical College,GA0081000,1,0,1,1,0,1,0,0,0,0,0,0,0,0,0,0,0,0,0,0,0,0,0,0,34,7,27,0,0,0,34,7,27,,
Georgia,BARTOW,Georgia Highlands College,GA0081100,0,0,0,0,0,0,0,0,0,0,0,0,0,0,0,0,0,0,0,0,0,0,0,0,9,0,9,0,0,0,9,0,9,,
Georgia,BEN HILL,Ben Hill County Sheriff's Office,GA0090000,257,91,166,308,98,210,4,1,3,0,0,0,15,1,14,6,2,4,492,55,437,161,29,132,882,97,785,29,3,26,1535,181,1354,31.740775,-83.14719
Georgia,BEN HILL,Fitzgerald Police Department,GA0090100,491,131,360,638,162,476,15,5,10,0,0,0,13,2,11,11,3,8,754,123,631,188,37,151,3326,775,2551,26,7,19,4268,935,3333,31.740775,-83.14719
Georgia,BERRIEN,Berrien County Sheriff's Office,GA0100000,212,65,147,280,83,197,8,4,4,0,0,0,38,10,28,5,2,3,394,70,324,106,25,81,1053,183,870,51,14,37,1553,278,1275,31.191711,-83.27352
Georgia,BERRIEN,Nashville Police Department,GA0100100,227,42,185,309,65,244,4,1,3,2,0,2,20,6,14,2,1,1,471,97,374,62,18,44,1698,307,1391,19,4,15,2231,422,1809,31.274308,-83.231906
Georgia,BERRIEN,Alapaha Police Department,GA0100200,6,3,3,6,3,3,0,0,0,0,0,0,0,0,0,0,0,0,12,1,11,3,2,1,40,12,28,0,0,0,55,15,40,31.274308,-83.231906
Georgia,"BERRIEN, LANIER",Ray City Police Department,GA0100300,3,1,2,5,2,3,0,0,0,0,0,0,0,0,0,0,0,0,17,0,17,7,3,4,14030,2,14028,0,0,0,14054,5,14049,31.274308,-83.231906
Georgia,BERRIEN,Enigma Police Department,GA0100400,6,2,4,9,3,6,0,0,0,0,0,0,0,0,0,0,0,0,30,0,30,5,1,4,70,9,61,3,1,2,105,10,95,31.07462,-83.20011
Georgia,BIBB,Bibb County Sheriff's Office,GA0110000,7774,868,6906,10983,1377,9606,447,39,408,30,12,18,315,61,254,381,105,276,11761,570,11191,5488,463,5025,38384,3265,35119,429,59,370,55633,4298,51335,32.831833,-83.64161
Georgia,BIBB,Georgia Forestry Commission,GA0110200,0,0,0,0,0,0,85,2,83,0,0,0,0,0,0,0,0,0,3,0,3,2,0,2,11,1,10,0,0,0,16,1,15,32.808844,-83.694193
Georgia,BIBB,Bibb County Board of Education,GA0110400,52,25,27,66,32,34,4,2,2,0,0,0,0,0,0,0,0,0,3,0,3,9,3,6,323,137,186,0,0,0,335,140,195,32.841473,-83.660034
Georgia,BIBB,Mercer University,GA011099E,17,7,10,34,11,23,2,0,2,0,0,0,5,2,3,0,0,0,30,1,29,61,18,43,429,24,405,12,4,8,520,43,477,32.82903,-83.648766
Georgia,BIBB,Wesleyan College,GA011119E,0,0,0,3,1,2,0,0,0,0,0,0,0,0,0,0,0,0,2,0,2,0,0,0,12,1,11,3,1,2,14,1,13,32.876038,-83.71381
Georgia,BLECKLEY,Bleckley County Sheriff's Office,GA0120000,119,26,93,172,46,126,0,0,0,0,0,0,13,6,7,2,1,1,227,30,197,107,31,76,707,110,597,40,14,26,1041,171,870,32.435403,-83.331717
Georgia,BLECKLEY,Cochran Police Department,GA0120100,150,49,101,195,60,135,2,0,2,0,0,0,8,1,7,8,4,4,231,35,196,61,20,41,1350,355,995,8,0,8,1642,410,1232,32.386444,-83.35458
Georgia,BLECKLEY,Middle Georgia State University,GA0120200,13,5,8,38,14,24,0,0,0,0,0,0,12,4,8,0,0,0,31,5,26,13,3,10,190,46,144,8,2,6,234,54,180,32.435403,-83.331717
Georgia,BRANTLEY,Brantley County Sheriff's Office,GA0130000,258,67,191,313,71,242,9,1,8,5,0,5,15,0,15,3,0,3,712,73,639,180,17,163,2238,246,1992,26,3,23,3130,336,2794,31.197334,-81.982978
Georgia,BRANTLEY,Nahunta Police Department,GA0130100,2,1,1,5,2,3,0,0,0,0,0,0,0,0,0,0,0,0,9,1,8,3,2,1,30,2,28,1,0,1,42,5,37,31.197334,-81.982978
Georgia,BRANTLEY,Hoboken Police Department,GA0130200,0,0,0,0,0,0,0,0,0,0,0,0,0,0,0,0,0,0,5,1,4,0,0,0,0,0,0,0,0,0,5,1,4,31.197334,-81.982978
Georgia,BROOKS,Brooks County Sheriff's Office,GA0140000,403,158,245,467,180,287,4,1,3,0,0,0,17,6,11,8,4,4,402,61,341,194,46,148,977,182,795,38,12,26,1573,289,1284,30.822934,-83.581905
Georgia,BROOKS,Quitman Police Department,GA0140100,248,60,188,311,74,237,2,0,2,0,0,0,5,0,5,2,1,1,238,23,215,62,8,54,1092,221,871,8,2,6,1392,252,1140,30.7866,-83.5581
Georgia,BROOKS,Morven Police Department,GA0140200,0,0,0,0,0,0,0,0,0,0,0,0,0,0,0,0,0,0,0,0,0,0,0,0,0,0,0,0,0,0,0,0,0,30.822934,-83.581905
Georgia,BRYAN,Bryan County Sheriff's Office,GA0150000,527,147,380,627,159,468,7,0,7,1,0,1,24,2,22,8,1,7,494,60,434,206,30,176,1810,299,1511,53,8,45,2510,389,2121,32.017969,-81.438543
Georgia,BRYAN,Pembroke Police Department,GA0150100,81,30,51,92,33,59,1,0,1,0,0,0,4,0,4,4,2,2,104,30,74,12,1,11,383,125,258,3,0,3,499,156,343,32.017969,-81.438543
Georgia,BRYAN,Richmond Hill Police Department,GA0150200,207,73,134,284,93,191,1,0,1,0,0,0,20,4,16,10,4,6,323,67,256,133,14,119,1598,283,1315,30,2,28,2054,364,1690,32.017969,-81.438543
Georgia,BULLOCH,Bulloch County Sheriff's Office,GA0160000,279,114,165,368,137,231,14,4,10,0,0,0,19,5,14,9,4,5,931,112,819,247,40,207,2574,321,2253,29,7,22,3752,473,3279,32.467293,-81.76302
Georgia,BULLOCH,Statesboro Police Department,GA0160100,632,261,371,1196,473,723,46,15,31,0,0,0,90,34,56,27,11,16,1226,185,1041,337,115,222,7208,2532,4676,138,54,84,8771,2832,5939,32.445255,-81.7862
Georgia,BULLOCH,Brooklet Police Department,GA0160200,12,5,7,16,6,10,0,0,0,0,0,0,0,0,0,0,0,0,8,0,8,5,0,5,62,10,52,0,0,0,75,10,65,32.393408,-81.74381
Georgia,BULLOCH,Portal Police Department,GA0160300,0,0,0,0,0,0,0,0,0,0,0,0,0,0,0,0,0,0,0,0,0,0,0,0,0,0,0,0,0,0,0,0,0,32.393408,-81.74381
Georgia,BULLOCH,Georgia Southern University,GA0160400,10,2,8,92,25,67,5,1,4,0,0,0,33,6,27,0,0,0,31,7,24,14,2,12,1000,140,860,59,16,43,1045,149,896,32.393408,-81.74381
Georgia,BULLOCH,Register Police Department,GA0160500,0,0,0,0,0,0,0,0,0,0,0,0,0,0,0,0,0,0,0,0,0,0,0,0,0,0,0,0,0,0,0,0,0,32.367367,-81.88627
Georgia,BURKE,Burke  County Sheriff's Office,GA0170000,319,72,247,393,85,308,10,1,9,0,0,0,12,1,11,16,4,12,616,35,581,268,21,247,1646,84,1562,24,1,23,2530,140,2390,33.050819,-82.011571
Georgia,BURKE,Waynesboro Police Department,GA0170100,306,41,265,407,63,344,6,2,4,0,0,0,18,5,13,17,7,10,422,22,400,135,19,116,1636,180,1456,12,2,10,2193,221,1972,33.091118,-82.015236
Georgia,BURKE,Midville Police Department,GA0170200,1,0,1,1,0,1,0,0,0,0,0,0,0,0,0,0,0,0,0,0,0,0,0,0,0,0,0,0,0,0,0,0,0,33.050819,-82.011571
Georgia,BURKE,Sardis Police Department,GA0170300,45,21,24,51,24,27,0,0,0,0,0,0,0,0,0,2,1,1,72,29,43,36,15,21,191,83,108,0,0,0,299,127,172,33.050819,-82.011571
Georgia,BUTTS,Butts County Sheriff's Office,GA0180000,494,122,372,628,171,457,13,4,9,0,0,0,26,8,18,17,8,9,580,253,327,362,127,235,2623,1001,1622,45,15,30,3565,1381,2184,33.296364,-83.94759
Georgia,BUTTS,Jackson Police Department,GA0180100,82,28,54,119,38,81,3,1,2,0,0,0,4,1,3,2,1,1,163,37,126,68,18,50,937,301,636,6,0,6,1168,356,812,33.290355,-83.958221
Georgia,CALHOUN,Calhoun County Sheriff's Office,GA0190000,9,0,9,9,0,9,0,0,0,0,0,0,0,0,0,0,0,0,11,2,9,4,0,4,9,0,9,0,0,0,24,2,22,31.521279,-84.62629
Georgia,"CALHOUN, EARLY",Arlington Police Department,GA0190100,47,18,29,54,20,34,0,0,0,0,0,0,0,0,0,2,1,1,52,8,44,14,5,9,93,21,72,0,0,0,159,34,125,31.521279,-84.62629
Georgia,CALHOUN,Edison Police Department,GA0190200,18,0,18,23,1,22,1,0,1,0,0,0,1,0,1,1,0,1,15,1,14,9,2,7,32,1,31,1,0,1,56,4,52,31.521279,-84.62629
Georgia,CALHOUN,Leary Police Department,GA0190300,0,0,0,0,0,0,0,0,0,0,0,0,0,0,0,0,0,0,1,0,1,0,0,0,1,0,1,0,0,0,2,0,2,31.521279,-84.62629
Georgia,CAMDEN,Camden County Sheriff's Office,GA0200000,201,54,147,237,59,178,3,1,2,1,0,1,11,0,11,6,1,5,249,9,240,76,7,69,829,72,757,11,0,11,1154,88,1066,30.913347,-81.642001
Georgia,CAMDEN,Kingsland Police Department,GA0200100,259,32,227,312,44,268,8,1,7,0,0,0,4,1,3,4,1,3,343,33,310,122,13,109,1394,138,1256,14,5,9,1859,184,1675,30.913347,-81.642001
Georgia,CAMDEN,St. Marys Police Department,GA0200200,75,18,57,83,19,64,3,1,2,0,0,0,5,0,5,0,0,0,52,12,40,14,5,9,268,70,198,4,0,4,334,87,247,30.753582,-81.52441
Georgia,CANDLER,Candler County Sheriff's Office,GA0210000,77,22,55,95,22,73,5,2,3,0,0,0,7,0,7,0,0,0,100,5,95,32,6,26,402,24,378,13,0,13,534,35,499,32.403997,-82.07131
Georgia,CANDLER,Metter Police Department,GA0210100,83,15,68,148,21,127,15,3,12,0,0,0,13,1,12,4,1,3,204,16,188,75,16,59,718,79,639,21,1,20,997,111,886,32.403997,-82.07131
Georgia,CARROLL,Carroll County Sheriff's Office,GA0220000,1406,480,926,1726,549,1177,77,19,58,0,0,0,96,13,83,19,9,10,3089,350,2739,1252,183,1069,6060,540,5520,134,20,114,10401,1073,9328,33.56817,-85.03639
Georgia,CARROLL,Carrollton Police Department,GA0220100,882,247,635,1208,314,894,20,5,15,0,0,0,55,7,48,9,4,5,853,76,777,411,85,326,7568,1584,5984,99,15,84,8832,1745,7087,33.582237,-85.080527
Georgia,"CARROLL, DOUGLAS",Villa Rica Police Department,GA0220200,488,183,305,633,224,409,20,6,14,0,0,0,33,9,24,6,2,4,558,107,451,301,89,212,4314,1265,3049,45,12,33,5173,1461,3712,33.582237,-85.080527
Georgia,CARROLL,Bowdon Police Department,GA0220300,40,8,32,47,8,39,1,0,1,0,0,0,0,0,0,1,0,1,64,12,52,19,1,18,261,47,214,2,0,2,344,60,284,33.538067,-85.252075
Georgia,CARROLL,Temple Police Department,GA0220400,91,28,63,114,31,83,0,0,0,3,0,3,6,0,6,0,0,0,177,28,149,93,22,71,835,175,660,10,1,9,1105,225,880,33.582237,-85.080527
Georgia,CARROLL,Whitesburg Police Department,GA0220500,21,5,16,24,6,18,0,0,0,0,0,0,0,0,0,0,0,0,15,0,15,4,1,3,90,23,67,0,0,0,109,24,85,33.49634,-84.91557
Georgia,CARROLL,University of West Georgia,GA0220600,17,6,11,48,14,34,2,0,2,0,0,0,16,4,12,0,0,0,73,14,59,13,5,8,419,48,371,11,2,9,505,67,438,33.571545,-85.094604
Georgia,CARROLL,Mount Zion Police Department,GA0220700,28,7,21,34,8,26,0,0,0,0,0,0,5,1,4,0,0,0,26,1,25,13,3,10,76,12,64,4,1,3,115,16,99,33.582237,-85.080527
Georgia,CATOOSA,Catoosa County Sheriff's Office,GA0230000,714,251,463,878,293,585,39,13,26,9,3,6,56,14,42,10,3,7,1044,141,903,1053,289,764,3975,621,3354,88,25,63,6072,1051,5021,34.899393,-85.137353
Georgia,"CATOOSA, WALKER",Fort Oglethorpe Police Department,GA0230100,326,80,246,425,102,323,3,1,2,1,0,1,24,5,19,5,3,2,331,55,276,259,49,210,5741,1953,3788,24,3,21,6331,2057,4274,34.899393,-85.137353
Georgia,CATOOSA,Ringgold Police Department,GA0230200,203,81,122,229,88,141,1,0,1,0,0,0,2,0,2,1,0,1,170,44,126,91,19,72,1232,329,903,7,3,4,1493,392,1101,34.91655,-85.10909
Georgia,CHARLTON,Charlton County Sheriff's Office,GA0240000,120,42,78,147,51,96,1,0,1,0,0,0,0,0,0,13,6,7,256,50,206,131,41,90,273,39,234,5,0,5,660,130,530,30.830587,-82.00494
Georgia,CHARLTON,Folkston Police Department,GA0240100,205,92,113,212,95,117,0,0,0,0,0,0,0,0,0,0,0,0,228,41,187,46,13,33,610,199,411,0,0,0,884,253,631,30.779904,-82.139644
Georgia,CHARLTON,Homeland Police Department,GA0240200,0,0,0,0,0,0,0,0,0,0,0,0,0,0,0,0,0,0,0,0,0,0,0,0,0,0,0,0,0,0,0,0,0,30.856588,-82.02113
Georgia,CHATHAM,Chatham County Sheriff's Office,GA0250000,0,0,0,0,0,0,0,0,0,0,0,0,0,0,0,0,0,0,0,0,0,0,0,0,0,0,0,0,0,0,0,0,0,31.980523,-81.08519
Georgia,CHATHAM,Chatham County Police Department,GA0250100,215,67,148,363,94,269,6,0,6,0,0,0,0,0,0,11,5,6,446,52,394,346,34,312,2254,494,1760,56,14,42,3046,580,2466,32.060173,-81.166336
Georgia,CHATHAM,Garden City Police Department,GA0250200,1006,231,775,1372,379,993,14,3,11,0,0,0,39,12,27,21,9,12,1126,242,884,341,38,303,2737,574,2163,100,52,48,4204,854,3350,31.980523,-81.08519
Georgia,CHATHAM,Savannah-Chatham Metropolitan Police Department,GA0250300,5954,1715,4239,9717,2376,7341,125,15,110,0,0,0,122,13,109,408,164,244,8658,1007,7651,5996,712,5284,37643,5175,32468,493,65,428,52297,6894,45403,32.075733,-81.088394
Georgia,CHATHAM,Pooler Police Department,GA0250400,295,100,195,473,149,324,8,0,8,1,0,1,32,6,26,5,0,5,725,236,489,547,147,400,6968,2300,4668,46,6,40,8240,2683,5557,32.115654,-81.24752
Georgia,CHATHAM,Port Wentworth Police Department,GA0250500,184,75,109,266,94,172,8,3,5,0,0,0,17,3,14,11,5,6,179,19,160,254,30,224,894,24,870,31,6,25,1327,73,1254,32.146427,-81.160324
Georgia,CHATHAM,Tybee Island Police Department,GA0250600,77,27,50,90,29,61,3,1,2,0,0,0,5,1,4,0,0,0,80,12,68,53,9,44,1036,194,842,4,0,4,1169,215,954,31.980523,-81.08519
Georgia,CHATHAM,Thunderbolt Police Department,GA0250700,51,14,37,70,20,50,0,0,0,0,0,0,3,1,2,0,0,0,83,19,64,56,13,43,366,70,296,1,0,1,505,102,403,32.031807,-81.050545
Georgia,CHATHAM,Ports Authority Savannah,GA0250800,4,1,3,4,1,3,0,0,0,0,0,0,0,0,0,0,0,0,13,3,10,4,1,3,78,10,68,0,0,0,95,14,81,31.980523,-81.08519
Georgia,CHATHAM,Bloomingdale Police Department,GA0250900,42,10,32,46,10,36,0,0,0,0,0,0,0,0,0,0,0,0,97,16,81,71,12,59,337,57,280,2,0,2,505,85,420,31.980523,-81.08519
Georgia,CHATHAM,Savannah State University,GA0251000,13,0,13,31,0,31,1,0,1,0,0,0,0,0,0,1,0,1,59,0,59,10,0,10,282,0,282,4,0,4,351,0,351,32.02476,-81.05566
Georgia,CHATHAM,Chatham County Board of Education,GA0251600,41,11,30,75,26,49,1,0,1,0,0,0,8,5,3,1,1,0,48,21,27,8,0,8,529,183,346,5,1,4,585,204,381,31.980523,-81.08519
Georgia,CHATHAM,Savannah Technical College,GA0252400,2,1,1,2,1,1,0,0,0,0,0,0,0,0,0,0,0,0,1,0,1,4,0,4,42,3,39,0,0,0,47,3,44,31.980523,-81.08519
Georgia,CHATHAM,Savannah Fire and Emergency Services Arson Unit,GA0252500,0,0,0,0,0,0,0,0,0,0,0,0,0,0,0,0,0,0,0,0,0,0,0,0,0,0,0,0,0,0,0,0,0,32.08216,-81.09664
Georgia,CHATTAHOOCHEE,Chattahoochee County Sheriff's Office,GA0260000,0,0,0,2,1,1,0,0,0,0,0,0,0,0,0,0,0,0,0,0,0,4,2,2,2,0,2,0,0,0,6,2,4,32.347445,-84.788021
Georgia,CHATTOOGA,Chattooga County Sheriff's Office,GA0270000,257,75,182,297,85,212,5,0,5,0,0,0,11,0,11,2,1,1,480,37,443,114,9,105,1798,318,1480,25,3,22,2392,364,2028,34.480766,-85.34815
Georgia,CHATTOOGA,Summerville Police Department,GA0270100,27,4,23,34,5,29,1,0,1,0,0,0,2,0,2,0,0,0,30,1,29,37,3,34,344,10,334,4,0,4,411,14,397,34.474178,-85.345289
Georgia,CHATTOOGA,Trion Police Department,GA0270200,7,1,6,7,1,6,0,0,0,0,0,0,0,0,0,0,0,0,17,1,16,1,0,1,51,2,49,0,0,0,69,3,66,34.54347,-85.312996
Georgia,CHEROKEE,Cherokee County Sheriff's Office,GA0280000,1269,547,722,1786,737,1049,31,10,21,8,4,4,145,42,103,43,22,21,1934,308,1626,696,81,615,8947,1294,7653,226,77,149,11577,1683,9894,34.196648,-84.49234
Georgia,CHEROKEE,Canton Police Department,GA0280100,376,130,246,512,147,365,1,0,1,3,0,3,41,5,36,10,2,8,271,21,250,219,33,186,3946,873,3073,48,7,41,4436,927,3509,34.23541,-84.490005
Georgia,CHEROKEE,Ball Ground Police Department,GA0280200,2,1,1,2,1,1,0,0,0,0,0,0,0,0,0,0,0,0,24,5,19,11,2,9,96,21,75,0,0,0,131,28,103,34.244317,-84.475057
Georgia,CHEROKEE,Holly Springs Police Department,GA0280300,53,21,32,77,26,51,2,1,1,0,0,0,9,1,8,1,0,1,96,9,87,64,11,53,1114,285,829,8,1,7,1274,305,969,34.244317,-84.475057
Georgia,CHEROKEE,Woodstock Police Department,GA0280500,399,163,236,519,202,317,8,3,5,24,9,15,26,9,17,7,3,4,278,39,239,183,41,142,4310,901,3409,41,11,30,4771,981,3790,34.08742,-84.47999
Georgia,"CHEROKEE, PICKENS",Nelson Police Department,GA0280600,0,0,0,0,0,0,0,0,0,0,0,0,0,0,0,0,0,0,0,0,0,0,0,0,0,0,0,0,0,0,0,0,0,34.456625,-84.490263
Georgia,CHEROKEE,Cherokee County Board of Education,GA0280700,17,7,10,36,12,24,4,3,1,0,0,0,9,1,8,0,0,0,17,2,15,0,0,0,653,223,430,15,3,12,670,225,445,34.236027,-84.49235
Georgia,CHEROKEE,Cherokee County Marshal,GA0280900,0,0,0,0,0,0,0,0,0,0,0,0,0,0,0,0,0,0,0,0,0,0,0,0,0,0,0,0,0,0,0,0,0,34.244317,-84.475057
Georgia,CLARKE,Clarke County Sheriff's Office,GA0290000,0,0,0,0,0,0,0,0,0,0,0,0,0,0,0,0,0,0,0,0,0,0,0,0,0,0,0,0,0,0,0,0,0,33.9596,-83.37472
Georgia,CLARKE,Athens-Clarke County Police Department,GA0290100,4457,1344,3113,6640,1766,4874,181,29,152,7,1,6,388,57,331,56,18,38,5599,462,5137,2795,388,2407,26761,3231,23530,881,118,763,35155,4081,31074,33.94101,-83.32669
Georgia,CLARKE,University of Georgia,GA0290200,43,16,27,165,25,140,6,0,6,0,0,0,50,1,49,0,0,0,255,19,236,55,7,48,2356,180,2176,77,2,75,2666,206,2460,33.952185,-83.367152
Georgia,CLARKE,Winterville Police Department,GA0290400,2,1,1,6,3,3,0,0,0,0,0,0,0,0,0,0,0,0,15,1,14,2,0,2,54,4,50,0,0,0,71,5,66,33.952185,-83.367152
Georgia,CLARKE,Athens Technical College,GA0290900,0,0,0,0,0,0,0,0,0,0,0,0,0,0,0,0,0,0,0,0,0,0,0,0,0,0,0,0,0,0,0,0,0,,
Georgia,CLAY,Clay County Sheriff's Office,GA0300000,63,17,46,77,19,58,0,0,0,0,0,0,2,0,2,0,0,0,36,9,27,8,1,7,95,13,82,9,0,9,139,23,116,31.619831,-84.992583
Georgia,CLAYTON,Clayton County Sheriff's Office,GA0310000,56,28,28,58,29,29,0,0,0,0,0,0,0,0,0,0,0,0,6,1,5,18,9,9,96,58,38,0,0,0,120,68,52,33.51437,-84.36194
Georgia,CLAYTON,Clayton County Police Department,GA0310100,8039,2191,5848,12858,2643,10215,158,24,134,8,1,7,411,17,394,320,95,225,12561,650,11911,8283,442,7841,33864,2038,31826,841,28,813,54708,3130,51578,33.541374,-84.34508
Georgia,CLAYTON,Forest Park Police Department,GA0310200,1119,361,758,1887,539,1348,30,4,26,0,0,0,81,22,59,39,13,26,1527,153,1374,1159,115,1044,6401,885,5516,107,26,81,9087,1153,7934,33.60854,-84.37918
Georgia,CLAYTON,Morrow Police Department,GA0310300,145,36,109,389,69,320,7,2,5,0,0,0,13,1,12,10,3,7,373,43,330,495,52,443,6159,1819,4340,21,1,20,7027,1914,5113,33.582436,-84.33722
Georgia,CLAYTON,Jonesboro Police Department,GA0310400,103,39,64,149,51,98,0,0,0,0,0,0,1,0,1,0,0,0,161,36,125,226,88,138,1203,393,810,5,1,4,1590,517,1073,33.516556,-84.353935
Georgia,CLAYTON,Riverdale Police Department,GA0310500,351,131,220,549,178,371,2,1,1,0,0,0,3,0,3,23,10,13,727,63,664,361,52,309,5380,1996,3384,7,0,7,6468,2111,4357,33.572205,-84.415726
Georgia,CLAYTON,Lake City Police Department,GA0310600,51,13,38,103,18,85,1,0,1,1,0,1,4,0,4,2,1,1,115,11,104,129,9,120,742,116,626,2,0,2,986,136,850,33.60693,-84.34333
Georgia,CLAYTON,Clayton State University,GA0310800,10,3,7,26,4,22,0,0,0,0,0,0,12,0,12,1,0,1,11,0,11,8,1,7,161,4,157,9,0,9,180,5,175,33.542686,-84.355573
Georgia,CLAYTON,Lovejoy,GA0311400,0,0,0,0,0,0,0,0,0,0,0,0,0,0,0,0,0,0,0,0,0,0,0,0,0,0,0,0,0,0,0,0,0,,
Georgia,CLINCH,Clinch County Sheriff's Office,GA0320000,67,29,38,84,38,46,4,1,3,0,0,0,2,1,1,3,2,1,162,29,133,34,7,27,243,47,196,3,1,2,439,83,356,31.039433,-82.749954
Georgia,CLINCH,Homerville Police Department,GA0320100,145,68,77,180,81,99,2,1,1,0,0,0,5,1,4,0,0,0,197,41,156,46,17,29,732,225,507,7,3,4,975,283,692,30.917653,-82.702614
Georgia,COBB,Cobb County Sheriff's Office,GA0330000,459,215,244,528,241,287,1,0,1,1,0,1,12,6,6,0,0,0,31,15,16,34,3,31,1244,143,1101,24,4,20,1309,161,1148,33.952282,-84.5482
Georgia,"COBB, DOUGLAS",Austell Police Department,GA0330100,309,126,183,359,145,214,0,0,0,0,0,0,4,2,2,0,0,0,142,32,110,136,51,85,823,325,498,6,3,3,1101,408,693,33.93994,-84.574166
Georgia,COBB,Cobb County Police Department,GA0330200,9316,3231,6085,14189,4366,9823,271,63,208,53,7,46,771,171,600,257,102,155,13332,1432,11900,8457,1362,7095,70354,11063,59291,1017,218,799,92143,13857,78286,33.958862,-84.54633
Georgia,COBB,Marietta Police Department,GA0330300,1732,541,1191,2785,729,2056,45,10,35,60,14,46,79,9,70,44,18,26,2098,150,1948,1499,92,1407,14807,2404,12403,177,31,146,18404,2646,15758,33.95526,-84.54541
Georgia,COBB,Smyrna Police Department,GA0330400,1273,302,971,1798,367,1431,16,0,16,3,0,3,82,6,76,27,9,18,1379,61,1318,1279,69,1210,8531,593,7938,114,8,106,11189,723,10466,33.888607,-84.51593
Georgia,COBB,Acworth Police Department,GA0330500,251,76,175,345,97,248,1,0,1,3,0,3,18,4,14,8,3,5,311,21,290,198,27,171,4167,922,3245,27,5,22,4676,970,3706,34.06116,-84.66078
Georgia,COBB,Kennesaw Police Department,GA0330600,444,166,278,687,232,455,6,1,5,1,0,1,39,5,34,1,0,1,485,55,430,269,43,226,3366,329,3037,91,13,78,4120,427,3693,33.93994,-84.574166
Georgia,COBB,Powder Springs Police Department,GA0330800,328,121,207,411,138,273,2,1,1,0,0,0,4,2,2,4,1,3,259,28,231,81,17,64,1421,268,1153,4,1,3,1761,313,1448,33.93994,-84.574166
Georgia,COBB,Kennesaw State University,GA0331200,30,14,16,104,28,76,2,1,1,0,0,0,33,3,30,0,0,0,99,9,90,36,4,32,905,41,864,39,7,32,1040,54,986,33.93994,-84.574166
Georgia,COBB,Cobb County Board of Education,GA0331300,444,77,367,539,116,423,5,2,3,0,0,0,7,2,5,0,0,0,155,54,101,13,7,6,3124,991,2133,45,19,26,3292,1052,2240,33.916363,-84.546295
Georgia,COFFEE,Coffee County Sheriff's Office,GA0340000,889,368,521,1105,441,664,35,5,30,1,0,1,57,19,38,33,16,17,8649,7549,1100,5566,5135,431,3817,839,2978,85,27,58,18032,13523,4509,31.549245,-82.844938
Georgia,COFFEE,Douglas Police Department,GA0340100,97,25,72,145,35,110,1,0,1,0,0,0,23,4,19,2,0,2,92,5,87,36,6,30,1123,261,862,1,0,1,1251,272,979,31.511168,-82.852135
Georgia,COFFEE,Broxton Police Department,GA0340300,3,0,3,5,1,4,0,0,0,0,0,0,0,0,0,0,0,0,3,1,2,2,1,1,12,5,7,0,0,0,17,7,10,31.549245,-82.844938
Georgia,COFFEE,Nicholls Police Department,GA0340400,9,4,5,10,4,6,0,0,0,0,0,0,0,0,0,0,0,0,33,3,30,0,0,0,43,9,34,0,0,0,76,12,64,31.549245,-82.844938
Georgia,COFFEE,South Georgia State College,GA0340500,2,1,1,3,1,2,0,0,0,0,0,0,0,0,0,0,0,0,9,2,7,0,0,0,28,6,22,1,0,1,37,8,29,31.497084,-82.85074
Georgia,COLQUITT,Colquitt  County Sheriff's Office,GA0350000,14,0,14,15,0,15,0,0,0,0,0,0,0,0,0,0,0,0,27,2,25,3,1,2,56,5,51,0,0,0,86,8,78,31.189758,-83.769741
Georgia,COLQUITT,Moultrie Police Department,GA0350100,453,52,401,731,85,646,19,6,13,0,0,0,31,4,27,21,4,17,876,33,843,279,32,247,5337,622,4715,49,4,45,6492,687,5805,31.189758,-83.769741
Georgia,COLQUITT,Berlin Police Department,GA0350200,0,0,0,0,0,0,0,0,0,0,0,0,0,0,0,0,0,0,0,0,0,0,0,0,0,0,0,0,0,0,0,0,0,31.189758,-83.769741
Georgia,COLQUITT,Doerun Police Department,GA0350300,5,1,4,8,2,6,0,0,0,0,0,0,1,0,1,0,0,0,16,1,15,10,0,10,44,5,39,2,1,1,70,6,64,31.189758,-83.769741
Georgia,COLQUITT,Norman Park Police Department,GA0350400,6,2,4,10,3,7,0,0,0,0,0,0,1,0,1,0,0,0,33,2,31,3,1,2,56,9,47,1,0,1,92,12,80,31.189758,-83.769741
Georgia,COLUMBIA,Columbia County Sheriff's Office,GA0360000,261,73,188,456,133,323,17,2,15,2,0,2,31,7,24,29,16,13,1088,163,925,471,69,402,9207,1588,7619,42,7,35,10766,1820,8946,33.550551,-82.251361
Georgia,COLUMBIA,Grovetown Police Department,GA0360100,145,39,106,212,45,167,3,1,2,0,0,0,10,0,10,2,0,2,355,48,307,96,14,82,1140,193,947,24,3,21,1591,255,1336,33.550551,-82.251361
Georgia,COLUMBIA,Harlem Police Department,GA0360200,8,2,6,19,6,13,0,0,0,0,0,0,2,0,2,0,0,0,30,3,27,9,1,8,154,19,135,2,0,2,193,23,170,33.550551,-82.251361
Georgia,COOK,Cook County Sheriff's Office,GA0370000,232,84,148,262,91,171,5,2,3,0,0,0,9,1,8,0,0,0,276,22,254,126,30,96,693,77,616,14,4,10,1095,129,966,31.152962,-83.429567
Georgia,COOK,Adel Police Department,GA0370100,111,40,71,187,66,121,0,0,0,0,0,0,12,6,6,6,4,2,249,32,217,41,14,27,958,208,750,3,1,2,1248,254,994,31.152962,-83.429567
Georgia,COOK,Lenox Police Department,GA0370200,0,0,0,0,0,0,0,0,0,0,0,0,0,0,0,0,0,0,1,0,1,0,0,0,2,0,2,0,0,0,3,0,3,31.152962,-83.429567
Georgia,COOK,Sparks Police Department,GA0370300,43,15,28,68,22,46,2,1,1,0,0,0,6,2,4,2,1,1,123,8,115,16,5,11,295,42,253,3,1,2,434,55,379,31.152962,-83.429567
Georgia,COOK,Cecil,GA0370400,4,0,4,4,0,4,0,0,0,0,0,0,0,0,0,0,0,0,5,0,5,2,0,2,27,0,27,0,0,0,34,0,34,,
Georgia,COWETA,Coweta County Sheriff's Office,GA0380000,3702,1137,2565,4288,1275,3013,31,7,24,45,6,39,109,20,89,43,20,23,2104,376,1728,951,212,739,7525,1529,5996,317,44,273,10580,2117,8463,33.382137,-84.78246
Georgia,COWETA,Newnan Police Department,GA0380100,3232,935,2297,3656,1012,2644,49,12,37,4,0,4,62,10,52,32,12,20,1121,104,1017,554,66,488,7578,1384,6194,146,26,120,9253,1554,7699,33.352897,-84.762138
Georgia,COWETA,Grantville Police Department,GA0380200,138,42,96,159,43,116,0,0,0,1,0,1,1,0,1,3,0,3,81,8,73,40,6,34,288,29,259,14,1,13,409,43,366,33.352897,-84.762138
Georgia,COWETA,Senoia Police Department,GA0380300,6,2,4,18,7,11,0,0,0,0,0,0,4,1,3,2,1,1,36,6,30,13,4,9,209,32,177,3,1,2,258,42,216,33.352897,-84.762138
Georgia,CRAWFORD,Crawford County Sheriff's Office,GA0390000,203,79,124,258,87,171,7,3,4,0,0,0,23,3,20,10,2,8,517,105,412,172,31,141,1259,260,999,27,3,24,1948,396,1552,32.709428,-83.979187
Georgia,CRAWFORD,Roberta Police Department,GA0390100,6,2,4,10,4,6,0,0,0,0,0,0,0,0,0,0,0,0,5,1,4,0,0,0,40,11,29,0,0,0,45,12,33,32.709428,-83.979187
Georgia,CRISP,Crisp County Sheriff's Office,GA0400000,127,41,86,167,53,114,9,3,6,0,0,0,14,3,11,3,2,1,574,178,396,132,37,95,3018,1054,1964,18,4,14,3724,1269,2455,31.914753,-83.753338
Georgia,CRISP,Cordele Police Department,GA0400100,630,152,478,795,173,622,15,2,13,0,0,0,15,1,14,19,4,15,1030,213,817,196,29,167,4330,1133,3197,37,5,32,5556,1375,4181,31.973846,-83.782745
Georgia,DADE,Dade County Sheriff's Office,GA0410000,26,0,26,26,0,26,0,0,0,0,0,0,0,0,0,0,0,0,11,0,11,0,0,0,12,1,11,0,0,0,23,1,22,34.852424,-85.506201
Georgia,DADE,Trenton Police Department,GA0410100,12,5,7,15,7,8,0,0,0,0,0,0,0,0,0,0,0,0,36,11,25,20,10,10,228,93,135,0,0,0,284,114,170,34.852424,-85.506201
Georgia,DAWSON,Dawson County Sheriff's Office,GA0420000,333,133,200,421,151,270,11,2,9,0,0,0,32,5,27,5,1,4,433,39,394,167,6,161,2643,483,2160,43,7,36,3243,528,2715,34.422028,-84.12007
Georgia,DECATUR,Decatur County Sheriff's Office,GA0430000,374,110,264,498,153,345,11,3,8,0,0,0,24,5,19,15,8,7,675,129,546,151,35,116,1430,239,1191,66,19,47,2256,403,1853,30.908264,-84.59721
Georgia,DECATUR,Bainbridge Police Department,GA0430100,558,115,443,747,144,603,37,4,33,5,0,5,35,3,32,15,4,11,917,71,846,149,27,122,3580,665,2915,51,6,45,4646,763,3883,30.878091,-84.577894
Georgia,DECATUR,Attapulgus Police Department,GA0430200,4,2,2,4,2,2,0,0,0,0,0,0,0,0,0,0,0,0,0,0,0,0,0,0,8,4,4,0,0,0,8,4,4,30.878091,-84.577894
Georgia,DECATUR,Decatur County Schools,GA0430400,2,1,1,5,2,3,0,0,0,0,0,0,1,0,1,0,0,0,3,1,2,0,0,0,12,4,8,2,1,1,15,5,10,30.897661,-84.55789
Georgia,DECATUR,Bainbridge State College,GA0430900,0,0,0,0,0,0,0,0,0,0,0,0,0,0,0,0,0,0,0,0,0,0,0,0,0,0,0,0,0,0,0,0,0,30.901915,-84.52778
Georgia,DEKALB,DeKalb County Sheriff's Office,GA0440000,64,16,48,64,16,48,11,5,6,0,0,0,0,0,0,0,0,0,0,0,0,0,0,0,1,0,1,0,0,0,1,0,1,33.774567,-84.29654
Georgia,DEKALB,Decatur Police Department,GA0440100,220,70,150,479,150,329,15,4,11,0,0,0,25,6,19,15,6,9,579,60,519,330,28,302,4179,454,3725,31,8,23,5088,542,4546,33.773537,-84.30166
Georgia,DEKALB,DeKalb County Police Department,GA0440200,16385,1153,15232,27893,2206,25687,984,158,826,101,15,86,730,111,619,906,183,723,30419,1476,28943,23566,252,23314,95656,4438,91218,1294,187,1107,149641,6166,143475,33.77625,-84.24072
Georgia,DEKALB,Avondale Estates Police Department,GA0440300,15,9,6,40,22,18,0,0,0,0,0,0,0,0,0,0,0,0,105,46,59,37,21,16,539,263,276,3,1,2,681,330,351,33.775436,-84.26623
Georgia,DEKALB,Chamblee Police Department,GA0440400,1163,219,944,1644,266,1378,5,0,5,8,3,5,39,7,32,27,7,20,778,29,749,824,54,770,6910,1387,5523,62,9,53,8512,1470,7042,33.895386,-84.29837
Georgia,DEKALB,Clarkston Police Department,GA0440500,329,75,254,741,149,592,4,0,4,0,0,0,16,3,13,20,6,14,964,68,896,456,64,392,1990,137,1853,38,10,28,3410,269,3141,33.809055,-84.23962
Georgia,DEKALB,Doraville Police Department,GA0440600,302,91,211,577,131,446,4,1,3,0,0,0,16,2,14,6,1,5,515,43,472,593,34,559,3591,409,3182,18,2,16,4699,486,4213,33.90096,-84.27897
Georgia,DEKALB,Lithonia Police Department,GA0440700,59,22,37,83,31,52,0,0,0,0,0,0,0,0,0,2,0,2,123,54,69,106,43,63,335,137,198,2,1,1,564,234,330,33.710865,-84.10791
Georgia,DEKALB,Pine Lake Police Department,GA0440800,8,2,6,12,3,9,0,0,0,0,0,0,0,0,0,0,0,0,8,2,6,16,7,9,238,104,134,0,0,0,262,113,149,33.770661,-84.226343
Georgia,DEKALB,Stone Mountain Police Department,GA0440900,165,11,154,234,14,220,8,3,5,1,0,1,4,0,4,6,0,6,271,7,264,185,2,183,941,24,917,10,1,9,1397,33,1364,33.80639,-84.170364
Georgia,DEKALB,Stone Mountain Park Police,GA0441100,1,0,1,2,0,2,0,0,0,0,0,0,0,0,0,0,0,0,10,1,9,11,0,11,202,1,201,0,0,0,223,2,221,33.770661,-84.226343
Georgia,DEKALB,Agnes Scott College,GA044139E,0,0,0,1,0,1,0,0,0,0,0,0,0,0,0,0,0,0,14,1,13,4,0,4,76,1,75,1,0,1,94,2,92,33.769936,-84.29559
Georgia,DEKALB,Emory University,GA044149E,46,12,34,137,19,118,3,1,2,0,0,0,38,2,36,1,1,0,231,16,215,45,5,40,2521,49,2472,66,4,62,2797,70,2727,,
Georgia,DEKALB,DeKalb County School System,GA0445100,179,66,113,359,135,224,20,4,16,2,0,2,25,8,17,0,0,0,273,67,206,71,19,52,2205,450,1755,34,15,19,2549,536,2013,33.800564,-84.20196
Georgia,DEKALB,Georgia Piedmont Technical College,GA0445400,0,0,0,0,0,0,0,0,0,0,0,0,0,0,0,0,0,0,2,0,2,4,1,3,9,0,9,0,0,0,15,1,14,,
Georgia,DEKALB,Dunwoody  Police Department,GA0447100,588,202,386,983,295,688,6,2,4,6,0,6,37,8,29,27,13,14,1358,137,1221,837,128,709,17265,4839,12426,65,17,48,19460,5104,14356,33.770661,-84.226343
Georgia,DEKALB,Brookhaven Police Department,GA0447200,1261,387,874,2218,565,1653,48,9,39,0,0,0,78,17,61,33,12,21,1941,191,1750,1174,85,1089,9111,920,8191,133,30,103,12226,1196,11030,,
Georgia,DODGE,Dodge County Sheriff's Office,GA0450000,217,59,158,271,68,203,9,2,7,1,0,1,14,0,14,10,4,6,584,39,545,133,11,122,1042,72,970,17,0,17,1759,122,1637,32.200294,-83.17538
Georgia,DODGE,Eastman Police Department,GA0450100,307,49,258,412,63,349,5,1,4,2,1,1,15,2,13,5,2,3,479,27,452,89,14,75,2743,278,2465,28,4,24,3311,319,2992,32.160235,-83.156241
Georgia,DOOLY,Dooly County Sheriff's Office,GA0460000,53,27,26,57,28,29,3,1,2,0,0,0,0,0,0,0,0,0,81,5,76,48,2,46,309,10,299,0,0,0,438,17,421,32.151995,-83.807167
Georgia,DOOLY,Vienna Police Department,GA0460100,101,41,60,129,51,78,1,0,1,2,0,2,2,1,1,2,0,2,112,41,71,16,6,10,636,274,362,8,4,4,764,321,443,32.151995,-83.807167
Georgia,DOUGHERTY,Dougherty County Sheriff's Office,GA0470000,20,7,13,23,7,16,0,0,0,0,0,0,3,0,3,0,0,0,5,1,4,8,1,7,653,87,566,3,0,3,666,89,577,31.532588,-84.20904
Georgia,DOUGHERTY,Albany Police Department,GA0470100,6824,1609,5215,8742,2067,6675,198,33,165,1,0,1,194,42,152,222,98,124,6135,674,5461,2103,349,1754,21548,3322,18226,259,61,198,29786,4345,25441,31.532588,-84.20904
Georgia,DOUGHERTY,Dougherty County Police Department,GA0470200,286,82,204,379,101,278,4,0,4,0,0,0,13,4,9,6,2,4,721,79,642,236,31,205,1414,174,1240,24,6,18,2371,284,2087,31.532588,-84.20904
Georgia,DOUGHERTY,Albany State University,GA0470300,1,0,1,6,1,5,0,0,0,0,0,0,4,1,3,0,0,0,3,0,3,1,0,1,115,14,101,0,0,0,119,14,105,31.572027,-84.144394
Georgia,DOUGHERTY,Dougherty County Board of Education,GA0470500,85,22,63,107,29,78,5,2,3,0,0,0,2,1,1,1,0,1,63,28,35,3,0,3,277,79,198,12,4,8,343,107,236,31.532588,-84.20904
Georgia,DOUGHERTY,Albany-Dougherty Metropolitan Drug Squad,GA0470600,0,0,0,0,0,0,0,0,0,0,0,0,0,0,0,0,0,0,0,0,0,0,0,0,0,0,0,0,0,0,0,0,0,31.532588,-84.20904
Georgia,DOUGHERTY,Albany Technical College,GA0471100,0,0,0,0,0,0,0,0,0,0,0,0,0,0,0,0,0,0,0,0,0,0,0,0,8,0,8,0,0,0,8,0,8,,
Georgia,DOUGLAS,Douglas County Sheriff's Office,GA0480000,1325,315,1010,1743,378,1365,40,6,34,2,0,2,57,11,46,48,9,39,1906,116,1790,873,77,796,8823,722,8101,71,11,60,11602,915,10687,33.748375,-84.7535
Georgia,DOUGLAS,Douglasville Police Department,GA0480100,1746,482,1264,2284,578,1706,34,5,29,2,0,2,96,9,87,33,12,21,1313,83,1230,743,42,701,16636,3607,13029,111,13,98,18692,3732,14960,33.699317,-84.765944
Georgia,EARLY,Early County Sheriff's Office,GA0490000,167,67,100,195,72,123,1,0,1,0,0,0,3,0,3,4,2,2,223,31,192,50,6,44,423,68,355,23,3,20,696,105,591,31.324191,-84.906723
Georgia,EARLY,Blakely Police Department,GA0490100,465,163,302,516,173,343,1,0,1,0,0,0,7,0,7,4,1,3,254,39,215,53,14,39,777,150,627,19,2,17,1084,203,881,31.324191,-84.906723
Georgia,ECHOLS,Echols County Sheriff's Office,GA0500000,29,13,16,34,14,20,3,1,2,0,0,0,3,1,2,0,0,0,73,14,59,10,3,7,124,15,109,2,0,2,207,32,175,30.7085,-82.836132
Georgia,EFFINGHAM,Effingham County Sheriff's Office,GA0510000,358,127,231,459,144,315,14,3,11,0,0,0,27,2,25,6,2,4,1317,178,1139,389,69,320,1593,302,1291,35,3,32,3299,549,2750,32.361711,-81.343337
Georgia,EFFINGHAM,Guyton Police Department,GA0510100,31,11,20,43,15,28,0,0,0,0,0,0,4,1,3,1,0,1,29,6,23,12,1,11,148,53,95,2,0,2,189,60,129,32.361711,-81.343337
Georgia,EFFINGHAM,Rincon Police Department,GA0510200,154,52,102,206,61,145,7,1,6,0,0,0,10,2,8,1,0,1,290,58,232,56,10,46,1996,506,1490,21,2,19,2342,574,1768,32.361711,-81.343337
Georgia,EFFINGHAM,Springfield Police Department,GA0510300,57,24,33,72,30,42,1,0,1,1,0,1,3,0,3,2,1,1,192,77,115,24,8,16,420,155,265,6,2,4,636,240,396,32.361711,-81.343337
Georgia,ELBERT,Elbert County Sheriff's Office,GA0520000,182,60,122,222,66,156,4,0,4,0,0,0,7,0,7,3,1,2,537,61,476,112,24,88,1237,171,1066,22,4,18,1886,256,1630,34.116486,-82.841815
Georgia,ELBERT,Elberton Police Department,GA0520100,363,111,252,437,126,311,8,2,6,0,0,0,21,2,19,1,0,1,411,48,363,91,23,68,1561,286,1275,35,5,30,2063,357,1706,34.116486,-82.841815
Georgia,EMANUEL,Emanuel County Sheriff's Office,GA0530000,47,24,23,68,34,34,0,0,0,0,0,0,0,0,0,4,2,2,473,115,358,153,51,102,892,240,652,2,1,1,1518,406,1112,32.5911,-82.299763
Georgia,EMANUEL,Swainsboro Police Department,GA0530100,418,97,321,526,122,404,4,0,4,1,0,1,10,0,10,10,2,8,359,63,296,75,14,61,2246,294,1952,19,4,15,2680,371,2309,32.5911,-82.299763
Georgia,EMANUEL,Twin City Police Department,GA0530300,14,2,12,16,3,13,0,0,0,2,1,1,0,0,0,2,1,1,26,1,25,8,1,7,42,4,38,0,0,0,76,6,70,32.5911,-82.299763
Georgia,EMANUEL,Stillmore Police Department,GA0530500,0,0,0,0,0,0,0,0,0,0,0,0,0,0,0,0,0,0,0,0,0,0,0,0,0,0,0,0,0,0,0,0,0,32.5911,-82.299763
Georgia,EMANUEL,Oak Park Police Department,GA0530600,8,3,5,9,3,6,0,0,0,0,0,0,0,0,0,0,0,0,15,4,11,11,5,6,60,15,45,1,0,1,86,24,62,32.5911,-82.299763
Georgia,EMANUEL,East Georgia State College,GA0530700,0,0,0,3,3,0,0,0,0,0,0,0,0,0,0,0,0,0,5,0,5,0,0,0,28,5,23,3,3,0,33,5,28,,
Georgia,EVANS,Evans County Sheriff's Office,GA0540000,19,2,17,28,2,26,0,0,0,0,0,0,0,0,0,0,0,0,63,4,59,22,4,18,43,9,34,0,0,0,128,17,111,32.151902,-81.887618
Georgia,EVANS,Claxton Police Department,GA0540100,75,14,61,119,21,98,2,0,2,0,0,0,3,0,3,3,1,2,181,10,171,43,7,36,550,51,499,7,0,7,774,68,706,32.151902,-81.887618
Georgia,EVANS,Hagan Police Department,GA0540200,4,2,2,4,2,2,0,0,0,0,0,0,0,0,0,0,0,0,11,2,9,6,3,3,8,0,8,0,0,0,25,5,20,32.151902,-81.887618
Georgia,FANNIN,Fannin County Sheriff's Office,GA0550000,220,97,123,274,110,164,27,8,19,2,1,1,13,3,10,6,1,5,523,67,456,181,44,137,1155,230,925,37,9,28,1859,341,1518,34.864494,-84.32744
Georgia,FANNIN,McCaysville Police Department,GA0550100,1,1,0,1,1,0,0,0,0,0,0,0,0,0,0,0,0,0,5,2,3,1,0,1,6,2,4,0,0,0,12,4,8,34.866497,-84.31744
Georgia,FANNIN,Blue Ridge Police Department,GA0550200,28,8,20,32,8,24,0,0,0,0,0,0,0,0,0,0,0,0,13,0,13,6,0,6,83,13,70,0,0,0,102,13,89,34.866226,-84.32594
Georgia,FAYETTE,Fayette County Sheriff's Office,GA0560000,380,144,236,523,186,337,15,4,11,0,0,0,21,4,17,22,11,11,777,111,666,268,33,235,2439,319,2120,39,6,33,3484,463,3021,33.446476,-84.45227
Georgia,FAYETTE,Fayetteville Police Department,GA0560100,132,38,94,291,73,218,7,3,4,3,0,3,23,0,23,3,1,2,260,24,236,167,15,152,4952,1387,3565,36,4,32,5379,1426,3953,33.412717,-84.493941
Georgia,FAYETTE,Peachtree City Police Department,GA0560200,92,37,55,177,57,120,10,5,5,1,0,1,22,3,19,3,1,2,296,38,258,386,67,319,3959,894,3065,22,3,19,4641,999,3642,33.412717,-84.493941
Georgia,FAYETTE,Tyrone Police Department,GA0560300,48,21,27,76,30,46,0,0,0,0,0,0,2,1,1,0,0,0,75,14,61,48,10,38,546,116,430,1,1,0,669,140,529,33.478733,-84.594215
Georgia,FAYETTE,Fayette County Marshal,GA0560400,0,0,0,0,0,0,0,0,0,0,0,0,0,0,0,0,0,0,1,0,1,0,0,0,0,0,0,0,0,0,1,0,1,33.447628,-84.462875
Georgia,FLOYD,Floyd County Sheriff's Office,GA0570000,154,62,92,199,80,119,1,0,1,0,0,0,4,1,3,3,1,2,104,41,63,37,15,22,394,157,237,7,1,6,535,213,322,34.280457,-85.1429
Georgia,FLOYD,Floyd County Police Department,GA0570100,909,240,669,1251,334,917,60,7,53,108,40,68,85,7,78,23,8,15,1748,263,1485,837,164,673,5308,618,4690,191,58,133,7893,1045,6848,34.169235,-85.21126
Georgia,FLOYD,Rome Police Department,GA0570200,1581,449,1132,1986,507,1479,42,5,37,8,0,8,79,2,77,42,19,23,1340,56,1284,637,44,593,8251,1031,7220,80,2,78,10228,1131,9097,34.169235,-85.21126
Georgia,FLOYD,Cave Spring Police Department,GA0570300,27,12,15,29,12,17,1,0,1,0,0,0,0,0,0,0,0,0,52,9,43,12,2,10,99,9,90,1,0,1,163,20,143,34.263677,-85.21373
Georgia,FLOYD,Berry College,GA057069E,0,0,0,1,0,1,1,0,1,0,0,0,1,0,1,0,0,0,51,4,47,1,0,1,230,14,216,0,0,0,282,18,264,,
Georgia,FLOYD,Georgia Northwestern Technical College,GA0571400,0,0,0,0,0,0,0,0,0,0,0,0,0,0,0,0,0,0,1,0,1,0,0,0,6,1,5,0,0,0,7,1,6,,
Georgia,FORSYTH,Forsyth County Sheriff's Office,GA0580000,1129,416,713,1561,548,1013,10,3,7,2,1,1,146,25,121,35,22,13,1816,156,1660,780,119,661,10395,1541,8854,226,70,156,12991,1816,11175,34.225143,-84.127435
Georgia,FORSYTH,Cumming Police Department,GA0580100,28,10,18,46,13,33,0,0,0,0,0,0,8,2,6,0,0,0,180,13,167,69,11,58,1089,126,963,6,1,5,1338,150,1188,34.204327,-84.13951
Georgia,FORSYTH,Forsyth County Fire Investigation Unit,GA0580300,0,0,0,0,0,0,17,4,13,0,0,0,0,0,0,0,0,0,0,0,0,0,0,0,0,0,0,0,0,0,0,0,0,34.225143,-84.127435
Georgia,FRANKLIN,Franklin County Sheriff's Office,GA0590000,168,51,117,222,63,159,3,0,3,0,0,0,16,2,14,12,4,8,534,58,476,153,9,144,1162,138,1024,23,4,19,1849,205,1644,34.375155,-83.22729
Georgia,FRANKLIN,Lavonia Police Department,GA0590200,122,26,96,151,36,115,0,0,0,0,0,0,3,1,2,2,1,1,98,26,72,64,18,46,754,202,552,8,3,5,916,246,670,34.375155,-83.22729
Georgia,"FRANKLIN, HART, MADISON",Royston Police Department,GA0590300,14,7,7,25,12,13,0,0,0,0,0,0,2,1,1,0,0,0,20,3,17,7,3,4,179,67,112,8,4,4,206,73,133,34.375155,-83.22729
Georgia,"FRANKLIN, HART",Canon Police Department,GA0590400,4,2,2,4,2,2,0,0,0,0,0,0,0,0,0,0,0,0,2,0,2,1,0,1,12,3,9,0,0,0,15,3,12,34.375155,-83.22729
Georgia,FRANKLIN,Franklin Springs Police Department,GA0590500,2,0,2,4,0,4,0,0,0,0,0,0,0,0,0,0,0,0,4,0,4,4,0,4,27,0,27,1,0,1,35,0,35,34.375155,-83.22729
Georgia,FULTON,Fulton County Sheriff's Office,GA0600000,115,38,77,123,39,84,8,3,5,0,0,0,2,0,2,1,0,1,2,0,2,1,0,1,85,25,60,0,0,0,88,25,63,33.75036,-84.39012
Georgia,"CLAYTON, FULTON",College Park Police Department,GA0600100,1750,570,1180,2796,796,2000,25,4,21,0,0,0,59,10,49,108,48,60,1563,159,1404,1856,145,1711,6369,523,5846,72,20,52,9788,827,8961,33.653915,-84.451324
Georgia,FULTON,East Point Police Department,GA0600200,1184,192,992,2426,260,2166,6,0,6,0,0,0,44,2,42,90,10,80,2919,46,2873,2793,42,2751,14667,1457,13210,83,11,72,20379,1545,18834,33.681007,-84.44159
Georgia,FULTON,Hapeville Police Department,GA0600300,113,21,92,319,43,276,2,0,2,0,0,0,9,0,9,4,2,2,349,34,315,436,5,431,2799,84,2715,7,1,6,3584,123,3461,33.65863,-84.4165
Georgia,FULTON,Alpharetta Police Department,GA0600400,763,233,530,1002,284,718,11,2,9,4,1,3,37,6,31,14,6,8,806,62,744,359,35,324,8393,1216,7177,75,13,62,9558,1313,8245,33.790034,-84.468182
Georgia,FULTON,Roswell Police Department,GA0600500,1377,369,1008,1944,493,1451,35,7,28,8,0,8,110,18,92,39,18,21,1474,94,1380,907,111,796,10509,1503,9006,154,21,133,12890,1708,11182,34.021626,-84.35973
Georgia,FULTON,Union City Police Department,GA0600600,644,106,538,1217,262,955,26,0,26,0,0,0,26,12,14,36,13,23,1132,179,953,1612,299,1313,6644,567,6077,36,12,24,9388,1045,8343,33.57888,-84.551994
Georgia,FULTON,Fairburn Police Department,GA0600700,407,126,281,593,168,425,8,2,6,2,0,2,7,1,6,7,2,5,765,33,732,467,29,438,2936,242,2694,31,8,23,4168,304,3864,33.790034,-84.468182
Georgia,"COWETA, FULTON",Palmetto Police Department,GA0600800,78,25,53,137,44,93,3,1,2,0,0,0,2,0,2,9,3,6,193,30,163,110,17,93,590,113,477,5,3,2,893,160,733,33.790034,-84.468182
Georgia,FULTON,Georgia State University,GA0600900,61,29,32,206,80,126,7,3,4,0,0,0,8,2,6,0,0,0,53,16,37,50,7,43,1511,245,1266,27,10,17,1614,268,1346,33.754486,-84.38908
Georgia,FULTON,Georgia Institute of Technology,GA0601000,64,28,36,142,58,84,11,4,7,0,0,0,16,6,10,0,0,0,365,122,243,238,47,191,2199,383,1816,23,10,13,2802,552,2250,33.779533,-84.40235
Georgia,FULTON,Fulton County Police Department,GA0601300,2992,787,2205,4587,979,3608,33,7,26,9,3,6,58,12,46,94,30,64,3452,137,3315,3645,229,3416,14861,1771,13090,146,31,115,21958,2137,19821,33.751095,-84.39289
Georgia,FULTON,Department of Transportation Office of Investigations,GA0602000,0,0,0,0,0,0,0,0,0,0,0,0,0,0,0,0,0,0,0,0,0,0,0,0,0,0,0,0,0,0,0,0,0,33.746944,-84.39647
Georgia,FULTON,Metropolitan Atlanta Rapid Transit Authority,GA0602100,1238,465,773,1823,671,1152,54,14,40,0,0,0,13,6,7,21,10,11,27,4,23,211,15,196,2139,443,1696,12,6,6,2377,462,1915,33.821636,-84.367455
Georgia,FULTON,Hartsfield-Jackson Atlanta International Airport,GA060240X,73,26,47,86,29,57,0,0,0,0,0,0,0,0,0,0,0,0,10,2,8,622,72,550,1712,155,1557,4,2,2,2344,229,2115,,
Georgia,FULTON,Fulton County Marshal,GA0602700,34,12,22,38,14,24,0,0,0,0,0,0,0,0,0,2,1,1,2,1,1,58,29,29,249,126,123,0,0,0,309,156,153,33.752655,-84.38997
Georgia,FULTON,Clark Atlanta University,GA060309E,15,4,11,45,6,39,0,0,0,0,0,0,0,0,0,0,0,0,40,5,35,10,1,9,243,6,237,2,1,1,293,12,281,33.747498,-84.41283
Georgia,FULTON,Spelman College,GA060369E,2,0,2,2,0,2,0,0,0,0,0,0,0,0,0,0,0,0,18,0,18,1,0,1,74,1,73,0,0,0,93,1,92,,
Georgia,FULTON,Fulton County School System,GA0603700,129,57,72,174,72,102,15,5,10,2,1,1,14,4,10,0,0,0,175,44,131,61,11,50,959,223,736,21,6,15,1195,278,917,33.681316,-84.41437
Georgia,FULTON,Georgia World Congress,GA0603800,15,3,12,29,5,24,0,0,0,0,0,0,0,0,0,0,0,0,14,1,13,27,4,23,1313,76,1237,0,0,0,1354,81,1273,33.759632,-84.382416
Georgia,FULTON,Atlanta Metropolitan State College,GA0604200,6,2,4,7,2,5,0,0,0,0,0,0,0,0,0,0,0,0,2,0,2,0,0,0,74,20,54,0,0,0,76,20,56,33.70959,-84.40797
Georgia,FULTON,Morehouse College,GA0604400,5,0,5,22,1,21,0,0,0,0,0,0,2,0,2,0,0,0,167,1,166,19,0,19,430,1,429,2,0,2,616,2,614,33.790034,-84.468182
Georgia,FULTON,Morris Brown College,GA060459E,0,0,0,0,0,0,0,0,0,0,0,0,0,0,0,0,0,0,0,0,0,0,0,0,0,0,0,0,0,0,0,0,0,33.75472,-84.40874
Georgia,FULTON,State Board of Workers Compensation Fraud Investigation Division,GA060495Y,0,0,0,0,0,0,0,0,0,0,0,0,0,0,0,0,0,0,0,0,0,0,0,0,0,0,0,0,0,0,0,0,0,,
Georgia,FULTON,Atlanta Public Schools,GA0605400,202,100,102,458,185,273,34,9,25,2,0,2,80,19,61,0,0,0,299,59,240,135,22,113,1729,271,1458,143,42,101,2163,352,1811,33.748756,-84.391945
Georgia,FULTON,Sandy Springs Police Department,GA0605600,1018,370,648,1725,534,1191,51,10,41,1,0,1,113,25,88,46,20,26,2695,158,2537,1470,157,1313,13854,1321,12533,127,30,97,18019,1636,16383,33.925224,-84.359856
Georgia,FULTON,Milton Police Department,GA0605700,102,25,77,185,54,131,6,2,4,2,0,2,21,8,13,4,1,3,299,31,268,75,12,63,2561,631,1930,41,10,31,2935,674,2261,34.10218,-84.26602
Georgia,FULTON,Johns Creek Police Department,GA0605800,231,98,133,353,127,226,14,1,13,0,0,0,19,4,15,10,4,6,642,46,596,160,15,145,3498,400,3098,24,5,19,4300,461,3839,33.790034,-84.468182
Georgia,FULTON,Chattahoochee Hills Police Department,GA0605900,8,2,6,17,6,11,0,0,0,0,0,0,0,0,0,0,0,0,74,23,51,20,9,11,152,21,131,5,3,2,246,53,193,33.579945,-84.76857
Georgia,FULTON,Morehouse School of Medicine,GA0606200,0,0,0,0,0,0,0,0,0,0,0,0,0,0,0,0,0,0,0,0,0,0,0,0,0,0,0,0,0,0,0,0,0,33.743107,-84.41023
Georgia,FULTON,South Fulton,GA0607200,3926,1030,2896,4472,1129,3343,40,5,35,5,2,3,63,5,58,129,51,78,860,42,818,1875,41,1834,6252,539,5713,99,16,83,8987,622,8365,,
Georgia,FULTON,Atlanta Technical College,GA0609900,0,0,0,0,0,0,0,0,0,0,0,0,0,0,0,0,0,0,0,0,0,0,0,0,12,1,11,0,0,0,12,1,11,,
Georgia,GILMER,Gilmer County Sheriff's Office,GA0610000,635,196,439,773,222,551,10,3,7,0,0,0,44,9,35,14,5,9,856,125,731,289,47,242,1790,195,1595,90,14,76,2935,367,2568,34.695786,-84.483925
Georgia,GILMER,Ellijay Police Department,GA0610100,33,10,23,43,13,30,0,0,0,0,0,0,3,0,3,0,0,0,48,5,43,20,4,16,305,45,260,6,3,3,373,54,319,34.690541,-84.453984
Georgia,GILMER,East Ellijay Police Department,GA0610300,26,5,21,31,5,26,0,0,0,0,0,0,2,0,2,0,0,0,19,2,17,20,2,18,922,218,704,0,0,0,961,222,739,34.690541,-84.453984
Georgia,GLASCOCK,Glascock County Sheriff's Office,GA0620000,29,8,21,34,8,26,0,0,0,0,0,0,2,0,2,0,0,0,52,9,43,34,9,25,113,10,103,3,0,3,199,28,171,33.227491,-82.606913
Georgia,GLYNN,Glynn County Sheriff's Office,GA0630000,0,0,0,0,0,0,0,0,0,0,0,0,0,0,0,0,0,0,0,0,0,0,0,0,0,0,0,0,0,0,0,0,0,31.212746,-81.496517
Georgia,GLYNN,Brunswick Police Department,GA0630100,866,198,668,1220,248,972,12,2,10,0,0,0,18,3,15,15,1,14,1215,103,1112,342,28,314,3802,430,3372,31,1,30,5359,561,4798,31.146036,-81.49548
Georgia,GLYNN,Glynn County Police Department,GA0630200,1538,382,1156,2168,473,1695,45,12,33,20,1,19,118,8,110,34,13,21,2732,248,2484,1059,87,972,10157,1279,8878,229,22,207,13948,1614,12334,31.212746,-81.496517
Georgia,GLYNN,College of Coastal Georgia,GA0630300,5,2,3,12,5,7,4,2,2,0,0,0,4,1,3,0,0,0,19,4,15,3,0,3,118,13,105,6,2,4,140,17,123,31.212746,-81.496517
Georgia,GLYNN,Glynn County School System,GA0630600,42,19,23,51,21,30,0,0,0,0,0,0,2,0,2,0,0,0,18,5,13,4,1,3,290,95,195,3,0,3,312,101,211,31.212746,-81.496517
Georgia,GORDON,Gordon County Sheriff's Office,GA0640000,933,243,690,1112,303,809,3,0,3,3,1,2,40,8,32,16,7,9,1157,229,928,434,89,345,3893,1135,2758,113,39,74,5484,1453,4031,34.509667,-84.873862
Georgia,GORDON,Calhoun Police Department,GA0640100,566,209,357,671,238,433,3,1,2,3,0,3,18,3,15,3,1,2,929,335,594,207,61,146,4888,1646,3242,42,6,36,6024,2042,3982,34.50379,-84.95111
Georgia,GORDON,Fairmount Police Department,GA0640200,4,2,2,4,2,2,0,0,0,0,0,0,0,0,0,0,0,0,4,0,4,9,1,8,36,1,35,0,0,0,49,2,47,34.509667,-84.873862
Georgia,GRADY,Grady County Sheriff's Office,GA0650000,248,50,198,289,56,233,1,0,1,0,0,0,14,3,11,5,2,3,525,38,487,198,36,162,937,76,861,21,1,20,1660,150,1510,30.875891,-84.245066
Georgia,GRADY,Cairo Police Department,GA0650100,204,66,138,299,88,211,1,0,1,0,0,0,10,1,9,12,4,8,457,70,387,129,28,101,2380,706,1674,14,2,12,2966,804,2162,30.875891,-84.245066
Georgia,GRADY,Whigham Police Department,GA0650200,0,0,0,0,0,0,0,0,0,0,0,0,0,0,0,0,0,0,4,2,2,2,1,1,10,3,7,0,0,0,16,6,10,30.875891,-84.245066
Georgia,GRADY,Grady County Schools,GA0650500,0,0,0,0,0,0,0,0,0,0,0,0,0,0,0,0,0,0,0,0,0,0,0,0,2,0,2,0,0,0,2,0,2,,
Georgia,GREENE,Greene County Sheriff's Office,GA0660000,202,65,137,235,78,157,1,0,1,0,0,0,2,0,2,8,3,5,263,62,201,83,16,67,880,182,698,13,4,9,1226,260,966,33.57232,-83.19265
Georgia,GREENE,Greensboro Police Department,GA0660100,140,41,99,173,50,123,3,1,2,0,0,0,11,4,7,2,0,2,115,19,96,51,9,42,662,125,537,6,2,4,828,153,675,33.573967,-83.17531
Georgia,GWINNETT,Gwinnett County Police Department,GA0670200,9187,4152,5035,13189,4443,8746,296,68,228,51,1,50,263,11,252,135,18,117,11458,426,11032,6183,186,5997,47320,3338,43982,846,47,799,64961,3950,61011,33.986275,-83.97262
Georgia,GWINNETT,Lawrenceville Police Department,GA0670300,496,171,325,785,216,569,13,5,8,4,1,3,30,4,26,18,8,10,762,36,726,364,38,326,5198,1001,4197,40,4,36,6324,1075,5249,33.959099,-84.022949
Georgia,GWINNETT,Duluth Police Department,GA0670500,412,75,337,538,93,445,9,5,4,1,0,1,26,5,21,7,3,4,532,35,497,240,21,219,4093,903,3190,36,7,29,4865,959,3906,33.994205,-84.15061
Georgia,GWINNETT,Lilburn Police Department,GA0670600,213,64,149,375,101,274,0,0,0,1,0,1,10,1,9,11,5,6,441,49,392,256,28,228,3597,943,2654,16,5,11,4294,1020,3274,33.88617,-84.13467
Georgia,GWINNETT,Norcross Police Department,GA0670700,522,149,373,816,183,633,5,0,5,0,0,0,33,3,30,13,4,9,661,25,636,419,15,404,3146,131,3015,37,2,35,4226,171,4055,33.942646,-84.211174
Georgia,GWINNETT,Snellville Police Department,GA0670800,521,197,324,663,237,426,6,1,5,3,0,3,19,5,14,6,1,5,336,37,299,248,50,198,5794,1364,4430,23,3,20,6378,1451,4927,33.83367,-84.00958
Georgia,GWINNETT,Suwanee Police Department,GA0670900,194,67,127,339,90,249,10,3,7,2,0,2,30,2,28,2,0,2,625,128,497,178,18,160,3686,719,2967,64,8,56,4489,865,3624,33.959099,-84.022949
Georgia,GWINNETT,Gwinnett County Public Schools,GA0671000,167,79,88,399,174,225,26,11,15,35,13,22,27,7,20,0,0,0,54,14,40,19,6,13,1774,424,1350,180,71,109,1847,444,1403,33.959099,-84.022949
Georgia,GWINNETT,Georgia Gwinnett College,GA0671700,20,6,14,24,7,17,0,0,0,0,0,0,0,0,0,0,0,0,8,1,7,1,0,1,221,4,217,3,1,2,230,5,225,33.959099,-84.022949
Georgia,GWINNETT,Gwinnett Technical College,GA0671800,2,1,1,2,1,1,0,0,0,0,0,0,0,0,0,0,0,0,0,0,0,0,0,0,20,3,17,0,0,0,20,3,17,33.959099,-84.022949
Georgia,HABERSHAM,Habersham County Sheriff's Office,GA0680000,282,87,195,387,99,288,4,1,3,9,3,6,44,2,42,5,2,3,940,105,835,260,46,214,1595,163,1432,61,3,58,2795,314,2481,34.612965,-83.5331
Georgia,HABERSHAM,Cornelia Police Department,GA0680100,87,36,51,100,40,60,7,3,4,0,0,0,7,3,4,1,0,1,151,55,96,30,12,18,1274,541,733,1,0,1,1455,608,847,34.635108,-83.526406
Georgia,HABERSHAM,Clarkesville Police Department,GA0680200,29,3,26,34,4,30,0,0,0,0,0,0,1,0,1,1,0,1,42,1,41,8,1,7,152,12,140,0,0,0,202,14,188,34.635108,-83.526406
Georgia,HABERSHAM,Demorest Police Department,GA0680300,12,3,9,16,3,13,0,0,0,0,0,0,1,0,1,0,0,0,32,1,31,7,2,5,87,3,84,4,0,4,126,6,120,34.635108,-83.526406
Georgia,HABERSHAM,Mount Airy Police Department,GA0680400,8,4,4,8,4,4,0,0,0,0,0,0,0,0,0,0,0,0,7,0,7,7,2,5,16,2,14,0,0,0,30,4,26,34.635108,-83.526406
Georgia,"BANKS, HABERSHAM",Baldwin Police Department,GA0680500,32,13,19,45,16,29,2,1,1,0,0,0,5,0,5,0,0,0,82,10,72,3,0,3,224,58,166,1,0,1,309,68,241,34.635108,-83.526406
Georgia,HABERSHAM,Piedmont College ,GA068089E,0,0,0,0,0,0,0,0,0,0,0,0,0,0,0,0,0,0,0,0,0,0,0,0,1,0,1,0,0,0,1,0,1,,
Georgia,"BANKS, HABERSHAM",Alto Police Department,GA0680900,6,2,4,8,2,6,0,0,0,0,0,0,1,0,1,0,0,0,31,19,12,12,5,7,71,27,44,2,0,2,114,51,63,34.635108,-83.526406
Georgia,HABERSHAM,North Georgia Technical College,GA0681000,0,0,0,0,0,0,0,0,0,0,0,0,0,0,0,0,0,0,0,0,0,0,0,0,1,1,0,0,0,0,1,1,0,,
Georgia,HALL,Hall County Sheriff's Office,GA0690000,2588,1085,1503,3419,1379,2040,131,30,101,2,0,2,280,93,187,72,33,39,3017,409,2608,1931,422,1509,9924,1532,8392,428,152,276,14872,2363,12509,34.317588,-83.818497
Georgia,HALL,Gainesville Police Department,GA0690100,1391,462,929,1992,599,1393,60,12,48,2,1,1,113,27,86,33,13,20,1438,152,1286,898,142,756,10248,2316,7932,145,21,124,12584,2610,9974,34.29682,-83.82664
Georgia,HALL,Flowery Branch Police Department,GA0690300,85,23,62,110,27,83,1,0,1,1,0,1,15,2,13,1,0,1,137,14,123,21,2,19,891,161,730,16,4,12,1049,177,872,34.317588,-83.818497
Georgia,HALL,Oakwood Police Department,GA0690400,411,9,402,578,16,562,5,2,3,0,0,0,3,1,2,1,0,1,658,31,627,326,25,301,6614,609,6005,5,2,3,7598,665,6933,34.317588,-83.818497
Georgia,HALL,Hall County Marshal,GA0690600,0,0,0,0,0,0,0,0,0,0,0,0,0,0,0,0,0,0,0,0,0,0,0,0,0,0,0,0,0,0,0,0,0,34.317588,-83.818497
Georgia,HANCOCK,Hancock County Sheriff's Office,GA0700000,132,33,99,151,35,116,3,1,2,0,0,0,4,0,4,0,0,0,140,3,137,68,6,62,400,10,390,11,2,9,608,19,589,33.355064,-82.81339
Georgia,HANCOCK,Sparta Police Department,GA0700100,46,13,33,57,15,42,0,0,0,0,0,0,0,0,0,0,0,0,52,2,50,4,0,4,133,19,114,0,0,0,189,21,168,33.27567,-82.97485
Georgia,HARALSON,Haralson County Sheriff's Office,GA0710000,950,196,754,1046,216,830,16,2,14,1,0,1,24,3,21,14,5,9,945,62,883,439,57,382,1987,180,1807,53,9,44,3371,299,3072,33.795165,-85.220062
Georgia,"CARROLL, HARALSON",Bremen Police Department,GA0710100,121,43,78,153,50,103,0,0,0,0,0,0,11,2,9,2,1,1,227,33,194,103,21,82,2043,525,1518,10,1,9,2373,579,1794,33.795165,-85.220062
Georgia,HARALSON,Tallapoosa Police Department,GA0710200,124,33,91,146,37,109,2,1,1,1,0,1,5,0,5,0,0,0,263,96,167,59,4,55,595,98,497,4,0,4,917,198,719,33.795165,-85.220062
Georgia,HARALSON,Buchanan Police Department,GA0710300,30,3,27,35,4,31,0,0,0,0,0,0,3,1,2,0,0,0,58,3,55,21,2,19,207,25,182,0,0,0,286,30,256,33.795165,-85.220062
Georgia,HARALSON,West Georgia Technical College,GA0710500,0,0,0,0,0,0,0,0,0,0,0,0,0,0,0,0,0,0,3,1,2,2,1,1,106,8,98,0,0,0,111,10,101,33.795165,-85.220062
Georgia,HARRIS,Harris County Sheriff's Office,GA0720000,188,60,128,215,65,150,2,0,2,0,0,0,8,2,6,1,0,1,438,111,327,129,36,93,1034,235,799,7,1,6,1601,382,1219,32.731549,-84.912432
Georgia,"HARRIS, MERIWETHER",Pine Mountain Police Department,GA0720100,36,10,26,44,10,34,0,0,0,0,0,0,0,0,0,0,0,0,56,7,49,29,6,23,251,27,224,2,0,2,336,40,296,32.731549,-84.912432
Georgia,HARRIS,Waverly Hall Police Department,GA0720200,8,4,4,8,4,4,0,0,0,0,0,0,0,0,0,0,0,0,9,0,9,2,0,2,15,2,13,0,0,0,26,2,24,32.731549,-84.912432
Georgia,HARRIS,Shiloh Police Department,GA0720300,2,1,1,2,1,1,0,0,0,0,0,0,0,0,0,0,0,0,4,1,3,0,0,0,21,7,14,0,0,0,25,8,17,32.731549,-84.912432
Georgia,HARRIS,Hamilton Police Department,GA0720400,0,0,0,0,0,0,0,0,0,0,0,0,0,0,0,0,0,0,2,1,1,0,0,0,1,0,1,0,0,0,3,1,2,32.731549,-84.912432
Georgia,HART,Hart County Sheriff's Office,GA0730000,595,170,425,658,179,479,8,3,5,0,0,0,21,1,20,10,5,5,590,56,534,147,25,122,1606,166,1440,36,3,33,2343,247,2096,34.348733,-82.96329
Georgia,HART,Hartwell Police Department,GA0730100,209,51,158,245,62,183,1,0,1,0,0,0,1,0,1,5,1,4,199,34,165,72,24,48,2636,941,1695,4,2,2,2907,999,1908,34.352123,-82.93033
Georgia,HEARD,Heard County Sheriff's Office,GA0740000,220,103,117,245,112,133,13,4,9,0,0,0,4,2,2,7,3,4,269,48,221,182,41,141,610,86,524,8,3,5,1061,175,886,33.290968,-85.139594
Georgia,HEARD,Franklin Police Department,GA0740100,15,6,9,23,8,15,2,1,1,0,0,0,4,1,3,0,0,0,12,2,10,14,6,8,229,48,181,3,1,2,255,56,199,33.290968,-85.139594
Georgia,HENRY,Henry County Sheriff's Office,GA0750000,14,0,14,19,2,17,0,0,0,0,0,0,0,0,0,0,0,0,6,2,4,1,0,1,505,66,439,0,0,0,512,68,444,33.42272,-84.17133
Georgia,HENRY,McDonough Police Department,GA0750100,552,172,380,835,237,598,21,4,17,0,0,0,43,8,35,20,9,11,803,90,713,557,67,490,5917,1328,4589,70,15,55,7277,1485,5792,33.44694,-84.14254
Georgia,HENRY,Hampton Police Department,GA0750300,88,22,66,126,33,93,4,2,2,1,0,1,7,2,5,1,0,1,101,13,88,52,4,48,612,108,504,11,4,7,765,125,640,33.452881,-84.15444
Georgia,HENRY,Locust Grove Police Department,GA0750400,57,10,47,107,19,88,0,0,0,0,0,0,10,0,10,5,2,3,225,23,202,112,12,100,2876,635,2241,17,1,16,3213,670,2543,33.452881,-84.15444
Georgia,HENRY,Henry County Police Department,GA0750500,2278,742,1536,3499,997,2502,53,7,46,0,0,0,207,47,160,63,22,41,4505,340,4165,2857,301,2556,18903,2832,16071,364,82,282,26265,3473,22792,33.452881,-84.15444
Georgia,HOUSTON,Houston County Sheriff's Office,GA0760000,617,219,398,790,284,506,5,1,4,0,0,0,19,8,11,13,8,5,1181,342,839,410,130,280,5754,1890,3864,58,25,33,7345,2362,4983,32.598057,-83.6651
Georgia,"HOUSTON, PEACH",Perry Police Department,GA0760100,320,113,207,447,171,276,16,5,11,0,0,0,11,4,7,9,4,5,570,296,274,260,80,180,3646,1707,1939,29,13,16,4476,2083,2393,32.458381,-83.662856
Georgia,"HOUSTON, PEACH",Warner Robins Police Department,GA0760200,3867,1275,2592,5425,1683,3742,176,49,127,7,2,5,184,47,137,79,33,46,5807,619,5188,2298,483,1815,28450,6012,22438,305,79,226,36555,7114,29441,32.458381,-83.662856
Georgia,HOUSTON,Centerville Police Department,GA0760300,228,104,124,276,124,152,7,2,5,0,0,0,7,3,4,1,0,1,362,152,210,134,42,92,2690,1160,1530,2,1,1,3186,1354,1832,32.630127,-83.68969
Georgia,IRWIN,Irwin County Sheriff's Office,GA0770000,80,24,56,99,27,72,7,0,7,0,0,0,5,1,4,3,1,2,179,12,167,86,16,70,547,41,506,5,0,5,812,69,743,31.591131,-83.25055
Georgia,IRWIN,Ocilla Police Department,GA0770100,157,38,119,196,42,154,9,1,8,0,0,0,12,1,11,6,2,4,127,10,117,51,5,46,707,87,620,4,0,4,885,102,783,31.591131,-83.25055
Georgia,JACKSON,Jackson County Sheriff's Office,GA0780000,646,226,420,795,280,515,19,4,15,0,0,0,41,15,26,12,6,6,936,132,804,463,130,333,4400,849,3551,88,32,56,5799,1111,4688,34.134157,-83.565133
Georgia,JACKSON,Commerce Police Department,GA0780100,170,33,137,192,38,154,2,0,2,0,0,0,1,0,1,1,0,1,157,43,114,61,14,47,682,188,494,4,0,4,900,245,655,34.134157,-83.565133
Georgia,JACKSON,Jefferson Police Department,GA0780200,84,29,55,125,38,87,2,0,2,0,0,0,6,1,5,2,0,2,232,40,192,106,19,87,1152,153,999,6,0,6,1490,212,1278,34.11839,-83.57744
Georgia,"BANKS, JACKSON",Maysville Police Department,GA0780300,10,5,5,13,6,7,1,0,1,0,0,0,0,0,0,0,0,0,21,4,17,9,2,7,93,13,80,2,1,1,123,19,104,34.351922,-83.498441
Georgia,JACKSON,Arcade Police Department,GA0780400,36,10,26,47,13,34,1,0,1,0,0,0,2,1,1,1,0,1,67,4,63,28,6,22,208,27,181,6,2,4,303,37,266,34.134157,-83.565133
Georgia,JACKSON,Hoschton Police Department,GA0780500,0,0,0,0,0,0,0,0,0,0,0,0,0,0,0,0,0,0,0,0,0,0,0,0,0,0,0,0,0,0,0,0,0,34.134157,-83.565133
Georgia,"BARROW, GWINNETT, HALL, JACKSON",Braselton Police Department,GA0780600,62,20,42,110,38,72,6,3,3,0,0,0,17,6,11,5,3,2,154,24,130,123,22,101,782,135,647,11,3,8,1059,181,878,34.134157,-83.565133
Georgia,JACKSON,Pendergrass  Police Department,GA0780900,0,0,0,0,0,0,0,0,0,0,0,0,0,0,0,0,0,0,2,0,2,4,1,3,15,1,14,0,0,0,21,2,19,34.134157,-83.565133
Georgia,JASPER,Jasper County Sheriff's Office,GA0790000,512,124,388,553,133,420,17,3,14,0,0,0,20,6,14,1,0,1,365,67,298,158,38,120,1273,287,986,24,6,18,1796,392,1404,33.318128,-83.689505
Georgia,JASPER,Monticello Police Department,GA0790100,0,0,0,0,0,0,0,0,0,0,0,0,0,0,0,0,0,0,0,0,0,0,0,0,0,0,0,0,0,0,0,0,0,33.318128,-83.689505
Georgia,JEFF DAVIS,Jeff Davis County Sheriff's Office,GA0800000,224,89,135,246,96,150,4,2,2,0,0,0,8,3,5,3,1,2,314,119,195,120,36,84,869,318,551,5,0,5,1303,473,830,31.811615,-82.636825
Georgia,JEFF DAVIS,Hazlehurst Police Department,GA0800100,161,58,103,188,66,122,4,2,2,0,0,0,4,1,3,3,0,3,367,135,232,86,27,59,1667,542,1125,11,3,8,2120,704,1416,31.867207,-82.599304
Georgia,JEFFERSON,Jefferson County Sheriff's Office,GA0810000,296,62,234,325,65,260,8,3,5,0,0,0,11,1,10,2,1,1,297,16,281,101,19,82,453,19,434,15,2,13,851,54,797,33.051874,-82.41905
Georgia,JEFFERSON,Louisville Police Department,GA0810100,81,20,61,103,20,83,2,0,2,0,0,0,3,0,3,1,0,1,154,14,140,22,2,20,500,61,439,2,0,2,676,77,599,33.051874,-82.41905
Georgia,JEFFERSON,Wadley Police Department,GA0810200,62,10,52,80,15,65,0,0,0,0,0,0,6,2,4,0,0,0,107,13,94,10,1,9,212,27,185,6,0,6,329,41,288,33.051874,-82.41905
Georgia,JEFFERSON,Wrens Police Department,GA0810300,70,28,42,97,35,62,3,1,2,0,0,0,4,1,3,3,1,2,152,24,128,28,7,21,269,44,225,0,0,0,449,75,374,33.051874,-82.41905
Georgia,JEFFERSON,Bartow Police Department,GA0810400,0,0,0,0,0,0,0,0,0,0,0,0,0,0,0,0,0,0,0,0,0,0,0,0,0,0,0,0,0,0,0,0,0,33.051874,-82.41905
Georgia,JEFFERSON,Stapleton Police Department,GA0810500,0,0,0,0,0,0,0,0,0,0,0,0,0,0,0,0,0,0,0,0,0,0,0,0,0,0,0,0,0,0,0,0,0,33.051874,-82.41905
Georgia,JENKINS,Jenkins County Sheriff's Office,GA0820000,20,7,13,32,10,22,1,0,1,0,0,0,5,1,4,0,0,0,32,3,29,22,0,22,79,2,77,12,3,9,133,5,128,32.794563,-81.971524
Georgia,JENKINS,Millen Police Department,GA0820100,130,14,116,158,22,136,3,0,3,0,0,0,6,0,6,2,1,1,142,18,124,32,5,27,416,42,374,9,1,8,590,65,525,32.794563,-81.971524
Georgia,JOHNSON,Johnson County Sheriff's Office,GA0830000,42,14,28,44,15,29,0,0,0,0,0,0,1,1,0,0,0,0,60,15,45,10,3,7,96,13,83,0,0,0,166,31,135,32.74063,-82.70671
Georgia,JOHNSON,Wrightsville Police Department,GA0830100,0,0,0,1,0,1,0,0,0,0,0,0,1,0,1,0,0,0,0,0,0,0,0,0,0,0,0,0,0,0,0,0,0,32.72852,-82.731895
Georgia,"EMANUEL, JOHNSON",Adrian Police Department,GA0830200,2,1,1,2,1,1,0,0,0,0,0,0,0,0,0,0,0,0,1,0,1,0,0,0,0,0,0,0,0,0,1,0,1,32.689831,-82.661354
Georgia,JONES,Jones County Sheriff's Office,GA0840000,323,127,196,395,143,252,20,5,15,0,0,0,19,2,17,4,1,3,749,134,615,300,63,237,1963,383,1580,22,3,19,3012,580,2432,33.020226,-83.562339
Georgia,JONES,Gray Police Department,GA0840100,56,22,34,70,27,43,4,2,2,0,0,0,3,1,2,3,1,2,86,29,57,14,4,10,658,216,442,3,0,3,758,249,509,33.020226,-83.562339
Georgia,LAMAR,Lamar County Sheriff's Office,GA0850000,145,61,84,169,66,103,1,0,1,0,0,0,8,1,7,4,2,2,210,26,184,165,23,142,573,34,539,12,2,10,948,83,865,33.042313,-84.17383
Georgia,LAMAR,Barnesville Police Department,GA0850100,215,47,168,250,54,196,13,6,7,1,0,1,11,1,10,1,0,1,279,102,177,58,25,33,1415,428,987,6,2,4,1752,555,1197,33.07446,-84.146721
Georgia,LAMAR,Gordon State College,GA0850300,4,2,2,17,4,13,0,0,0,0,0,0,4,0,4,0,0,0,28,6,22,2,1,1,100,13,87,7,1,6,130,20,110,33.044018,-84.15348
Georgia,LANIER,Lanier County Sheriff's Office,GA0860000,220,57,163,255,68,187,1,0,1,0,0,0,14,4,10,4,2,2,301,83,218,88,19,69,863,203,660,11,3,8,1252,305,947,31.038197,-83.063164
Georgia,LANIER,Lakeland Police Department,GA0860100,56,11,45,99,18,81,3,1,2,0,0,0,16,1,15,3,1,2,103,17,86,41,8,33,244,31,213,9,2,7,388,56,332,31.038197,-83.063164
Georgia,LANIER,Lanier County Board of Education,GA0860200,0,0,0,0,0,0,0,0,0,0,0,0,0,0,0,0,0,0,0,0,0,0,0,0,0,0,0,0,0,0,0,0,0,,
Georgia,LAURENS,Laurens County Sheriff's Office,GA0870000,759,256,503,930,305,625,16,4,12,0,0,0,39,12,27,28,13,15,1258,179,1079,460,68,392,2733,375,2358,79,20,59,4451,622,3829,32.49778,-82.921265
Georgia,LAURENS,Dublin Police Department,GA0870100,459,100,359,723,147,576,1,0,1,0,0,0,16,0,16,34,15,19,904,82,822,172,18,154,3349,582,2767,14,0,14,4425,682,3743,32.39322,-82.926317
Georgia,LAURENS,East Dublin Police Department,GA0870200,0,0,0,0,0,0,0,0,0,0,0,0,0,0,0,0,0,0,0,0,0,0,0,0,0,0,0,0,0,0,0,0,0,32.547714,-82.870766
Georgia,LEE,Lee County Sheriff's Office,GA0880000,396,113,283,551,136,415,7,3,4,1,0,1,54,5,49,4,1,3,834,117,717,261,35,226,3915,867,3048,71,7,64,5010,1019,3991,31.818419,-84.146681
Georgia,LEE,Leesburg Police Department,GA0880100,9,2,7,11,2,9,0,0,0,0,0,0,1,0,1,0,0,0,19,0,19,12,0,12,73,1,72,2,0,2,104,1,103,31.818419,-84.146681
Georgia,LIBERTY,Liberty County Sheriff's Office,GA0890000,507,23,484,571,36,535,8,1,7,0,0,0,10,3,7,7,1,6,402,58,344,143,10,133,1007,140,867,8,2,6,1552,208,1344,31.807296,-81.457864
Georgia,LIBERTY,Hinesville Police Department,GA0890100,1157,256,901,1528,353,1175,63,26,37,9,1,8,41,7,34,22,8,14,1179,153,1026,297,42,255,6273,920,5353,121,29,92,7749,1115,6634,31.846628,-81.59546
Georgia,LIBERTY,Midway Police Department,GA0890200,17,1,16,24,1,23,0,0,0,0,0,0,0,0,0,0,0,0,24,1,23,22,0,22,172,0,172,2,0,2,218,1,217,31.807296,-81.457864
Georgia,LIBERTY,Walthourville Police Department,GA0890500,40,2,38,47,2,45,0,0,0,0,0,0,0,0,0,0,0,0,85,1,84,9,0,9,145,3,142,0,0,0,239,4,235,31.807296,-81.457864
Georgia,LINCOLN,Lincoln County Sheriff's Office,GA0900000,139,51,88,148,53,95,4,2,2,0,0,0,3,0,3,4,2,2,148,39,109,29,7,22,734,287,447,0,0,0,911,333,578,33.792151,-82.448299
Georgia,LINCOLN,Lincolnton Police Department,GA0900100,13,0,13,13,0,13,0,0,0,0,0,0,0,0,0,0,0,0,11,0,11,2,0,2,42,4,38,0,0,0,55,4,51,33.792151,-82.448299
Georgia,LONG,Long County Sheriff's Office,GA0910000,73,27,46,153,45,108,2,0,2,0,0,0,16,3,13,13,5,8,543,117,426,137,28,109,692,172,520,38,7,31,1372,317,1055,31.749563,-81.74287
Georgia,LONG,Ludowici Police Department,GA0910100,18,8,10,20,9,11,0,0,0,0,0,0,0,0,0,0,0,0,27,2,25,6,1,5,59,11,48,0,0,0,92,14,78,31.749563,-81.74287
Georgia,LOWNDES,Lowndes County Sheriff's Office,GA0920000,947,293,654,1212,338,874,22,3,19,19,8,11,64,5,59,8,3,5,1449,115,1334,658,127,531,4377,393,3984,158,24,134,6484,635,5849,30.833127,-83.268992
Georgia,LOWNDES,Valdosta Police Department,GA0920100,1670,717,953,2690,1214,1476,66,11,55,0,0,0,131,46,85,124,77,47,4920,2329,2591,1955,894,1061,22931,8789,14142,141,44,97,29806,12012,17794,30.826075,-83.278145
Georgia,LOWNDES,Hahira Police Department,GA0920200,37,15,22,51,17,34,0,0,0,2,0,2,2,0,2,1,0,1,88,13,75,32,7,25,438,81,357,6,0,6,558,101,457,30.991274,-83.3727
Georgia,LOWNDES,Lake Park Police Department,GA0920300,13,6,7,19,7,12,0,0,0,0,0,0,3,1,2,0,0,0,27,2,25,11,4,7,102,26,76,4,1,3,140,32,108,30.684132,-83.18256
Georgia,LOWNDES,Remerton Police Department,GA0920400,57,14,43,95,25,70,1,0,1,0,0,0,3,1,2,2,0,2,105,21,84,45,12,33,341,111,230,16,5,11,491,144,347,30.833127,-83.268992
Georgia,LOWNDES,Valdosta State University,GA0920500,9,2,7,23,6,17,1,0,1,0,0,0,0,0,0,0,0,0,54,4,50,22,6,16,602,61,541,1,0,1,678,71,607,30.813684,-83.264366
Georgia,LUMPKIN,Lumpkin County Sheriff's Office,GA0930000,245,84,161,308,91,217,13,2,11,3,0,3,20,1,19,6,2,4,434,22,412,135,11,124,1695,116,1579,36,1,35,2264,149,2115,34.536144,-83.9786
Georgia,LUMPKIN,University of North Georgia,GA0930200,1,0,1,15,4,11,0,0,0,0,0,0,15,4,11,0,0,0,8,1,7,3,0,3,145,5,140,13,4,9,156,6,150,34.568135,-83.998906
Georgia,MCDUFFIE,McDuffie County Sheriff's Office,GA0940000,330,98,232,422,123,299,6,1,5,1,0,1,14,2,12,17,8,9,630,67,563,159,23,136,860,69,791,23,5,18,1649,159,1490,33.482464,-82.473188
Georgia,MCINTOSH,McIntosh County Sheriff's Office,GA0950000,195,69,126,256,78,178,13,3,10,0,0,0,7,0,7,12,2,10,608,48,560,150,23,127,1276,113,1163,11,0,11,2034,184,1850,31.482978,-81.370199
Georgia,MCINTOSH,Darien Police Department,GA0950100,30,11,19,44,14,30,2,1,1,0,0,0,3,0,3,0,0,0,224,81,143,41,16,25,417,146,271,2,0,2,682,243,439,31.482978,-81.370199
Georgia,MCINTOSH,McIntosh County Schools,GA0950200,0,0,0,0,0,0,0,0,0,0,0,0,0,0,0,0,0,0,0,0,0,0,0,0,0,0,0,0,0,0,0,0,0,31.482978,-81.370199
Georgia,MACON,Macon County Sheriff's Office,GA0960000,0,0,0,0,0,0,0,0,0,0,0,0,0,0,0,0,0,0,62,0,62,7,0,7,70,0,70,0,0,0,139,0,139,32.366216,-84.052162
Georgia,MACON,Montezuma Police Department,GA0960100,185,63,122,223,78,145,13,4,9,0,0,0,2,1,1,4,1,3,246,79,167,39,15,24,598,208,390,4,1,3,883,302,581,32.366216,-84.052162
Georgia,MACON,Ideal Police Department,GA0960200,0,0,0,0,0,0,0,0,0,0,0,0,0,0,0,0,0,0,0,0,0,0,0,0,0,0,0,0,0,0,0,0,0,32.366216,-84.052162
Georgia,MACON,Marshallville Police Department,GA0960300,8,2,6,12,4,8,1,0,1,0,0,0,1,0,1,0,0,0,29,5,24,4,1,3,55,8,47,1,0,1,88,14,74,32.366216,-84.052162
Georgia,MACON,Oglethorpe Police Department,GA0960400,48,18,30,55,21,34,1,0,1,0,0,0,0,0,0,1,0,1,65,22,43,12,4,8,84,31,53,1,0,1,161,57,104,32.366216,-84.052162
Georgia,MADISON,Madison County Sheriff's Office,GA0970000,693,234,459,829,268,561,53,13,40,0,0,0,37,7,30,15,7,8,853,154,699,396,109,287,2518,470,2048,50,16,34,3767,733,3034,34.128484,-83.203644
Georgia,MADISON,Danielsville Police Department,GA0970300,11,4,7,13,4,9,0,0,0,0,0,0,1,0,1,0,0,0,16,5,11,7,2,5,96,27,69,1,0,1,119,34,85,34.128484,-83.203644
Georgia,MARION,Marion County Sheriff's Office,GA0980000,61,26,35,76,32,44,5,2,3,0,0,0,6,2,4,4,2,2,157,61,96,42,15,27,223,77,146,10,4,6,422,153,269,32.359538,-84.529561
Georgia,MARION,Buena Vista Police Department,GA0980100,34,17,17,37,18,19,0,0,0,0,0,0,0,0,0,0,0,0,65,26,39,8,2,6,217,92,125,0,0,0,290,120,170,32.359538,-84.529561
Georgia,MERIWETHER,Meriwether County Sheriff's Office,GA0990000,448,139,309,531,167,364,18,8,10,2,1,1,22,6,16,17,8,9,520,80,440,206,61,145,1529,343,1186,30,10,20,2255,484,1771,33.03022,-84.663279
Georgia,"MERIWETHER, TALBOT",Manchester Police Department,GA0990100,152,54,98,195,69,126,9,2,7,0,0,0,11,5,6,9,4,5,197,24,173,73,14,59,748,171,577,10,4,6,1018,209,809,33.03022,-84.663279
Georgia,MERIWETHER,Greenville Police Department,GA0990200,12,6,6,28,10,18,0,0,0,0,0,0,0,0,0,0,0,0,20,2,18,4,0,4,83,26,57,3,0,3,107,28,79,33.03022,-84.663279
Georgia,MERIWETHER,Luthersville Police Department,GA0990300,0,0,0,0,0,0,0,0,0,0,0,0,0,0,0,0,0,0,0,0,0,0,0,0,0,0,0,0,0,0,0,0,0,33.03022,-84.663279
Georgia,MERIWETHER,Woodbury Police Department,GA0990400,14,3,11,24,5,19,2,1,1,0,0,0,1,0,1,3,1,2,50,9,41,11,1,10,186,64,122,0,0,0,247,74,173,33.03022,-84.663279
Georgia,MERIWETHER,Warm Springs Police Department,GA0990500,0,0,0,0,0,0,0,0,0,0,0,0,0,0,0,0,0,0,3,0,3,0,0,0,4,0,4,0,0,0,7,0,7,33.03022,-84.663279
Georgia,MERIWETHER,Roosevelt Institute Facility Police,GA0990800,0,0,0,0,0,0,0,0,0,0,0,0,0,0,0,0,0,0,1,0,1,0,0,0,2,0,2,0,0,0,3,0,3,,
Georgia,MILLER,Miller County Sheriff's Office,GA1000000,30,9,21,30,9,21,2,1,1,0,0,0,0,0,0,0,0,0,56,9,47,18,6,12,154,20,134,0,0,0,228,35,193,31.17431,-84.73826
Georgia,MILLER,Colquitt Police Department,GA1000100,33,7,26,43,7,36,0,0,0,0,0,0,4,0,4,2,0,2,51,4,47,1,0,1,149,19,130,1,0,1,201,23,178,31.162908,-84.730386
Georgia,MITCHELL,Mitchell County Sheriff's Office,GA1010000,261,44,217,318,63,255,5,1,4,0,0,0,28,8,20,0,0,0,475,70,405,226,45,181,1753,441,1312,25,9,16,2454,556,1898,31.228997,-84.192038
Georgia,MITCHELL,Camilla Police Department,GA1010100,117,34,83,155,41,114,0,0,0,0,0,0,0,0,0,5,2,3,284,33,251,88,21,67,1197,314,883,3,0,3,1569,368,1201,31.231115,-84.21176
Georgia,MITCHELL,Pelham Police Department,GA1010300,106,21,85,147,27,120,6,0,6,0,0,0,0,0,0,11,3,8,195,10,185,78,9,69,642,75,567,2,0,2,915,94,821,31.12576,-84.15033
Georgia,MITCHELL,Sale City Police Department,GA1010400,0,0,0,0,0,0,0,0,0,0,0,0,0,0,0,0,0,0,0,0,0,0,0,0,9,2,7,0,0,0,9,2,7,31.228997,-84.192038
Georgia,MONROE,Monroe County Sheriff's Office,GA1020000,183,83,100,224,96,128,5,1,4,0,0,0,4,0,4,5,3,2,454,65,389,151,21,130,1466,189,1277,17,3,14,2071,275,1796,33.017435,-83.922938
Georgia,MONROE,Forsyth Police Department,GA1020100,105,51,54,150,72,78,0,0,0,0,0,0,11,5,6,2,1,1,181,86,95,86,36,50,1172,532,640,2,1,1,1439,654,785,34.206963,-84.13904
Georgia,MONROE,Georgia Public Safety Training Center,GA1020300,0,0,0,0,0,0,0,0,0,0,0,0,0,0,0,0,0,0,0,0,0,0,0,0,0,0,0,0,0,0,0,0,0,33.059025,-83.96097
Georgia,MONTGOMERY,Montgomery County Sheriff's Office,GA1030000,21,8,13,23,8,15,0,0,0,0,0,0,1,0,1,0,0,0,60,7,53,11,1,10,70,3,67,2,0,2,141,11,130,32.172108,-82.533349
Georgia,MONTGOMERY,Mount Vernon Police Department,GA1030100,0,0,0,0,0,0,0,0,0,0,0,0,0,0,0,0,0,0,0,0,0,0,0,0,0,0,0,0,0,0,0,0,0,32.172108,-82.533349
Georgia,MONTGOMERY,Uvalda Police Department,GA1030200,0,0,0,0,0,0,0,0,0,0,0,0,0,0,0,0,0,0,0,0,0,2,1,1,0,0,0,0,0,0,2,1,1,32.172108,-82.533349
Georgia,MORGAN,Morgan County Sheriff's Office,GA1040000,3,1,2,6,1,5,0,0,0,0,0,0,1,0,1,0,0,0,59,5,54,12,2,10,92,5,87,0,0,0,163,12,151,33.630917,-83.45087
Georgia,MORGAN,Madison Police Department,GA1040100,83,25,58,119,31,88,0,0,0,0,0,0,5,1,4,7,2,5,147,6,141,58,5,53,1046,172,874,4,0,4,1251,183,1068,33.593732,-83.492324
Georgia,MURRAY,Murray County Sheriff's Office,GA1050000,896,123,773,1067,164,903,6,3,3,0,0,0,72,9,63,6,2,4,1583,276,1307,538,101,437,4870,972,3898,48,11,37,6991,1349,5642,34.78274,-84.785446
Georgia,MURRAY,Chatsworth Police Department,GA1050100,111,38,73,117,40,77,0,0,0,0,0,0,1,0,1,0,0,0,39,8,31,26,5,21,325,67,258,0,0,0,390,80,310,34.797097,-84.73799
Georgia,MURRAY,Eton Police Department,GA1050200,4,2,2,6,3,3,4,2,2,0,0,0,2,1,1,0,0,0,23,8,15,2,1,1,116,45,71,0,0,0,141,54,87,34.797097,-84.73799
Georgia,MUSCOGEE,Muscogee  County Sheriff's Office,GA1060000,142,68,74,144,68,76,0,0,0,0,0,0,0,0,0,0,0,0,10,5,5,8,1,7,74,25,49,0,0,0,92,31,61,32.510197,-84.874946
Georgia,MUSCOGEE,Columbus Police Department,GA1060100,5687,1255,4432,9227,2006,7221,140,32,108,9,3,6,189,30,159,249,93,156,10962,1312,9650,5273,762,4511,39718,5778,33940,335,53,282,55953,7852,48101,32.464756,-84.98599
Georgia,MUSCOGEE,Columbus State University,GA1060400,12,6,6,51,21,30,0,0,0,0,0,0,14,5,9,0,0,0,60,19,41,14,4,10,534,197,337,19,8,11,608,220,388,32.510197,-84.874946
Georgia,MUSCOGEE,Muscogee City Marshal,GA1060500,0,0,0,0,0,0,0,0,0,0,0,0,0,0,0,0,0,0,0,0,0,0,0,0,0,0,0,0,0,0,0,0,0,32.46475,-84.991684
Georgia,MUSCOGEE,Muscogee County Schools,GA1061900,18,1,17,22,1,21,1,0,1,10,0,10,1,0,1,0,0,0,20,1,19,4,0,4,1068,0,1068,4,0,4,1092,1,1091,,
Georgia,NEWTON,Newton County Sheriff's Office,GA1070000,2612,612,2000,3260,757,2503,73,18,55,2,0,2,104,17,87,81,38,43,2576,145,2431,1651,125,1526,7378,700,6678,181,36,145,11605,970,10635,33.544065,-83.855192
Georgia,NEWTON,Covington Police Department,GA1070100,580,211,369,818,277,541,2,0,2,0,0,0,21,3,18,30,14,16,842,142,700,432,60,372,5417,1420,3997,60,8,52,6691,1622,5069,33.595737,-83.857635
Georgia,NEWTON,Oxford Police Department,GA1070200,11,5,6,12,5,7,0,0,0,0,0,0,0,0,0,0,0,0,20,3,17,23,4,19,136,12,124,0,0,0,179,19,160,33.623592,-83.86772
Georgia,NEWTON,Porterdale Police Department,GA1070300,41,14,27,51,18,33,0,0,0,0,0,0,1,0,1,0,0,0,44,6,38,15,3,12,115,18,97,0,0,0,174,27,147,33.544065,-83.855192
Georgia,OCONEE,Oconee County Sheriff's Office,GA1080000,314,126,188,373,138,235,1,0,1,0,0,0,17,1,16,16,9,7,463,21,442,157,6,151,4468,1136,3332,22,2,20,5088,1163,3925,33.834125,-83.437728
Georgia,OCONEE,Watkinsville Police Department,GA1080100,16,8,8,18,9,9,0,0,0,0,0,0,0,0,0,0,0,0,36,3,33,4,2,2,164,21,143,0,0,0,204,26,178,33.834125,-83.437728
Georgia,OGLETHORPE,Oglethorpe County Sheriff's Office,GA1090000,399,107,292,446,118,328,8,1,7,0,0,0,10,2,8,2,1,1,379,26,353,159,32,127,1417,291,1126,18,4,14,1955,349,1606,33.866806,-83.074081
Georgia,PAULDING,Paulding County Sheriff's Office,GA1100000,2273,546,1727,3054,599,2455,176,32,144,65,1,64,155,11,144,36,13,23,2794,148,2646,1950,154,1796,11208,765,10443,540,15,525,15952,1067,14885,33.920903,-84.866979
Georgia,PAULDING,Dallas Police Department,GA1100100,203,63,140,292,85,207,5,0,5,0,0,0,23,4,19,6,2,4,354,59,295,175,47,128,1735,334,1401,26,3,23,2264,440,1824,33.920903,-84.866979
Georgia,PAULDING,Hiram Police Department,GA1100200,131,51,80,206,72,134,35,15,20,0,0,0,17,4,13,2,1,1,165,30,135,183,45,138,4091,1544,2547,20,5,15,4439,1619,2820,33.8755,-84.76066
Georgia,PAULDING,Paulding County Marshal,GA1100300,0,0,0,0,0,0,0,0,0,0,0,0,0,0,0,0,0,0,0,0,0,0,0,0,0,0,0,0,0,0,0,0,0,,
Georgia,"PAULDING, POLK",Braswell  Police Department,GA1100400,4,2,2,4,2,2,0,0,0,0,0,0,0,0,0,0,0,0,0,0,0,1,0,1,0,0,0,0,0,0,1,0,1,33.920903,-84.866979
Georgia,PEACH,Peach County Sheriff's Office,GA1110000,230,65,165,307,81,226,6,2,4,2,0,2,26,4,22,8,3,5,469,63,406,174,22,152,1132,123,1009,30,3,27,1775,208,1567,32.571324,-83.831978
Georgia,PEACH,Fort Valley Police Department,GA1110100,822,283,539,1000,331,669,2,1,1,0,0,0,27,9,18,16,6,10,576,77,499,175,38,137,2236,701,1535,23,7,16,2987,816,2171,32.571324,-83.831978
Georgia,PEACH,Byron Police Department,GA1110200,52,22,30,87,32,55,3,0,3,0,0,0,4,1,3,2,1,1,202,28,174,128,15,113,1126,246,880,5,0,5,1456,289,1167,32.571324,-83.831978
Georgia,PEACH,Fort Valley State University,GA1110300,13,5,8,25,9,16,0,0,0,0,0,0,5,1,4,2,1,1,23,2,21,11,3,8,113,4,109,6,2,4,147,9,138,32.571324,-83.831978
Georgia,PICKENS,Pickens County Sheriff's Office,GA1120000,538,140,398,616,146,470,5,2,3,2,1,1,35,1,34,1,1,0,569,54,515,280,49,231,1638,183,1455,61,3,58,2487,286,2201,34.468723,-84.43023
Georgia,PICKENS,Jasper Police Department,GA1120100,47,11,36,62,15,47,0,0,0,0,0,0,1,0,1,0,0,0,102,3,99,53,9,44,1270,205,1065,7,1,6,1425,217,1208,34.471848,-84.42297
Georgia,PICKENS,Pickens County Board of Education,GA1120300,0,0,0,0,0,0,0,0,0,0,0,0,0,0,0,0,0,0,0,0,0,0,0,0,0,0,0,0,0,0,0,0,0,34.456625,-84.490263
Georgia,PIERCE,Pierce County Sheriff's Office,GA1130000,393,96,297,470,109,361,11,3,8,2,0,2,22,2,20,8,1,7,582,63,519,153,24,129,1452,174,1278,38,7,31,2187,261,1926,31.302244,-82.23383
Georgia,PIERCE,Blackshear Police Department,GA1130100,199,26,173,238,35,203,5,0,5,0,0,0,8,0,8,5,2,3,266,34,232,66,14,52,1145,197,948,12,1,11,1477,245,1232,31.353988,-82.210427
Georgia,PIERCE,Patterson Police Department,GA1130200,0,0,0,0,0,0,0,0,0,0,0,0,0,0,0,0,0,0,0,0,0,0,0,0,0,0,0,0,0,0,0,0,0,31.353988,-82.210427
Georgia,PIKE,Pike County Sheriff's Office,GA1140000,152,44,108,210,66,144,11,5,6,0,0,0,7,1,6,4,2,2,374,96,278,135,27,108,1442,392,1050,23,4,19,1951,515,1436,33.090768,-84.386627
Georgia,PIKE,Zebulon Police Department,GA1140100,5,2,3,5,2,3,0,0,0,0,0,0,0,0,0,0,0,0,12,2,10,12,2,10,45,9,36,0,0,0,69,13,56,33.090768,-84.386627
Georgia,PIKE,Molena Police Department,GA1140300,2,1,1,2,1,1,0,0,0,0,0,0,0,0,0,0,0,0,0,0,0,0,0,0,0,0,0,0,0,0,0,0,0,33.090768,-84.386627
Georgia,POLK,Polk County Sheriff's Office,GA1150000,24,12,12,24,12,12,0,0,0,0,0,0,0,0,0,0,0,0,2,1,1,1,0,1,4,2,2,0,0,0,7,3,4,33.996015,-85.188338
Georgia,POLK,Cedartown Police Department,GA1150100,448,110,338,689,137,552,3,0,3,0,0,0,45,5,40,15,5,10,736,71,665,214,24,190,3201,522,2679,55,4,51,4151,617,3534,33.996015,-85.188338
Georgia,POLK,Rockmart Police Department,GA1150200,226,73,153,307,91,216,3,0,3,1,0,1,11,2,9,8,2,6,810,220,590,125,29,96,2629,824,1805,18,2,16,3564,1073,2491,33.996015,-85.188338
Georgia,POLK,Polk County Police Department,GA1150300,337,107,230,393,116,277,22,1,21,0,0,0,19,5,14,6,2,4,1019,87,932,478,77,401,2171,246,1925,21,3,18,3668,410,3258,33.996015,-85.188338
Georgia,POLK,Aragon Police Department,GA1150400,12,4,8,13,4,9,0,0,0,0,0,0,1,0,1,0,0,0,10,1,9,3,0,3,41,1,40,0,0,0,54,2,52,33.996015,-85.188338
Georgia,PULASKI,Pulaski County Sheriff's Office,GA1160000,342,54,288,409,65,344,12,2,10,0,0,0,8,1,7,11,3,8,421,35,386,100,8,92,1093,66,1027,14,1,13,1614,109,1505,32.238794,-83.481855
Georgia,PUTNAM,Putnam County Sheriff's Office,GA1170000,397,155,242,462,178,284,3,0,3,0,0,0,22,8,14,9,5,4,559,99,460,107,38,69,1812,377,1435,35,8,27,2478,514,1964,33.305023,-83.38951
Georgia,PUTNAM,Eatonton Police Department,GA1170100,299,112,187,346,126,220,3,1,2,1,0,1,13,11,2,2,1,1,264,41,223,33,6,27,1391,349,1042,5,0,5,1688,396,1292,33.32106,-83.37179
Georgia,QUITMAN,Quitman County Sheriff's Office,GA1180000,12,4,8,19,6,13,0,0,0,0,0,0,2,1,1,0,0,0,47,5,42,2,0,2,59,9,50,1,0,1,108,14,94,31.861487,-85.009317
Georgia,RABUN,Rabun County Sheriff's Office,GA1190000,114,46,68,154,52,102,0,0,0,0,0,0,17,1,16,0,0,0,405,36,369,102,16,86,1365,178,1187,34,5,29,1872,230,1642,34.87886,-83.40285
Georgia,RABUN,Clayton Police Department,GA1190100,35,15,20,56,21,35,0,0,0,0,0,0,10,3,7,0,0,0,78,18,60,48,6,42,466,103,363,12,2,10,592,127,465,34.883026,-83.404735
Georgia,RABUN,Mountain City Police Department,GA1190200,0,0,0,0,0,0,0,0,0,0,0,0,0,0,0,0,0,0,2,1,1,1,0,1,0,0,0,0,0,0,3,1,2,34.883026,-83.404735
Georgia,"HABERSHAM, RABUN",Tallulah Falls Police Department,GA1190300,0,0,0,0,0,0,1,0,1,0,0,0,0,0,0,0,0,0,0,0,0,0,0,0,6,3,3,0,0,0,6,3,3,34.635108,-83.526406
Georgia,RABUN,Dillard Police Department,GA1190400,2,1,1,3,1,2,0,0,0,0,0,0,0,0,0,0,0,0,6,1,5,3,0,3,28,6,22,0,0,0,37,7,30,34.883026,-83.404735
Georgia,RABUN,Sky Valley Police Department,GA1190500,0,0,0,0,0,0,0,0,0,0,0,0,0,0,0,0,0,0,3,1,2,0,0,0,4,0,4,0,0,0,7,1,6,34.883026,-83.404735
Georgia,RANDOLPH,Randolph County Sheriff's Office,GA1200000,114,32,82,137,40,97,0,0,0,0,0,0,8,2,6,0,0,0,124,8,116,21,4,17,214,35,179,13,4,9,359,47,312,31.762651,-84.752311
Georgia,RANDOLPH,Cuthbert Police Department,GA1200100,3,0,3,8,0,8,0,0,0,0,0,0,0,0,0,0,0,0,55,7,48,0,0,0,160,30,130,0,0,0,215,37,178,31.762651,-84.752311
Georgia,RANDOLPH,Andrew College ,GA120059E,0,0,0,0,0,0,0,0,0,0,0,0,0,0,0,0,0,0,16,2,14,1,0,1,56,4,52,0,0,0,73,6,67,31.771894,-84.79704
Georgia,RICHMOND,Augusta-Richmond County Sheriff's Office,GA1210000,1615,203,1412,2983,646,2337,169,24,145,0,0,0,35,6,29,146,80,66,3927,231,3696,1507,77,1430,17877,2104,15773,228,84,144,23311,2412,20899,33.46506,-81.959816
Georgia,RICHMOND,Hephzibah Police Department,GA1210300,34,4,30,40,5,35,3,1,2,0,0,0,1,0,1,0,0,0,79,0,79,21,1,20,226,7,219,1,0,1,326,8,318,33.361487,-82.074998
Georgia,RICHMOND,Georgia Regents University,GA1210400,10,2,8,32,6,26,2,1,1,0,0,0,2,0,2,0,0,0,29,1,28,56,14,42,1065,121,944,5,1,4,1150,136,1014,33.47503,-81.98768
Georgia,RICHMOND,Augusta Board of Education,GA1210600,24,11,13,50,22,28,3,1,2,0,0,0,5,2,3,0,0,0,64,9,55,4,1,3,646,37,609,17,8,9,714,47,667,33.475838,-81.96675
Georgia,RICHMOND,Richmond County Marshal,GA1210700,0,0,0,0,0,0,0,0,0,0,0,0,0,0,0,0,0,0,0,0,0,0,0,0,0,0,0,0,0,0,0,0,0,33.361487,-82.074998
Georgia,"BURKE, RICHMOND",Blythe Police Department,GA1210800,1,0,1,1,0,1,0,0,0,0,0,0,0,0,0,0,0,0,4,0,4,1,0,1,14,1,13,0,0,0,19,1,18,33.300552,-82.20991
Georgia,RICHMOND,Paine College,GA121159E,0,0,0,1,0,1,0,0,0,0,0,0,1,0,1,0,0,0,6,0,6,0,0,0,0,0,0,0,0,0,6,0,6,33.469254,-81.99234
Georgia,RICHMOND,Augusta Technical College,GA1212100,0,0,0,0,0,0,0,0,0,0,0,0,0,0,0,0,0,0,0,0,0,1,0,1,54,13,41,0,0,0,55,13,42,33.419178,-82.051254
Georgia,ROCKDALE,Rockdale County Sheriff's Office,GA1220000,674,94,580,991,129,862,41,10,31,0,0,0,47,5,42,42,17,25,1199,13,1186,534,14,520,5330,48,5282,77,9,68,7063,75,6988,33.685886,-84.05896
Georgia,ROCKDALE,Conyers Police Department,GA1220100,527,227,300,793,308,485,17,6,11,0,0,0,3,1,2,8,3,5,559,115,444,278,41,237,3819,1122,2697,58,18,40,4656,1278,3378,33.65794,-84.01751
Georgia,SCHLEY,Schley County Sheriff's Office,GA1230000,29,11,18,44,17,27,4,2,2,0,0,0,3,1,2,10,5,5,52,9,43,8,2,6,96,17,79,2,0,2,156,28,128,32.263441,-84.322724
Georgia,SCHLEY,Ellaville Police Department,GA1230100,36,11,25,46,13,33,0,0,0,0,0,0,1,0,1,0,0,0,43,10,33,11,3,8,155,42,113,5,0,5,209,55,154,32.263441,-84.322724
Georgia,SCREVEN,Screven  County Sheriff's Office,GA1240000,194,76,118,230,84,146,19,4,15,0,0,0,4,1,3,3,1,2,368,61,307,132,33,99,472,102,370,4,2,2,972,196,776,32.744751,-81.617585
Georgia,SCREVEN,Sylvania Police Department,GA1240100,87,13,74,106,14,92,4,1,3,0,0,0,1,0,1,1,0,1,163,9,154,29,0,29,560,57,503,1,0,1,752,66,686,32.744751,-81.617585
Georgia,SCREVEN,Newington Police Department,GA1240300,10,5,5,10,5,5,0,0,0,0,0,0,0,0,0,0,0,0,3,0,3,5,2,3,25,5,20,0,0,0,33,7,26,32.744751,-81.617585
Georgia,SCREVEN,Oliver Police Department,GA1240400,0,0,0,0,0,0,0,0,0,0,0,0,0,0,0,0,0,0,0,0,0,0,0,0,0,0,0,0,0,0,0,0,0,32.744751,-81.617585
Georgia,SEMINOLE,Seminole County Sheriff's Office,GA1250000,186,58,128,204,64,140,6,2,4,0,0,0,2,0,2,9,4,5,198,34,164,39,8,31,396,41,355,4,0,4,633,83,550,31.041815,-84.885704
Georgia,SEMINOLE,Donalsonville Police Department,GA1250100,90,43,47,114,52,62,6,2,4,0,0,0,2,0,2,0,0,0,83,16,67,14,2,12,349,48,301,1,0,1,446,66,380,30.933894,-84.867592
Georgia,SPALDING,Spalding County Sheriff's Office,GA1260000,1438,496,942,1737,575,1162,21,4,17,4,2,2,51,16,35,22,10,12,1674,205,1469,1021,188,833,4885,615,4270,92,18,74,7580,1008,6572,33.262389,-84.286067
Georgia,SPALDING,Griffin Police Department,GA1260100,2497,850,1647,3066,1008,2058,35,8,27,0,0,0,75,25,50,41,18,23,1688,196,1492,610,114,496,9844,2624,7220,116,35,81,12142,2934,9208,33.262389,-84.286067
Georgia,SPALDING,Southern Crescent Technical College,GA1260400,0,0,0,0,0,0,0,0,0,0,0,0,0,0,0,0,0,0,8,1,7,2,1,1,54,14,40,0,0,0,64,16,48,33.254433,-84.28889
Georgia,STEPHENS,Stephens County Sheriff's Office,GA1270000,138,58,80,175,64,111,1,0,1,0,0,0,13,2,11,2,1,1,532,114,418,67,19,48,1588,510,1078,15,2,13,2187,643,1544,34.552914,-83.290216
Georgia,STEPHENS,Toccoa Police Department,GA1270100,278,108,170,376,135,241,7,1,6,0,0,0,18,2,16,6,2,4,584,195,389,139,36,103,4493,1648,2845,22,1,21,5216,1879,3337,34.552914,-83.290216
Georgia,STEWART,Stewart County Sheriff's Office,GA1280000,7,3,4,8,3,5,0,0,0,0,0,0,0,0,0,0,0,0,5,0,5,10,1,9,21,0,21,1,0,1,36,1,35,32.073225,-84.834912
Georgia,STEWART,Lumpkin Police Department,GA1280100,0,0,0,0,0,0,0,0,0,0,0,0,0,0,0,0,0,0,0,0,0,0,0,0,0,0,0,0,0,0,0,0,0,32.073225,-84.834912
Georgia,STEWART,Richland Police Department,GA1280200,0,0,0,0,0,0,0,0,0,0,0,0,0,0,0,0,0,0,0,0,0,0,0,0,0,0,0,0,0,0,0,0,0,32.073225,-84.834912
Georgia,SUMTER,Sumter County Sheriff's Office,GA1290000,211,86,125,273,104,169,3,1,2,0,0,0,18,6,12,9,4,5,444,67,377,117,26,91,893,127,766,13,2,11,1454,220,1234,32.042197,-84.204259
Georgia,SUMTER,Americus Police Department,GA1290100,1222,274,948,1598,370,1228,24,3,21,0,0,0,37,5,32,50,23,27,1217,136,1081,287,60,227,6840,1530,5310,58,9,49,8344,1726,6618,32.042197,-84.204259
Georgia,SUMTER,Leslie Police Department,GA1290200,2,1,1,6,2,4,0,0,0,0,0,0,0,0,0,0,0,0,1,0,1,0,0,0,27,8,19,0,0,0,28,8,20,32.042197,-84.204259
Georgia,SUMTER,Plains Police Department,GA1290300,8,4,4,8,4,4,0,0,0,0,0,0,0,0,0,0,0,0,8,2,6,2,1,1,10,3,7,0,0,0,20,6,14,32.042197,-84.204259
Georgia,SUMTER,Georgia Southwestern State University,GA1290400,24,11,13,33,13,20,0,0,0,0,0,0,6,1,5,0,0,0,5,2,3,7,2,5,251,48,203,9,2,7,263,52,211,32.042197,-84.204259
Georgia,TALBOT,Talbot County Sheriff's Office,GA1300000,45,8,37,52,8,44,4,2,2,0,0,0,0,0,0,0,0,0,104,3,101,31,1,30,180,18,162,1,0,1,315,22,293,32.704603,-84.530029
Georgia,TALBOT,Talbotton Police Department,GA1300100,13,2,11,15,2,13,0,0,0,0,0,0,0,0,0,0,0,0,11,1,10,2,0,2,34,5,29,0,0,0,47,6,41,32.704603,-84.530029
Georgia,TALIAFERRO,Taliaferro County Sheriff's Office,GA1310000,15,5,10,16,5,11,0,0,0,0,0,0,0,0,0,0,0,0,32,0,32,9,1,8,55,10,45,0,0,0,96,11,85,33.559314,-82.875208
Georgia,TATTNALL,Tattnall County Sheriff's Office,GA1320000,185,60,125,237,67,170,4,0,4,0,0,0,27,2,25,6,3,3,679,125,554,154,21,133,1325,294,1031,28,2,26,2158,440,1718,32.043768,-82.059208
Georgia,TATTNALL,Glennville Police Department,GA1320100,58,23,35,79,30,49,5,2,3,0,0,0,3,1,2,2,0,2,158,33,125,56,16,40,675,169,506,3,1,2,889,218,671,32.043768,-82.059208
Georgia,TATTNALL,Reidsville Police Department,GA1320200,10,4,6,11,4,7,0,0,0,0,0,0,0,0,0,0,0,0,7,1,6,2,1,1,41,11,30,0,0,0,50,13,37,32.043768,-82.059208
Georgia,TAYLOR,Taylor County Sheriff's Office,GA1330000,64,29,35,73,32,41,1,0,1,0,0,0,2,1,1,2,1,1,171,34,137,35,9,26,214,52,162,3,0,3,420,95,325,32.554667,-84.251426
Georgia,TAYLOR,Butler Police Department,GA1330100,21,6,15,30,10,20,0,0,0,0,0,0,1,0,1,0,0,0,40,7,33,13,4,9,70,20,50,2,1,1,123,31,92,32.554667,-84.251426
Georgia,TAYLOR,Reynolds Police Department,GA1330200,9,2,7,9,2,7,1,0,1,0,0,0,0,0,0,0,0,0,17,4,13,3,0,3,25,5,20,0,0,0,45,9,36,32.554667,-84.251426
Georgia,TELFAIR,Telfair County Sheriff's Office,GA1340000,0,0,0,0,0,0,0,0,0,0,0,0,0,0,0,0,0,0,0,0,0,0,0,0,0,0,0,0,0,0,0,0,0,31.991693,-83.202644
Georgia,"TELFAIR, WHEELER",McRae Police Department,GA1340100,66,8,58,79,10,69,1,0,1,0,0,0,0,0,0,0,0,0,204,28,176,24,5,19,498,123,375,0,0,0,726,156,570,31.913639,-82.931062
Georgia,TELFAIR,Lumber City Police Department,GA1340300,6,3,3,6,3,3,0,0,0,0,0,0,0,0,0,0,0,0,22,11,11,2,1,1,50,25,25,0,0,0,74,37,37,31.913639,-82.931062
Georgia,"DODGE, TELFAIR",Milan Police Department,GA1340400,0,0,0,0,0,0,0,0,0,0,0,0,0,0,0,0,0,0,0,0,0,0,0,0,0,0,0,0,0,0,0,0,0,31.913639,-82.931062
Georgia,TELFAIR,Jacksonville Police Department,GA1340600,0,0,0,0,0,0,0,0,0,0,0,0,0,0,0,0,0,0,0,0,0,0,0,0,0,0,0,0,0,0,0,0,0,31.913639,-82.931062
Georgia,TERRELL,Terrell County Sheriff's Office,GA1350000,75,33,42,102,46,56,2,0,2,0,0,0,0,0,0,4,2,2,113,8,105,17,1,16,240,37,203,0,0,0,370,46,324,31.777191,-84.439446
Georgia,TERRELL,Dawson Police Department,GA1350100,133,24,109,173,29,144,3,0,3,0,0,0,2,0,2,2,0,2,284,42,242,38,10,28,735,183,552,6,0,6,1057,235,822,31.777191,-84.439446
Georgia,THOMAS,Thomas County Sheriff's Office,GA1360000,511,171,340,707,231,476,45,9,36,0,0,0,41,12,29,9,4,5,1137,183,954,435,87,348,3068,775,2293,93,29,64,4640,1045,3595,30.864606,-83.91982
Georgia,THOMAS,Thomasville Police Department,GA1360100,440,134,306,654,200,454,16,5,11,0,0,0,27,7,20,18,8,10,1511,209,1302,358,85,273,6921,1707,5214,35,7,28,8790,2001,6789,30.864606,-83.91982
Georgia,THOMAS,Boston Police Department,GA1360200,7,3,4,13,5,8,0,0,0,0,0,0,0,0,0,0,0,0,15,3,12,2,0,2,44,3,41,0,0,0,61,6,55,30.864606,-83.91982
Georgia,THOMAS,Coolidge Police Department,GA1360300,3,1,2,10,3,7,0,0,0,0,0,0,0,0,0,0,0,0,5,1,4,3,1,2,23,3,20,0,0,0,31,5,26,30.864606,-83.91982
Georgia,"MITCHELL, THOMAS",Meigs Police Department,GA1360400,1,0,1,1,0,1,0,0,0,0,0,0,0,0,0,0,0,0,1,0,1,0,0,0,6,0,6,0,0,0,7,0,7,30.864606,-83.91982
Georgia,"BROOKS, THOMAS",Pavo Police Department,GA1360600,0,0,0,0,0,0,0,0,0,0,0,0,0,0,0,0,0,0,0,0,0,0,0,0,0,0,0,0,0,0,0,0,0,30.864606,-83.91982
Georgia,TIFT,Tift County Sheriff's Office,GA1370000,1066,307,759,1287,363,924,8,1,7,0,0,0,42,11,31,25,10,15,1231,174,1057,461,87,374,3742,496,3246,54,16,38,5434,757,4677,31.457003,-83.525931
Georgia,TIFT,Tifton Police Department,GA1370100,677,179,498,967,244,723,33,4,29,0,0,0,15,2,13,6,2,4,723,84,639,192,41,151,4467,776,3691,55,20,35,5382,901,4481,31.449644,-83.509926
Georgia,"COLQUITT, TIFT",Omega Police Department,GA1370200,35,11,24,48,14,34,0,0,0,2,1,1,3,1,2,0,0,0,38,5,33,7,2,5,221,39,182,3,0,3,266,46,220,31.457003,-83.525931
Georgia,TIFT,Abraham Baldwin Agricultural College,GA1370400,0,0,0,5,0,5,0,0,0,0,0,0,3,0,3,0,0,0,8,1,7,4,0,4,218,40,178,5,0,5,230,41,189,31.457003,-83.525931
Georgia,TOOMBS,Toombs County Sheriff's Office,GA1380000,16,2,14,17,2,15,0,0,0,0,0,0,0,0,0,0,0,0,117,30,87,48,12,36,182,55,127,0,0,0,347,97,250,32.20298,-82.34015
Georgia,TOOMBS,Lyons Police Department,GA1380100,61,21,40,88,25,63,0,0,0,0,0,0,1,0,1,3,1,2,170,21,149,5,0,5,397,69,328,4,0,4,572,90,482,32.21141,-82.32324
Georgia,"MONTGOMERY, TOOMBS",Vidalia Police Department,GA1380200,518,77,441,664,89,575,8,1,7,0,0,0,21,1,20,15,4,11,785,41,744,178,7,171,4869,1772,3097,24,1,23,5832,1820,4012,32.126698,-82.332071
Georgia,TOWNS,Towns County Sheriff's Office,GA1390000,263,84,179,281,90,191,0,0,0,0,0,0,7,2,5,1,0,1,249,47,202,73,15,58,653,141,512,15,5,10,975,203,772,34.902662,-83.732215
Georgia,TOWNS,Hiawassee Police Department,GA1390100,17,5,12,23,8,15,0,0,0,0,0,0,0,0,0,0,0,0,51,14,37,12,5,7,195,48,147,2,1,1,258,67,191,34.902662,-83.732215
Georgia,TOWNS,Young Harris College,GA139039E,3,1,2,8,2,6,0,0,0,0,0,0,3,1,2,0,0,0,0,0,0,0,0,0,68,8,60,4,0,4,68,8,60,,
Georgia,TREUTLEN,Treutlen County Sheriff's Office,GA1400000,45,17,28,73,26,47,9,3,6,0,0,0,7,2,5,0,0,0,164,45,119,51,17,34,311,78,233,15,4,11,526,140,386,32.409586,-82.570882
Georgia,TREUTLEN,Soperton Police Department,GA1400100,3,0,3,5,0,5,0,0,0,0,0,0,0,0,0,0,0,0,6,0,6,2,0,2,18,1,17,0,0,0,26,1,25,32.409586,-82.570882
Georgia,TROUP,Troup County Sheriff's Office,GA1410000,386,113,273,533,129,404,2,0,2,0,0,0,25,0,25,20,7,13,866,49,817,379,42,337,2774,208,2566,51,2,49,4019,299,3720,32.989746,-85.00395
Georgia,TROUP,Hogansville Police Department,GA1410100,89,20,69,110,22,88,3,0,3,1,0,1,6,1,5,1,0,1,151,15,136,41,6,35,576,42,534,5,0,5,768,63,705,33.17311,-84.920135
Georgia,TROUP,LaGrange Police Department,GA1410200,1019,350,669,1681,565,1116,36,7,29,4,2,2,25,5,20,53,22,31,1777,208,1569,742,142,600,11499,2895,8604,139,47,92,14018,3245,10773,33.034482,-85.02836
Georgia,"HARRIS, TROUP",West Point Police Department,GA1410300,144,45,99,184,51,133,0,0,0,0,0,0,1,0,1,7,2,5,342,103,239,61,20,41,1142,441,701,3,0,3,1545,564,981,33.034482,-85.02836
Georgia,TROUP,Troup County Marshal,GA1410400,0,0,0,0,0,0,0,0,0,0,0,0,0,0,0,0,0,0,0,0,0,0,0,0,0,0,0,0,0,0,0,0,0,33.039577,-85.03109
Georgia,TURNER,Turner County Sheriff's Office,GA1420000,72,29,43,87,33,54,1,0,1,0,0,0,3,1,2,0,0,0,113,16,97,45,6,39,234,31,203,8,1,7,392,53,339,31.6853,-83.6399
Georgia,TURNER,Ashburn Police Department,GA1420100,140,42,98,188,57,131,10,3,7,0,0,0,5,2,3,1,0,1,135,25,110,38,10,28,597,161,436,4,2,2,770,196,574,31.718232,-83.628566
Georgia,TURNER,Sycamore Police Department,GA1420200,0,0,0,0,0,0,0,0,0,0,0,0,0,0,0,0,0,0,0,0,0,0,0,0,0,0,0,0,0,0,0,0,0,31.673336,-83.6369
Georgia,TURNER,Turner County Schools,GA1420300,0,0,0,0,0,0,0,0,0,0,0,0,0,0,0,0,0,0,0,0,0,0,0,0,0,0,0,0,0,0,0,0,0,,
Georgia,TWIGGS,Twiggs County Sheriff's Office,GA1430000,140,47,93,171,55,116,9,0,9,1,0,1,7,1,6,9,4,5,271,43,228,120,23,97,578,94,484,11,2,9,969,160,809,32.665847,-83.425879
Georgia,TWIGGS,Twiggs County Board of Education,GA1430400,2,1,1,4,2,2,0,0,0,0,0,0,0,0,0,2,1,1,2,1,1,0,0,0,97,40,57,0,0,0,99,41,58,32.68013,-83.333824
Georgia,UNION,Union County Sheriff's Office,GA1440000,141,57,84,199,77,122,12,1,11,0,0,0,20,6,14,8,4,4,480,69,411,204,46,158,1449,308,1141,28,8,20,2133,423,1710,34.83377,-83.989573
Georgia,UNION,Blairsville Police Department,GA1440100,9,4,5,16,7,9,0,0,0,0,0,0,0,0,0,0,0,0,11,3,8,5,2,3,3567,3454,113,0,0,0,3583,3459,124,34.83377,-83.989573
Georgia,UPSON,Upson County Sheriff's Office,GA1450000,203,77,126,250,88,162,7,3,4,0,0,0,9,2,7,6,3,3,296,45,251,145,41,104,1199,215,984,5,0,5,1640,301,1339,32.937847,-84.33762
Georgia,UPSON,Thomaston Police Department,GA1450100,340,103,237,474,130,344,1,0,1,0,0,0,16,0,16,6,1,5,416,54,362,145,30,115,3366,806,2560,33,3,30,3927,890,3037,32.881837,-84.292281
Georgia,WALKER,Walker County Sheriff's Office,GA1460000,734,0,734,833,18,815,17,2,15,0,0,0,13,4,9,5,1,4,1194,74,1120,225,6,219,2721,140,2581,22,0,22,4140,220,3920,34.735827,-85.305385
Georgia,WALKER,Lafayette Police Department,GA1460100,92,43,49,108,46,62,9,0,9,0,0,0,9,2,7,0,0,0,200,49,151,84,33,51,1924,714,1210,2,0,2,2208,796,1412,34.735827,-85.305385
Georgia,WALKER,Rossville Police Department,GA1460200,178,60,118,235,76,159,2,0,2,1,0,1,4,0,4,2,0,2,396,115,281,303,75,228,2355,950,1405,10,0,10,3054,1140,1914,34.735827,-85.305385
Georgia,WALKER,Lookout Mountain Police Department,GA1460300,0,0,0,0,0,0,0,0,0,0,0,0,0,0,0,0,0,0,15,1,14,14,5,9,47,4,43,0,0,0,76,10,66,34.978447,-85.35674
Georgia,WALKER,Chickamauga Police Department,GA1460400,29,8,21,37,11,26,1,0,1,2,0,2,1,0,1,1,0,1,68,7,61,18,3,15,208,34,174,0,0,0,294,44,250,34.735827,-85.305385
Georgia,WALTON,Walton County Sheriff's Office,GA1470000,459,148,311,638,193,445,11,5,6,0,0,0,36,8,28,23,12,11,883,132,751,527,72,455,3154,295,2859,77,20,57,4564,499,4065,33.77116,-83.700356
Georgia,WALTON,Monroe Police Department,GA1470100,825,274,551,1078,332,746,14,5,9,0,0,0,49,16,33,20,7,13,987,123,864,298,70,228,4788,987,3801,53,10,43,6073,1180,4893,33.782648,-83.734215
Georgia,"GWINNETT, WALTON",Loganville Police Department,GA1470200,130,41,89,193,54,139,2,0,2,0,0,0,5,0,5,1,0,1,208,11,197,113,4,109,2523,617,1906,17,4,13,2844,632,2212,33.782648,-83.734215
Georgia,"NEWTON, WALTON",Social Circle Police Department,GA1470300,132,35,97,150,39,111,3,0,3,1,0,1,4,1,3,6,2,4,138,16,122,49,11,38,468,33,435,3,0,3,655,60,595,33.782648,-83.734215
Georgia,WARE,Ware County Sheriff's Office,GA1480000,634,186,448,734,214,520,58,28,30,0,0,0,17,0,17,14,6,8,1561,892,669,203,42,161,4626,2200,2426,24,6,18,6390,3134,3256,31.25967,-82.40221
Georgia,"PIERCE, WARE",Waycross Police Department,GA1480100,692,199,493,1113,344,769,51,15,36,0,0,0,64,13,51,45,20,25,1193,358,835,317,89,228,7936,3203,4733,109,31,78,9446,3650,5796,31.050881,-82.421507
Georgia,WARREN,Warren County Sheriff's Office,GA1490000,38,0,38,45,0,45,0,0,0,0,0,0,1,0,1,1,0,1,69,0,69,22,0,22,130,0,130,3,0,3,221,0,221,33.419169,-82.688012
Georgia,WARREN,Warrenton Police Department,GA1490100,30,7,23,46,14,32,0,0,0,0,0,0,0,0,0,2,1,1,28,4,24,8,1,7,100,17,83,1,0,1,136,22,114,33.419169,-82.688012
Georgia,WASHINGTON,Washington County Sheriff's Office,GA1500000,173,37,136,209,44,165,5,0,5,0,0,0,10,1,9,7,2,5,255,18,237,89,20,69,718,100,618,14,1,13,1062,138,924,32.971848,-82.798112
Georgia,WASHINGTON,Sandersville Police Department,GA1500100,177,60,117,229,72,157,7,3,4,0,0,0,5,1,4,3,1,2,235,66,169,75,23,52,1622,529,1093,3,0,3,1932,618,1314,32.971848,-82.798112
Georgia,WASHINGTON,Davisboro Police Department,GA1500300,0,0,0,0,0,0,0,0,0,0,0,0,0,0,0,0,0,0,3,0,3,0,0,0,3,0,3,0,0,0,6,0,6,32.971848,-82.798112
Georgia,WASHINGTON,Oconee  Police Department,GA1500500,0,0,0,0,0,0,0,0,0,0,0,0,0,0,0,0,0,0,0,0,0,0,0,0,0,0,0,0,0,0,0,0,0,32.857193,-82.95505
Georgia,WASHINGTON,Washington County Board of Education,GA1500600,0,0,0,0,0,0,0,0,0,0,0,0,0,0,0,0,0,0,0,0,0,0,0,0,0,0,0,0,0,0,0,0,0,32.971848,-82.798112
Georgia,WAYNE,Wayne County Sheriff's Office,GA1510000,865,166,699,1031,187,844,10,1,9,0,0,0,45,3,42,7,0,7,1254,219,1035,289,41,248,4251,1050,3201,87,12,75,5794,1310,4484,31.604576,-81.87975
Georgia,WAYNE,Jesup Police Department,GA1510100,253,113,140,341,151,190,2,1,1,0,0,0,14,7,7,10,5,5,726,315,411,191,83,108,4085,1767,2318,5,0,5,5002,2165,2837,31.614862,-81.89947
Georgia,WAYNE,Screven Police Department,GA1510200,7,1,6,8,1,7,0,0,0,0,0,0,0,0,0,0,0,0,20,5,15,5,1,4,84,0,84,1,0,1,109,6,103,31.547845,-81.912376
Georgia,WEBSTER,Webster County Sheriff's Office,GA1520000,4,0,4,4,0,4,0,0,0,0,0,0,0,0,0,0,0,0,7,0,7,0,0,0,6,0,6,0,0,0,13,0,13,32.046554,-84.553218
Georgia,WHEELER,Wheeler County Sheriff's Office,GA1530000,24,7,17,33,9,24,4,1,3,0,0,0,2,0,2,2,1,1,82,10,72,20,3,17,209,26,183,3,0,3,311,39,272,32.14889,-82.78266
Georgia,WHEELER,Alamo Police Department,GA1530100,12,4,8,13,4,9,0,0,0,0,0,0,0,0,0,1,0,1,18,2,16,2,0,2,92,5,87,0,0,0,112,7,105,32.109276,-82.738701
Georgia,WHITE,White County Sheriff's Office,GA1540000,306,106,200,344,110,234,3,0,3,0,0,0,19,2,17,3,1,2,517,18,499,149,14,135,976,35,941,16,1,15,1642,67,1575,34.618458,-83.75649
Georgia,WHITE,Cleveland Police Department,GA1540100,105,42,63,144,57,87,0,0,0,0,0,0,5,1,4,0,0,0,277,47,230,46,13,33,1574,476,1098,26,10,16,1897,536,1361,34.643776,-83.743417
Georgia,WHITE,Helen Police Department,GA1540200,70,30,40,87,35,52,2,1,1,0,0,0,4,1,3,0,0,0,77,14,63,28,9,19,447,69,378,8,3,5,552,92,460,34.643776,-83.743417
Georgia,WHITFIELD,Whitfield County Sheriff's Office,GA1550000,2660,1157,1503,3072,1267,1805,68,20,48,5,1,4,146,44,102,15,6,9,2655,432,2223,1212,338,874,8916,2578,6338,232,45,187,12783,3348,9435,34.801726,-84.968541
Georgia,WHITFIELD,Dalton Police Department,GA1550100,818,308,510,1128,391,737,33,10,23,0,0,0,72,17,55,11,5,6,1061,199,862,542,102,440,6739,1654,5085,105,26,79,8342,1955,6387,34.773823,-84.97399
Georgia,WHITFIELD,Tunnel Hill Police Department,GA1550200,9,3,6,11,4,7,0,0,0,0,0,0,2,1,1,0,0,0,14,5,9,11,3,8,130,33,97,0,0,0,155,41,114,34.801726,-84.968541
Georgia,WHITFIELD,Cohutta Police Department,GA1550300,0,0,0,0,0,0,0,0,0,0,0,0,0,0,0,0,0,0,5,1,4,6,3,3,67,15,52,0,0,0,78,19,59,34.801726,-84.968541
Georgia,WHITFIELD,Dalton State College,GA1550500,5,2,3,8,3,5,0,0,0,0,0,0,3,1,2,0,0,0,3,0,3,0,0,0,27,0,27,2,1,1,30,0,30,34.801726,-84.968541
Georgia,WILCOX,Wilcox County Sheriff's Office,GA1560000,53,10,43,67,11,56,1,0,1,0,0,0,7,0,7,0,0,0,162,25,137,22,3,19,208,19,189,8,0,8,392,47,345,31.962717,-83.438262
Georgia,WILCOX,Abbeville Police Department,GA1560100,25,10,15,26,10,16,2,1,1,0,0,0,1,0,1,0,0,0,45,6,39,5,0,5,37,7,30,0,0,0,87,13,74,31.990778,-83.30794
Georgia,WILCOX,Rochelle Police Department,GA1560200,0,0,0,16,5,11,3,1,2,0,0,0,2,0,2,0,0,0,93,6,87,0,0,0,135,14,121,0,0,0,228,20,208,31.962717,-83.438262
Georgia,WILCOX,Pineview Police Department,GA1560300,0,0,0,0,0,0,0,0,0,0,0,0,0,0,0,0,0,0,0,0,0,0,0,0,0,0,0,0,0,0,0,0,0,31.962717,-83.438262
Georgia,WILKES,Wilkes County Sheriff's Office,GA1570000,437,127,310,499,147,352,5,2,3,0,0,0,20,6,14,13,6,7,217,45,172,82,17,65,409,72,337,18,3,15,708,134,574,33.724213,-82.72123
Georgia,WILKINSON,Wilkinson County Sheriff's Office,GA1580000,141,62,79,176,81,95,17,7,10,0,0,0,6,3,3,5,2,3,139,33,106,58,17,41,168,34,134,9,5,4,365,84,281,32.804312,-83.175497
Georgia,WILKINSON,Gordon Police Department,GA1580100,55,20,35,66,24,42,0,0,0,0,0,0,0,0,0,3,0,3,60,16,44,14,3,11,182,53,129,1,0,1,256,72,184,32.804312,-83.175497
Georgia,WILKINSON,Irwinton Police Department,GA1580200,0,0,0,0,0,0,0,0,0,0,0,0,0,0,0,0,0,0,1,0,1,1,0,1,0,0,0,0,0,0,2,0,2,32.804312,-83.175497
Georgia,WILKINSON,McIntyre Police Department,GA1580300,6,3,3,6,3,3,0,0,0,0,0,0,0,0,0,0,0,0,30,11,19,7,2,5,68,21,47,0,0,0,105,34,71,32.804312,-83.175497
Georgia,WILKINSON,Toomsboro Police Department,GA1580400,2,1,1,2,1,1,0,0,0,0,0,0,0,0,0,0,0,0,2,0,2,0,0,0,4,0,4,0,0,0,6,0,6,32.804312,-83.175497
Georgia,WILKINSON,Ivey Police Department,GA1580500,0,0,0,0,0,0,0,0,0,0,0,0,0,0,0,0,0,0,11,3,8,0,0,0,19,2,17,0,0,0,30,5,25,32.888462,-83.317276
Georgia,WORTH,Worth County Sheriff's Office,GA1590000,377,126,251,439,139,300,4,2,2,0,0,0,6,1,5,5,2,3,486,57,429,162,40,122,1127,240,887,44,9,35,1775,337,1438,31.527578,-83.83554
Georgia,WORTH,Sylvester Police Department,GA1590100,440,131,309,522,159,363,4,1,3,0,0,0,11,4,7,3,1,2,391,64,327,55,9,46,1117,217,900,21,7,14,1563,290,1273,31.551773,-83.84996
Georgia,WORTH,Poulan Police Department,GA1590200,23,11,12,25,12,13,0,0,0,0,0,0,0,0,0,0,0,0,38,19,19,15,7,8,93,47,46,2,1,1,146,73,73,31.551773,-83.84996
Georgia,WORTH,Warwick Police Department,GA1590300,10,5,5,10,5,5,0,0,0,0,0,0,0,0,0,0,0,0,19,4,15,0,0,0,29,11,18,0,0,0,48,15,33,31.551773,-83.84996
Georgia,"DEKALB, FULTON",Atlanta Police Department,GAAPD0000,29451,8990,20461,43978,12150,31828,398,41,357,18,4,14,810,221,589,1378,551,827,23642,1775,21867,26877,2011,24866,123201,13255,109946,1382,323,1059,173720,17041,156679,33.74819,-84.39517
Georgia,NOT SPECIFIED,Georgia Bureau of Investigation: Headquarters,GAGBI0000,0,0,0,0,0,0,0,0,0,0,0,0,0,0,0,0,0,0,0,0,0,0,0,0,0,0,0,0,0,0,0,0,0,33.770661,-84.226343
Georgia,NOT SPECIFIED,Georgia Department of Public Safety,GAGSP0000,48,23,25,54,26,28,0,0,0,0,0,0,0,0,0,4,2,2,3,2,1,1,0,1,23,2,21,0,0,0,27,4,23,33.790034,-84.468182
Georgia,SPALDING,State Patrol: Griffin,GAGSP0100,0,0,0,0,0,0,0,0,0,0,0,0,0,0,0,0,0,0,0,0,0,0,0,0,0,0,0,0,0,0,0,0,0,33.23751,-84.19607
Georgia,TROUP,State Patrol: La Grange,GAGSP0200,0,0,0,0,0,0,0,0,0,0,0,0,0,0,0,0,0,0,0,0,0,0,0,0,0,0,0,0,0,0,0,0,0,32.98718,-85.0013
Georgia,BARTOW,State Patrol: Cartersville,GAGSP0300,0,0,0,0,0,0,0,0,0,0,0,0,0,0,0,0,0,0,0,0,0,0,0,0,0,0,0,0,0,0,0,0,0,34.204853,-84.81206
Georgia,CARROLL,State Patrol: Villa Rica,GAGSP0400,0,0,0,0,0,0,0,0,0,0,0,0,0,0,0,0,0,0,0,0,0,0,0,0,0,0,0,0,0,0,0,0,0,33.582237,-85.080527
Georgia,WHITFIELD,State Patrol: Dalton,GAGSP0500,0,0,0,0,0,0,0,0,0,0,0,0,0,0,0,0,0,0,0,0,0,0,0,0,0,0,0,0,0,0,0,0,0,34.797474,-84.99286
Georgia,HALL,State Patrol: Gainesville,GAGSP0600,0,0,0,0,0,0,0,0,0,0,0,0,0,0,0,0,0,0,0,0,0,0,0,0,0,0,0,0,0,0,0,0,0,34.317588,-83.818497
Georgia,STEPHENS,State Patrol: Toccoa,GAGSP0700,0,0,0,0,0,0,0,0,0,0,0,0,0,0,0,0,0,0,0,0,0,0,0,0,0,0,0,0,0,0,0,0,0,34.552914,-83.290216
Georgia,MORGAN,State Patrol: Madison,GAGSP0800,0,0,0,0,0,0,0,0,0,0,0,0,0,0,0,0,0,0,0,0,0,0,0,0,0,0,0,0,0,0,0,0,0,33.593732,-83.492324
Georgia,COBB,State Patrol: Marietta,GAGSP0900,0,0,0,0,0,0,0,0,0,0,0,0,0,0,0,0,0,0,0,0,0,0,0,0,0,0,0,0,0,0,0,0,0,33.93994,-84.574166
Georgia,SUMTER,State Patrol: Americus,GAGSP1000,0,0,0,0,0,0,0,0,0,0,0,0,0,0,0,0,0,0,0,0,0,0,0,0,0,0,0,0,0,0,0,0,0,32.037216,-84.14207
Georgia,LIBERTY,State Patrol: Hinesville,GAGSP1100,0,0,0,0,0,0,0,0,0,0,0,0,0,0,0,0,0,0,0,0,0,0,0,0,0,0,0,0,0,0,0,0,0,31.79976,-81.64711
Georgia,THOMAS,State Patrol: Thomasville,GAGSP1200,0,0,0,0,0,0,0,0,0,0,0,0,0,0,0,0,0,0,0,0,0,0,0,0,0,0,0,0,0,0,0,0,0,30.864606,-83.91982
Georgia,TIFT,State Patrol: Tifton,GAGSP1300,0,0,0,0,0,0,0,0,0,0,0,0,0,0,0,0,0,0,0,0,0,0,0,0,0,0,0,0,0,0,0,0,0,31.457003,-83.525931
Georgia,SEMINOLE,State Patrol: Donalsonville,GAGSP1400,0,0,0,0,0,0,0,0,0,0,0,0,0,0,0,0,0,0,0,0,0,0,0,0,0,0,0,0,0,0,0,0,0,30.933894,-84.867592
Georgia,HOUSTON,State Patrol: Perry,GAGSP1500,0,0,0,0,0,0,0,0,0,0,0,0,0,0,0,0,0,0,0,0,0,0,0,0,0,0,0,0,0,0,0,0,0,32.458381,-83.662856
Georgia,TELFAIR,State Patrol: Helena,GAGSP1600,0,0,0,0,0,0,0,0,0,0,0,0,0,0,0,0,0,0,0,0,0,0,0,0,0,0,0,0,0,0,0,0,0,31.913639,-82.931062
Georgia,WILKES,State Patrol: Washington,GAGSP1700,0,0,0,0,0,0,0,0,0,0,0,0,0,0,0,0,0,0,0,0,0,0,0,0,0,0,0,0,0,0,0,0,0,33.720867,-82.76284
Georgia,TATTNALL,State Patrol: Reidsville,GAGSP1800,0,0,0,0,0,0,0,0,0,0,0,0,0,0,0,0,0,0,0,0,0,0,0,0,0,0,0,0,0,0,0,0,0,32.043768,-82.059208
Georgia,EMANUEL,State Patrol: Swainsboro,GAGSP1900,0,0,0,0,0,0,0,0,0,0,0,0,0,0,0,0,0,0,0,0,0,0,0,0,0,0,0,0,0,0,0,0,0,32.5911,-82.299763
Georgia,LAURENS,State Patrol: Dublin,GAGSP2000,0,0,0,0,0,0,0,0,0,0,0,0,0,0,0,0,0,0,0,0,0,0,0,0,0,0,0,0,0,0,0,0,0,32.39322,-82.926317
Georgia,SCREVEN,State Patrol: Sylvania,GAGSP2100,0,0,0,0,0,0,0,0,0,0,0,0,0,0,0,0,0,0,0,0,0,0,0,0,0,0,0,0,0,0,0,0,0,32.748623,-81.65879
Georgia,WARE,State Patrol: Waycross,GAGSP2200,0,0,0,0,0,0,0,0,0,0,0,0,0,0,0,0,0,0,0,0,0,0,0,0,0,0,0,0,0,0,0,0,0,31.050881,-82.421507
Georgia,CATOOSA,State Patrol: Brunswick,GAGSP2300,0,0,0,0,0,0,0,0,0,0,0,0,0,0,0,0,0,0,0,0,0,0,0,0,0,0,0,0,0,0,0,0,0,31.212746,-81.496517
Georgia,COWETA,State Patrol: Newnan,GAGSP2400,0,0,0,0,0,0,0,0,0,0,0,0,0,0,0,0,0,0,0,0,0,0,0,0,0,0,0,0,0,0,0,0,0,33.35375,-84.769226
Georgia,MCDUFFIE,State Patrol: Thomson,GAGSP2500,0,0,0,0,0,0,0,0,0,0,0,0,0,0,0,0,0,0,0,0,0,0,0,0,0,0,0,0,0,0,0,0,0,33.488678,-82.21785
Georgia,UPSON,State Patrol: Thomaston,GAGSP2600,0,0,0,0,0,0,0,0,0,0,0,0,0,0,0,0,0,0,0,0,0,0,0,0,0,0,0,0,0,0,0,0,0,32.881837,-84.292281
Georgia,FANNIN,State Patrol: Blue Ridge,GAGSP2700,0,0,0,0,0,0,0,0,0,0,0,0,0,0,0,0,0,0,0,0,0,0,0,0,0,0,0,0,0,0,0,0,0,34.866497,-84.31744
Georgia,CHEROKEE,State Patrol: Canton,GAGSP2800,0,0,0,0,0,0,0,0,0,0,0,0,0,0,0,0,0,0,0,0,0,0,0,0,0,0,0,0,0,0,0,0,0,34.45614,-84.44865
Georgia,CLARKE,State Patrol: Cedartown,GAGSP2900,0,0,0,0,0,0,0,0,0,0,0,0,0,0,0,0,0,0,0,0,0,0,0,0,0,0,0,0,0,0,0,0,0,33.996015,-85.188338
Georgia,CRISP,State Patrol: Cordele,GAGSP3000,0,0,0,0,0,0,0,0,0,0,0,0,0,0,0,0,0,0,0,0,0,0,0,0,0,0,0,0,0,0,0,0,0,31.914753,-83.753338
Georgia,LOWNDES,State Patrol: Valdosta,GAGSP3100,0,0,0,0,0,0,0,0,0,0,0,0,0,0,0,0,0,0,0,0,0,0,0,0,0,0,0,0,0,0,0,0,0,30.833127,-83.268992
Georgia,CLARKE,State Patrol: Athens,GAGSP3200,0,0,0,0,0,0,0,0,0,0,0,0,0,0,0,0,0,0,0,0,0,0,0,0,0,0,0,0,0,0,0,0,0,33.952185,-83.367152
Georgia,BALDWIN,State Patrol: Milledgeville,GAGSP3300,0,0,0,0,0,0,0,0,0,0,0,0,0,0,0,0,0,0,0,0,0,0,0,0,0,0,0,0,0,0,0,0,0,33.059504,-83.255452
Georgia,MERIWETHER,State Patrol: Manchester,GAGSP3400,0,0,0,0,0,0,0,0,0,0,0,0,0,0,0,0,0,0,0,0,0,0,0,0,0,0,0,0,0,0,0,0,0,33.03022,-84.663279
Georgia,COFFEE,State Patrol: Douglas,GAGSP3600,0,0,0,0,0,0,0,0,0,0,0,0,0,0,0,0,0,0,0,0,0,0,0,0,0,0,0,0,0,0,0,0,0,31.477943,-82.85098
Georgia,GWINNETT,State Patrol: Lawrenceville,GAGSP3700,0,0,0,0,0,0,0,0,0,0,0,0,0,0,0,0,0,0,0,0,0,0,0,0,0,0,0,0,0,0,0,0,0,33.959099,-84.022949
Georgia,FLOYD,State Patrol: Rome,GAGSP3800,0,0,0,0,0,0,0,0,0,0,0,0,0,0,0,0,0,0,0,0,0,0,0,0,0,0,0,0,0,0,0,0,0,34.31876,-85.17213
Georgia,RANDOLPH,State Patrol: Cuthbert,GAGSP3900,0,0,0,0,0,0,0,0,0,0,0,0,0,0,0,0,0,0,0,0,0,0,0,0,0,0,0,0,0,0,0,0,0,31.762651,-84.752311
Georgia,DOUGHERTY,State Patrol: Albany,GAGSP4000,0,0,0,0,0,0,0,0,0,0,0,0,0,0,0,0,0,0,0,0,0,0,0,0,0,0,0,0,0,0,0,0,0,31.537027,-84.11519
Georgia,WALKER,State Patrol: Lafayette,GAGSP4100,0,0,0,0,0,0,0,0,0,0,0,0,0,0,0,0,0,0,0,0,0,0,0,0,0,0,0,0,0,0,0,0,0,34.735827,-85.305385
Georgia,CHATHAM,State Patrol: Savannah,GAGSP4200,0,0,0,0,0,0,0,0,0,0,0,0,0,0,0,0,0,0,0,0,0,0,0,0,0,0,0,0,0,0,0,0,0,32.361711,-81.343337
Georgia,GORDON,State Patrol: Calhoun,GAGSP4300,0,0,0,0,0,0,0,0,0,0,0,0,0,0,0,0,0,0,0,0,0,0,0,0,0,0,0,0,0,0,0,0,0,34.460278,-84.91662
Georgia,MONROE,State Patrol: Forsyth,GAGSP4400,0,0,0,0,0,0,0,0,0,0,0,0,0,0,0,0,0,0,0,0,0,0,0,0,0,0,0,0,0,0,0,0,0,33.017435,-83.922938
Georgia,BULLOCH,State Patrol: Statesboro,GAGSP4500,0,0,0,0,0,0,0,0,0,0,0,0,0,0,0,0,0,0,0,0,0,0,0,0,0,0,0,0,0,0,0,0,0,32.411438,-81.80494
Georgia,NEWTON,State Patrol: Conyers,GAGSP4600,0,0,0,0,0,0,0,0,0,0,0,0,0,0,0,0,0,0,0,0,0,0,0,0,0,0,0,0,0,0,0,0,0,33.544065,-83.855192
Georgia,FULTON,State Patrol: Hapeville,GAGSP4700,0,0,0,0,0,0,0,0,0,0,0,0,0,0,0,0,0,0,0,0,0,0,0,0,0,0,0,0,0,0,0,0,0,33.790034,-84.468182
Georgia,DEKALB,"State Patrol: Metropolitan Traffic Unit, Atlanta",GAGSP4800,0,0,0,0,0,0,0,0,0,0,0,0,0,0,0,0,0,0,0,0,0,0,0,0,0,0,0,0,0,0,0,0,0,33.77505,-84.520905
Georgia,UPSON,"State Patrol: Highway Support Division, Thomaston",GAGSPH300,0,0,0,0,0,0,0,0,0,0,0,0,0,0,0,0,0,0,0,0,0,0,0,0,0,0,0,0,0,0,0,0,0,32.898376,-84.30061
