State,County,Agency,Ori,total aggravated-assault crimes (2015-2023),total aggravated-assault cleared crimes (2015-2023),total aggravated-assault actual crimes (2015-2023),total violent-crime crimes (2015-2023),total violent-crime cleared crimes (2015-2023),total violent-crime actual crimes (2015-2023),total arson crimes (2015-2023),total arson cleared crimes (2015-2023),total arson actual crimes (2015-2023),total human-trafficing crimes (2015-2023),total human-trafficing cleared crimes (2015-2023),total human-trafficing actual crimes (2015-2023),total rape-legacy crimes (2015-2023),total rape-legacy cleared crimes (2015-2023),total rape-legacy actual crimes (2015-2023),total homicide crimes (2015-2023),total homicide cleared crimes (2015-2023),total homicide actual crimes (2015-2023),total burglary crimes (2015-2023),total burglary cleared crimes (2015-2023),total burglary actual crimes (2015-2023),total motor-vehicle-theft crimes (2015-2023),total motor-vehicle-theft cleared crimes (2015-2023),total motor-vehicle-theft actual crimes (2015-2023),total larceny crimes (2015-2023),total larceny cleared crimes (2015-2023),total larceny actual crimes (2015-2023),total rape crimes (2015-2023),total rape cleared crimes (2015-2023),total rape actual crimes (2015-2023),total property-crime crimes (2015-2023),total property-crime cleared crimes (2015-2023),total property-crime actual crimes (2015-2023),Latitude,Longitude
Washington,ADAMS,Adams County Sheriff's Office,WA0010000,218,93,125,318,131,187,20,4,16,0,0,0,40,16,24,11,5,6,632,88,544,274,49,225,901,62,839,56,22,34,1807,199,1608,47.12731,-118.38182
Washington,ADAMS,Othello Police Department,WA0010100,114,49,65,169,65,104,11,2,9,0,0,0,21,7,14,2,1,1,299,41,258,310,60,250,1296,235,1061,30,9,21,1905,336,1569,46.826157,-119.16781
Washington,ADAMS,Ritzville Police Department,WA0010200,13,5,8,21,6,15,3,1,2,0,0,0,5,1,4,1,0,1,199,15,184,32,2,30,486,36,450,7,1,6,717,53,664,47.12628,-118.38172
Washington,ASOTIN,Asotin County Sheriff's Office,WA0020000,137,53,84,183,57,126,4,2,2,0,0,0,22,1,21,3,1,2,336,42,294,117,7,110,796,21,775,32,1,31,1249,70,1179,46.181861,-117.227781
Washington,ASOTIN,Clarkston Police Department,WA0020100,180,65,115,281,88,193,25,5,20,0,0,0,31,3,28,8,4,4,580,128,452,113,10,103,3171,709,2462,51,7,44,3864,847,3017,46.181861,-117.227781
Washington,ASOTIN,Asotin Police Department,WA0020200,4,2,2,5,2,3,0,0,0,0,0,0,1,0,1,0,0,0,12,1,11,4,0,4,87,3,84,1,0,1,103,4,99,46.181861,-117.227781
Washington,BENTON,Benton County Sheriff's Office,WA0030000,821,356,465,1035,432,603,46,8,38,0,0,0,70,21,49,29,13,16,1260,198,1062,490,52,438,2888,357,2531,129,44,85,4638,607,4031,46.22202,-119.220474
Washington,BENTON,Kennewick Police Department,WA0030100,1801,681,1120,2970,1078,1892,217,32,185,13,3,10,378,127,251,43,19,24,3790,625,3165,2274,199,2075,19820,3858,15962,574,199,375,25884,4682,21202,46.20264,-119.120224
Washington,BENTON,Richland Police Department,WA0030200,1246,564,682,1816,759,1057,69,17,52,8,1,7,246,79,167,18,7,11,2294,462,1832,918,121,797,12413,2778,9635,361,121,240,15625,3361,12264,46.278522,-119.27373
Washington,BENTON,Prosser Police Department,WA0030300,115,44,71,141,55,86,7,1,6,0,0,0,5,2,3,0,0,0,260,37,223,117,4,113,854,140,714,8,3,5,1231,181,1050,46.206696,-119.7692
Washington,BENTON,West Richland Police Department,WA0030500,144,69,75,215,97,118,10,3,7,1,0,1,39,16,23,2,1,1,345,55,290,80,8,72,1052,181,871,56,22,34,1477,244,1233,46.296875,-119.33727
Washington,CHELAN,Chelan County Sheriff's Office,WA0040000,442,205,237,519,233,286,12,5,7,0,0,0,45,17,28,9,4,5,1268,145,1123,303,45,258,2416,375,2041,53,20,33,3987,565,3422,47.42257,-120.3168
Washington,CHELAN,Wenatchee Police Department,WA0040400,637,283,354,1001,407,594,65,14,51,2,1,1,136,41,95,10,4,6,1227,260,967,602,90,512,6770,1206,5564,207,63,144,8599,1556,7043,47.860831,-120.618822
Washington,CLALLAM,Clallam County Sheriff's Office,WA0050000,652,286,366,909,362,547,34,9,25,0,0,0,112,31,81,19,9,10,1588,233,1355,347,59,288,3715,765,2950,180,47,133,5650,1057,4593,48.114964,-123.432274
Washington,CLALLAM,Port Angeles Police Department,WA0050100,1059,455,604,1506,561,945,63,14,49,1,1,0,167,25,142,14,6,8,1384,218,1166,531,59,472,5446,779,4667,273,43,230,7361,1056,6305,48.113876,-123.432556
Washington,CLALLAM,Forks Police Department,WA0050200,70,31,39,89,36,53,5,2,3,0,0,0,6,1,5,0,0,0,91,18,73,20,5,15,465,151,314,13,2,11,576,174,402,48.110903,-123.88986
Washington,CLALLAM,Sequim Police Department,WA0050300,171,79,92,239,95,144,7,3,4,0,0,0,38,7,31,2,0,2,427,105,322,121,18,103,2679,831,1848,49,9,40,3227,954,2273,48.110903,-123.88986
Washington,NOT SPECIFIED,Hoh Tribal,WA0050500,3,0,3,3,0,3,1,0,1,0,0,0,0,0,0,0,0,0,9,2,7,0,0,0,8,1,7,0,0,0,17,3,14,48.023865,-122.76447
Washington,CLARK,Clark County Sheriff's Office,WA0060000,2368,833,1535,3616,1024,2592,201,35,166,4,1,3,435,28,407,46,17,29,4566,574,3992,5001,231,4770,14331,1327,13004,716,45,671,23898,2132,21766,45.771674,-122.485903
Washington,CLARK,Battle Ground Police Department,WA0060100,210,86,124,360,128,232,22,3,19,0,0,0,68,21,47,10,4,6,419,86,333,284,28,256,3126,748,2378,98,23,75,3829,862,2967,45.780037,-122.54341
Washington,CLARK,Camas Police Department,WA0060200,74,28,46,146,39,107,18,2,16,0,0,0,33,4,29,2,1,1,446,41,405,243,19,224,1960,180,1780,56,7,49,2649,240,2409,45.58757,-122.38522
Washington,CLARK,Vancouver Police Department,WA0060300,6122,1794,4328,9313,2343,6970,501,66,435,15,2,13,917,88,829,61,13,48,9113,1114,7999,11462,490,10972,39501,2808,36693,1273,121,1152,60076,4412,55664,45.771674,-122.485903
Washington,CLARK,Washougal Police Department,WA0060400,231,86,145,390,117,273,23,4,19,0,0,0,75,11,64,7,2,5,355,56,299,235,18,217,1807,250,1557,113,18,95,2397,324,2073,45.577847,-122.357635
Washington,CLARK,Ridgefield Police Department,WA0060500,78,33,45,105,37,68,14,3,11,0,0,0,13,2,11,0,0,0,214,26,188,89,4,85,838,99,739,21,2,19,1141,129,1012,45.771674,-122.485903
Washington,CLARK,La Center Police Department,WA0060600,41,17,24,51,21,30,10,3,7,0,0,0,6,3,3,0,0,0,77,8,69,55,3,52,301,28,273,6,3,3,433,39,394,45.771674,-122.485903
Washington,CLARK,Washington State University: Vancouver,WA0061000,0,0,0,2,0,2,0,0,0,0,0,0,1,0,1,0,0,0,5,0,5,1,0,1,20,2,18,1,0,1,26,2,24,45.725372,-122.63149
Washington,COLUMBIA,Columbia County Sheriff's Office,WA0070000,67,26,41,77,28,49,5,1,4,0,0,0,6,2,4,0,0,0,216,18,198,41,5,36,479,16,463,8,2,6,736,39,697,46.32079,-117.97825
Washington,COWLITZ,Cowlitz County Sheriff's Office,WA0080000,571,244,327,896,337,559,54,10,44,0,0,0,174,41,133,16,7,9,1308,198,1110,617,114,503,1917,324,1593,257,70,187,3842,636,3206,46.143826,-122.916916
Washington,COWLITZ,Kelso Police Department,WA0080100,374,148,226,602,209,393,50,11,39,0,0,0,87,18,69,11,4,7,760,117,643,457,61,396,4205,972,3233,117,24,93,5422,1150,4272,46.143547,-122.91182
Washington,COWLITZ,Longview Police Department,WA0080200,845,360,485,1513,536,977,129,21,108,4,2,2,222,37,185,15,6,9,2486,378,2108,1440,146,1294,11290,2753,8537,332,59,273,15216,3277,11939,46.13714,-122.93507
Washington,COWLITZ,Castle Rock Police Department,WA0080300,47,20,27,60,24,36,2,0,2,0,0,0,9,2,7,0,0,0,87,18,69,51,6,45,374,55,319,9,2,7,512,79,433,46.185923,-122.658682
Washington,COWLITZ,Kalama Police Department,WA0080400,20,5,15,29,6,23,2,0,2,0,0,0,4,1,3,0,0,0,91,6,85,40,0,40,270,22,248,5,1,4,401,28,373,46.185923,-122.658682
Washington,"CLARK, COWLITZ",Woodland Police Department,WA0080500,82,36,46,132,45,87,12,4,8,0,0,0,24,2,22,1,0,1,375,98,277,180,14,166,1944,588,1356,34,5,29,2499,700,1799,46.185923,-122.658682
Washington,DOUGLAS,Douglas County Sheriff's Office,WA0090000,127,56,71,211,80,131,16,4,12,0,0,0,55,16,39,5,1,4,631,73,558,281,32,249,1274,79,1195,63,16,47,2186,184,2002,47.735866,-119.69588
Washington,DOUGLAS,East Wenatchee Police Department,WA0090200,129,53,76,186,70,116,11,4,7,0,0,0,18,4,14,3,1,2,334,48,286,177,24,153,2867,630,2237,26,5,21,3378,702,2676,47.416946,-120.28912
Washington,FERRY,Ferry County Sheriff's Office,WA0100000,37,17,20,66,27,39,3,0,3,0,0,0,17,6,11,0,0,0,68,13,55,25,2,23,146,14,132,27,9,18,239,29,210,48.473256,-118.533589
Washington,FRANKLIN,Franklin County Sheriff's Office,WA0110000,279,119,160,361,147,214,50,10,40,0,0,0,21,6,15,10,4,6,420,51,369,158,17,141,788,102,686,45,14,31,1366,170,1196,46.236767,-119.09688
Washington,FRANKLIN,Connell Police Department,WA0110100,51,21,30,75,28,47,1,0,1,0,0,0,9,2,7,0,0,0,89,14,75,19,1,18,175,20,155,21,6,15,283,35,248,46.53458,-118.906944
Washington,FRANKLIN,Pasco Police Department,WA0110200,1404,557,847,2318,858,1460,165,23,142,4,0,4,242,68,174,40,19,21,2590,492,2098,1862,161,1701,10794,2140,8654,337,99,238,15246,2793,12453,46.235126,-119.0925
Washington,GARFIELD,Garfield County Sheriff's Office,WA0120000,124,29,95,144,33,111,5,1,4,0,0,0,14,3,11,0,0,0,94,7,87,26,6,20,196,7,189,19,4,15,316,20,296,46.429474,-117.536714
Washington,GRANT,Grant County Sheriff's Office,WA0130000,797,263,534,1094,336,758,72,9,63,0,0,0,133,30,103,25,9,16,2311,141,2170,1361,80,1281,4732,92,4640,183,42,141,8404,313,8091,47.213633,-119.467788
Washington,GRANT,Ephrata Police Department,WA0130100,170,69,101,249,95,154,10,3,7,0,0,0,23,6,17,0,0,0,910,131,779,277,27,250,2426,151,2275,35,9,26,3613,309,3304,47.318943,-119.551125
Washington,GRANT,Moses Lake Police Department,WA0130200,1086,462,624,1499,635,864,58,17,41,0,0,0,63,25,38,15,7,8,2153,643,1510,914,131,783,9141,2034,7107,148,62,86,12208,2808,9400,47.213633,-119.467788
Washington,GRANT,Quincy Police Department,WA0130300,147,49,98,210,64,146,10,1,9,0,0,0,21,3,18,4,1,3,548,45,503,269,18,251,1263,73,1190,30,5,25,2080,136,1944,47.213633,-119.467788
Washington,GRANT,Soap Lake Police Department,WA0130400,67,30,37,79,34,45,0,0,0,0,0,0,5,2,3,0,0,0,139,28,111,63,12,51,286,42,244,7,2,5,488,82,406,47.213633,-119.467788
Washington,GRANT,Grand Coulee Police Department,WA0130700,29,11,18,45,15,30,5,2,3,0,0,0,10,1,9,2,1,1,250,34,216,104,20,84,393,46,347,10,1,9,747,100,647,47.213633,-119.467788
Washington,GRANT,Mattawa Police Department,WA0130900,6,2,4,15,2,13,1,0,1,0,0,0,2,0,2,0,0,0,36,2,34,63,2,61,103,2,101,5,0,5,202,6,196,47.213633,-119.467788
Washington,GRANT,Royal City Police Department,WA0131000,12,3,9,21,5,16,2,0,2,0,0,0,2,0,2,2,1,1,64,4,60,68,8,60,131,18,113,4,1,3,263,30,233,47.213633,-119.467788
Washington,GRANT,Warden Police Department,WA0131100,45,21,24,51,23,28,4,2,2,0,0,0,1,0,1,0,0,0,103,16,87,106,8,98,308,22,286,3,1,2,517,46,471,46.96815,-119.03906
Washington,GRAYS HARBOR,Grays Harbor County Sheriff's Office,WA0140000,349,156,193,516,210,306,54,17,37,0,0,0,70,18,52,13,6,7,1231,257,974,310,85,225,1765,304,1461,122,37,85,3306,646,2660,47.142786,-123.827043
Washington,GRAYS HARBOR,Aberdeen Police Department,WA0140100,546,204,342,887,289,598,58,18,40,0,0,0,114,23,91,9,4,5,1520,291,1229,554,38,516,6731,2610,4121,148,31,117,8805,2939,5866,46.97577,-123.81747
Washington,GRAYS HARBOR,Elma Police Department,WA0140200,64,28,36,87,36,51,4,2,2,0,0,0,10,3,7,2,1,1,203,39,164,71,16,55,586,88,498,13,4,9,860,143,717,47.142786,-123.827043
Washington,GRAYS HARBOR,Hoquiam Police Department,WA0140300,92,22,70,140,34,106,17,4,13,0,0,0,12,2,10,7,2,5,382,28,354,137,4,133,1706,282,1424,18,4,14,2225,314,1911,46.97629,-123.88081
Washington,GRAYS HARBOR,McCleary Police Department,WA0140400,0,0,0,0,0,0,0,0,0,0,0,0,0,0,0,0,0,0,0,0,0,0,0,0,0,0,0,0,0,0,0,0,0,47.142786,-123.827043
Washington,GRAYS HARBOR,Montesano Police Department,WA0140500,44,20,24,60,26,34,2,1,1,0,0,0,4,1,3,0,0,0,99,19,80,26,8,18,444,85,359,6,1,5,569,112,457,47.142786,-123.827043
Washington,GRAYS HARBOR,Cosmopolis Police Department,WA0140600,0,0,0,0,0,0,2,1,1,0,0,0,0,0,0,0,0,0,21,2,19,3,1,2,87,4,83,0,0,0,111,7,104,47.142786,-123.827043
Washington,GRAYS HARBOR,Oakville Police Department,WA0140700,15,7,8,20,9,11,0,0,0,0,0,0,4,2,2,0,0,0,57,11,46,13,1,12,98,11,87,5,2,3,168,23,145,47.142786,-123.827043
Washington,GRAYS HARBOR,Ocean Shores Police Department,WA0140800,45,7,38,67,11,56,3,0,3,0,0,0,12,3,9,0,0,0,295,7,288,33,0,33,480,42,438,16,4,12,808,49,759,46.99953,-124.16033
Washington,GRAYS HARBOR,Westport Police Department,WA0140900,27,8,19,42,11,31,7,1,6,0,0,0,9,3,6,0,0,0,123,4,119,30,3,27,564,24,540,13,3,10,717,31,686,47.142786,-123.827043
Washington,ISLAND,Island County Sheriff's Office,WA0150000,426,172,254,552,205,347,21,6,15,0,0,0,51,8,43,7,3,4,1570,125,1445,312,43,269,2474,105,2369,89,19,70,4356,273,4083,48.158554,-122.670649
Washington,ISLAND,Oak Harbor Police Department,WA0150100,250,105,145,339,125,214,5,2,3,0,0,0,38,3,35,0,0,0,291,52,239,201,30,171,1408,280,1128,69,14,55,1900,362,1538,48.290424,-122.647736
Washington,ISLAND,Langley Police Department,WA0150300,2,1,1,3,1,2,2,1,1,0,0,0,0,0,0,0,0,0,7,0,7,2,1,1,21,0,21,0,0,0,30,1,29,48.158554,-122.670649
Washington,JEFFERSON,Jefferson County Sheriff's Office,WA0160000,248,95,153,317,110,207,13,2,11,0,0,0,25,1,24,7,3,4,852,52,800,156,15,141,1136,108,1028,39,4,35,2144,175,1969,48.023865,-122.76447
Washington,JEFFERSON,Port Townsend Police Department,WA0160100,251,89,162,324,110,214,26,6,20,0,0,0,23,4,19,7,3,4,408,70,338,99,12,87,1316,162,1154,36,6,30,1823,244,1579,47.802641,-123.52181
Washington,KING,King County Sheriff's Office,WA0170000,3947,1440,2507,6021,1876,4145,655,101,554,37,12,25,583,135,448,125,38,87,8611,610,8001,6877,606,6271,18401,936,17465,571,163,408,33889,2152,31737,47.602222,-122.33089
Washington,"KING, PIERCE",Auburn Police Department,WA0170100,2157,604,1553,3724,805,2919,203,16,187,0,0,0,294,24,270,54,3,51,6049,271,5778,6024,131,5893,19451,1687,17764,424,37,387,31524,2089,29435,47.281998,-122.25281
Washington,KING,Bellevue Police Department,WA0170200,1114,462,652,2243,812,1431,132,35,97,0,0,0,142,33,109,21,10,11,5907,635,5272,3118,364,2754,33668,4512,29156,235,63,172,42693,5511,37182,47.493554,-121.832375
Washington,"KING, SNOHOMISH",Bothell Police Department,WA0170300,272,109,163,556,190,366,43,8,35,0,0,0,92,24,68,9,4,5,1499,166,1333,789,51,738,7758,940,6818,116,28,88,10046,1157,8889,47.7614,-122.20562
Washington,KING,Enumclaw Police Department,WA0170400,58,24,34,104,31,73,11,1,10,0,0,0,20,3,17,0,0,0,281,14,267,283,9,274,1682,191,1491,28,4,24,2246,214,2032,47.204655,-121.98993
Washington,KING,Issaquah Police Department,WA0170600,92,30,62,257,70,187,18,2,16,0,0,0,54,16,38,3,1,2,1074,55,1019,752,21,731,9737,1082,8655,87,28,59,11563,1158,10405,47.493554,-121.832375
Washington,KING,Kent Police Department,WA0170700,2114,606,1508,4890,1145,3745,172,20,152,71,19,52,509,59,450,85,29,56,8780,533,8247,10709,471,10238,37201,4659,32542,736,86,650,56690,5663,51027,47.38059,-122.23741
Washington,KING,Kirkland Police Department,WA0170800,651,271,380,1127,373,754,65,8,57,0,0,0,132,25,107,6,2,4,2116,147,1969,1589,129,1460,13796,1119,12677,265,56,209,17501,1395,16106,47.678806,-122.20785
Washington,KING,Mercer Island Police Department,WA0170900,59,25,34,113,35,78,11,2,9,0,0,0,8,1,7,6,3,3,605,24,581,197,19,178,3028,142,2886,23,3,20,3830,185,3645,47.493554,-121.832375
Washington,KING,Normandy Park Police Department,WA0171000,26,9,17,55,15,40,0,0,0,0,0,0,2,0,2,0,0,0,184,5,179,121,3,118,917,102,815,6,1,5,1222,110,1112,47.493554,-121.832375
Washington,KING,North Bend Police Department,WA0171100,34,17,17,68,29,39,6,1,5,0,0,0,8,3,5,1,0,1,190,25,165,125,11,114,2014,390,1624,12,5,7,2329,426,1903,47.507355,-121.79707
Washington,KING,Redmond Police Department,WA0171200,648,299,349,1095,439,656,71,18,53,0,0,0,79,24,55,7,3,4,2048,304,1744,1064,118,946,15549,2331,13218,155,51,104,18661,2753,15908,47.493554,-121.832375
Washington,KING,Renton Police Department,WA0171300,2096,675,1421,3700,988,2712,135,15,120,94,42,52,302,74,228,43,9,34,5554,218,5336,7877,228,7649,31529,4925,26604,431,101,330,44960,5371,39589,47.46636,-122.23833
Washington,KING,Algona Police Department,WA0171400,30,4,26,44,5,39,1,0,1,0,0,0,5,0,5,0,0,0,106,1,105,62,3,59,301,8,293,9,1,8,469,12,457,47.278328,-122.24976
Washington,KING,Black Diamond Police Department,WA0171500,8,4,4,19,9,10,0,0,0,0,0,0,3,1,2,0,0,0,98,4,94,20,0,20,261,19,242,11,5,6,379,23,356,47.493554,-121.832375
Washington,KING,Carnation Police Department,WA0171600,12,3,9,17,4,13,6,2,4,0,0,0,3,1,2,0,0,0,71,8,63,29,2,27,160,17,143,4,1,3,260,27,233,47.493554,-121.832375
Washington,KING,Des Moines Police Department,WA0171700,576,199,377,1214,330,884,63,7,56,0,0,0,84,15,69,39,15,24,1326,107,1219,1994,45,1949,6221,398,5823,149,32,117,9541,550,8991,47.40732,-122.31989
Washington,KING,Duvall Police Department,WA0171800,12,0,12,24,0,24,6,0,6,0,0,0,8,0,8,1,0,1,42,2,40,34,0,34,302,1,301,8,0,8,378,3,375,47.493554,-121.832375
Washington,KING,Medina Police Department,WA0172000,9,3,6,10,3,7,1,0,1,0,0,0,0,0,0,0,0,0,87,4,83,32,7,25,355,3,352,0,0,0,474,14,460,47.493554,-121.832375
Washington,"KING, PIERCE",Pacific Police Department,WA0172100,41,14,27,103,30,73,7,2,5,0,0,0,20,7,13,1,0,1,220,13,207,314,6,308,770,40,730,32,11,21,1304,59,1245,47.264652,-122.24797
Washington,KING,Snoqualmie Police Department,WA0172200,29,13,16,51,23,28,8,0,8,0,0,0,8,4,4,0,0,0,178,23,155,153,9,144,1495,126,1369,9,4,5,1826,158,1668,47.527588,-121.87591
Washington,KING,Tukwila Police Department,WA0172300,635,141,494,1491,226,1265,52,0,52,0,0,0,119,8,111,20,6,14,1887,57,1830,4515,46,4469,24530,4389,20141,188,17,171,30932,4492,26440,47.462673,-122.25635
Washington,KING,University of Washington,WA0172400,86,26,60,168,38,130,14,2,12,4,1,3,33,3,30,0,0,0,542,45,497,182,4,178,4344,138,4206,44,5,39,5068,187,4881,47.493554,-121.832375
Washington,KING,Clyde Hill Police Department,WA0172500,1,0,1,2,0,2,1,0,1,0,0,0,1,0,1,0,0,0,69,3,66,10,0,10,181,3,178,1,0,1,260,6,254,47.631954,-122.212746
Washington,KING,Lake Forest Park Police Department,WA0172600,43,17,26,90,28,62,6,1,5,0,0,0,10,1,9,0,0,0,360,27,333,186,15,171,1769,180,1589,19,4,15,2315,222,2093,47.75392,-122.27694
Washington,KING,Skykomish Police Department,WA0172700,0,0,0,0,0,0,0,0,0,0,0,0,0,0,0,0,0,0,7,0,7,0,0,0,6,1,5,0,0,0,13,1,12,47.493554,-121.832375
Washington,KING,Beaux Arts,WA0172900,0,0,0,1,0,1,0,0,0,0,0,0,1,0,1,0,0,0,3,0,3,1,0,1,5,0,5,1,0,1,9,0,9,,
Washington,KING,Yarrow Point Police Department,WA0173100,4,2,2,6,3,3,0,0,0,0,0,0,2,1,1,0,0,0,12,0,12,7,0,7,53,0,53,2,1,1,72,0,72,47.631954,-122.212746
Washington,KING,Port of Seattle,WA0173200,99,36,63,128,44,84,6,1,5,0,0,0,6,0,6,0,0,0,263,36,227,717,55,662,5945,263,5682,6,0,6,6925,354,6571,47.493554,-121.832375
Washington,KING,Federal Way Police Department,WA0173600,2622,869,1753,4844,1327,3517,189,29,160,3,0,3,345,83,262,76,26,50,5741,270,5471,7428,117,7311,30781,4027,26754,512,118,394,43950,4414,39536,47.493554,-121.832375
Washington,KING,Seatac Police Department,WA0173700,882,301,581,1697,465,1232,55,13,42,13,3,10,173,33,140,38,11,27,1819,107,1712,3608,302,3306,7047,324,6723,169,40,129,12474,733,11741,47.602222,-122.33089
Washington,KING,Woodinville Police Department,WA0174000,72,27,45,174,48,126,21,3,18,1,0,1,39,8,31,0,0,0,484,23,461,295,16,279,2643,321,2322,42,13,29,3422,360,3062,47.493554,-121.832375
Washington,KING,Burien Police Department,WA0174100,1497,531,966,2564,759,1805,180,36,144,0,0,0,235,47,188,35,12,23,3766,249,3517,4910,498,4412,10366,815,9551,211,56,155,19042,1562,17480,47.602222,-122.33089
Washington,KING,Newcastle Police Department,WA0174200,54,21,33,88,27,61,6,1,5,0,0,0,14,2,12,1,0,1,464,45,419,306,27,279,1371,83,1288,12,2,10,2141,155,1986,47.537685,-122.16542
Washington,KING,Shoreline Police Department,WA0174300,652,252,400,1201,355,846,111,14,97,1,0,1,164,23,141,13,6,7,2587,189,2398,1718,120,1598,8113,949,7164,170,28,142,12418,1258,11160,47.493554,-121.832375
Washington,KING,Maple Valley Police Department,WA0174700,116,42,74,250,72,178,39,2,37,0,0,0,45,9,36,4,2,2,701,49,652,366,25,341,2269,237,2032,52,13,39,3336,311,3025,47.493554,-121.832375
Washington,KING,Covington Police Department,WA0174800,210,82,128,432,139,293,17,3,14,0,0,0,49,11,38,5,2,3,950,75,875,560,36,524,5104,950,4154,49,15,34,6614,1061,5553,47.359024,-122.11784
Washington,KING,Kenmore Police Department,WA0174900,96,39,57,176,56,120,26,5,21,0,0,0,29,4,25,2,0,2,554,39,515,298,24,274,1613,95,1518,22,4,18,2465,158,2307,47.75922,-122.243675
Washington,KING,Sammamish Police Department,WA0175000,142,53,89,263,86,177,29,4,25,0,0,0,60,13,47,11,3,8,698,36,662,245,16,229,2886,104,2782,61,17,44,3829,156,3673,47.60465,-122.035515
Washington,KITSAP,Kitsap County Sheriff's Office,WA0180000,3388,1008,2380,4678,1244,3434,152,26,126,3,0,3,616,71,545,55,23,32,6344,621,5723,2804,174,2630,18807,901,17906,829,104,725,27955,1696,26259,47.538002,-122.63901
Washington,KITSAP,Bremerton Police Department,WA0180100,1555,606,949,2247,775,1472,87,22,65,1,0,1,199,27,172,17,8,9,2502,404,2098,1675,145,1530,9724,1179,8545,304,50,254,13901,1728,12173,47.56505,-122.63333
Washington,KITSAP,Port Orchard Police Department,WA0180400,563,217,346,789,277,512,12,0,12,0,0,0,51,7,44,1,0,1,1067,214,853,704,38,666,4983,883,4100,91,14,77,6754,1135,5619,47.639687,-122.649636
Washington,KITSAP,Poulsbo Police Department,WA0180500,149,56,93,230,71,159,10,2,8,0,0,0,39,6,33,0,0,0,427,80,347,223,18,205,2131,278,1853,48,8,40,2781,376,2405,47.639687,-122.649636
Washington,KITSAP,Bainbridge Island Police Department,WA0180700,124,46,78,206,58,148,10,1,9,0,0,0,56,9,47,2,1,1,462,61,401,95,6,89,1854,162,1692,69,9,60,2411,229,2182,47.639687,-122.649636
Washington,KITTITAS,Kittitas County Sheriff's Office,WA0190000,110,44,66,170,55,115,18,5,13,0,0,0,23,3,20,8,3,5,527,44,483,180,19,161,1077,36,1041,42,6,36,1784,99,1685,46.996517,-120.54883
Washington,KITTITAS,Ellensburg Police Department,WA0190100,345,152,193,545,213,332,25,5,20,0,0,0,78,17,61,11,5,6,784,127,657,326,53,273,4732,847,3885,105,23,82,5842,1027,4815,46.9924,-120.54704
Washington,KITTITAS,Cle Elum Police Department,WA0190200,62,28,34,85,34,51,2,0,2,0,0,0,10,4,6,0,0,0,191,17,174,65,6,59,616,76,540,14,4,10,872,99,773,47.195858,-120.93819
Washington,KITTITAS,Kittitas Police Department,WA0190600,1,0,1,3,1,2,0,0,0,0,0,0,2,1,1,0,0,0,5,0,5,5,0,5,34,4,30,2,1,1,44,4,40,47.124444,-120.676714
Washington,KITTITAS,Central Washington University,WA0190800,4,2,2,26,4,22,0,0,0,0,0,0,6,1,5,0,0,0,42,5,37,15,0,15,683,30,653,21,2,19,740,35,705,46.999718,-120.54308
Washington,KLICKITAT,Klickitat County Sheriff's Office,WA0200000,26,3,23,42,7,35,2,0,2,0,0,0,1,0,1,6,1,5,334,5,329,54,2,52,94,1,93,6,1,5,482,8,474,45.821354,-120.82263
Washington,KLICKITAT,Goldendale Police Department,WA0200100,91,43,48,115,50,65,8,1,7,0,0,0,6,2,4,0,0,0,203,31,172,71,13,58,1002,180,822,13,4,9,1276,224,1052,45.869509,-120.780117
Washington,KLICKITAT,Bingen Police Department,WA0200200,11,4,7,16,5,11,2,1,1,0,0,0,3,1,2,0,0,0,23,3,20,8,1,7,92,7,85,3,1,2,123,11,112,45.869509,-120.780117
Washington,KLICKITAT,White Salmon Police Department,WA0200600,17,8,9,25,10,15,0,0,0,0,0,0,0,0,0,0,0,0,38,4,34,39,8,31,238,38,200,5,1,4,315,50,265,45.869509,-120.780117
Washington,LEWIS,Lewis County Sheriff's Office,WA0210000,810,401,409,1104,535,569,40,12,28,0,0,0,173,77,96,14,7,7,1845,300,1545,509,126,383,2812,421,2391,233,106,127,5166,847,4319,46.66148,-122.969284
Washington,LEWIS,Centralia Police Department,WA0210100,477,202,275,817,294,523,40,11,29,0,0,0,102,18,84,12,5,7,1260,189,1071,674,61,613,5716,869,4847,134,21,113,7650,1119,6531,46.580071,-122.377444
Washington,LEWIS,Chehalis Police Department,WA0210200,184,76,108,283,111,172,7,2,5,0,0,0,16,4,12,2,1,1,634,144,490,262,15,247,4341,1094,3247,20,5,15,5237,1253,3984,46.580071,-122.377444
Washington,LEWIS,Morton Police Department,WA0210300,7,3,4,13,5,8,0,0,0,0,0,0,2,0,2,0,0,0,21,3,18,8,2,6,68,6,62,2,0,2,97,11,86,46.580071,-122.377444
Washington,LEWIS,Mossyrock Police Department,WA0210400,4,2,2,4,2,2,0,0,0,0,0,0,0,0,0,0,0,0,9,0,9,9,2,7,29,2,27,0,0,0,47,4,43,46.580071,-122.377444
Washington,LEWIS,Napavine Police Department,WA0210700,7,3,4,8,3,5,0,0,0,0,0,0,0,0,0,0,0,0,33,4,29,18,2,16,108,8,100,1,0,1,159,14,145,46.580071,-122.377444
Washington,LEWIS,Pe Ell Police Department,WA0210900,0,0,0,0,0,0,0,0,0,0,0,0,0,0,0,0,0,0,0,0,0,0,0,0,0,0,0,0,0,0,0,0,0,46.580071,-122.377444
Washington,LEWIS,Toledo Police Department,WA0211000,2,0,2,5,1,4,0,0,0,0,0,0,0,0,0,0,0,0,16,1,15,1,0,1,60,2,58,0,0,0,77,3,74,46.580071,-122.377444
Washington,LEWIS,Winlock Police Department,WA0211200,6,3,3,17,4,13,2,1,1,0,0,0,4,0,4,0,0,0,33,3,30,14,0,14,169,13,156,9,0,9,216,16,200,46.580071,-122.377444
Washington,LINCOLN,Lincoln County Sheriff's Office,WA0220000,59,29,30,120,51,69,36,16,20,0,0,0,31,11,20,2,1,1,402,66,336,167,56,111,715,122,593,43,14,29,1284,244,1040,47.582718,-118.417667
Washington,LINCOLN,Odessa Police Department,WA0220600,6,3,3,6,3,3,0,0,0,0,0,0,0,0,0,0,0,0,6,2,4,2,0,2,25,3,22,0,0,0,33,5,28,47.582718,-118.417667
Washington,LINCOLN,Reardan Police Department,WA0220700,4,2,2,4,2,2,0,0,0,0,0,0,0,0,0,0,0,0,35,11,24,21,7,14,33,9,24,0,0,0,89,27,62,47.582718,-118.417667
Washington,MASON,Mason County Sheriff's Office,WA0230000,881,377,504,1184,482,702,43,13,30,0,0,0,95,27,68,42,17,25,3120,254,2866,977,87,890,4092,173,3919,136,41,95,8189,514,7675,47.354126,-123.17385
Washington,MASON,Shelton Police Department,WA0230400,364,145,219,574,193,381,20,6,14,0,0,0,93,13,80,7,3,4,754,155,599,385,26,359,4238,790,3448,115,16,99,5377,971,4406,47.354126,-123.17385
Washington,OKANOGAN,Okanogan County Sheriff's Office,WA0240000,360,158,202,449,183,266,12,4,8,0,0,0,38,8,30,17,6,11,850,86,764,218,30,188,1233,108,1125,52,11,41,2301,224,2077,48.36527,-119.58378
Washington,OKANOGAN,Brewster Police Department,WA0240100,26,10,16,38,14,24,2,0,2,0,0,0,5,2,3,0,0,0,42,9,33,22,3,19,118,27,91,10,3,7,182,39,143,48.550971,-119.691035
Washington,OKANOGAN,Omak Police Department,WA0240300,48,19,29,77,28,49,3,0,3,0,0,0,0,0,0,0,0,0,175,42,133,57,9,48,767,147,620,11,4,7,999,198,801,48.550971,-119.691035
Washington,OKANOGAN,Oroville Police Department,WA0240400,32,16,16,42,21,21,0,0,0,0,0,0,4,2,2,2,1,1,78,10,68,14,2,12,359,60,299,6,3,3,451,72,379,48.550971,-119.691035
Washington,"DOUGLAS, OKANOGAN",Coulee Dam Police Department,WA0240700,3,0,3,5,0,5,0,0,0,0,0,0,1,0,1,0,0,0,60,2,58,16,1,15,116,6,110,2,0,2,192,9,183,47.963646,-118.988205
Washington,OKANOGAN,Twisp Police Department,WA0240900,2,1,1,6,3,3,0,0,0,0,0,0,0,0,0,0,0,0,44,10,34,13,3,10,99,11,88,4,2,2,156,24,132,48.550971,-119.691035
Washington,OKANOGAN,Winthrop Police Department,WA0241000,8,3,5,9,3,6,0,0,0,0,0,0,1,0,1,0,0,0,18,2,16,0,0,0,47,5,42,1,0,1,65,7,58,48.550971,-119.691035
Washington,PACIFIC,Pacific County Sheriff's Office,WA0250000,218,98,120,261,112,149,10,4,6,0,0,0,8,2,6,10,5,5,535,53,482,103,25,78,680,39,641,25,7,18,1318,117,1201,46.556587,-123.782419
Washington,PACIFIC,Raymond Police Department,WA0250100,48,23,25,70,29,41,1,0,1,0,0,0,9,2,7,2,1,1,82,9,73,25,4,21,179,13,166,12,2,10,286,26,260,46.684814,-123.7345
Washington,PACIFIC,South Bend Police Department,WA0250200,9,1,8,17,1,16,0,0,0,0,0,0,3,0,3,0,0,0,12,0,12,9,1,8,38,5,33,6,0,6,59,6,53,46.556587,-123.782419
Washington,PACIFIC,Ilwaco Police Department,WA0250300,9,4,5,11,5,6,1,0,1,0,0,0,2,1,1,0,0,0,17,3,14,25,2,23,54,13,41,2,1,1,96,18,78,46.556587,-123.782419
Washington,PACIFIC,Long Beach Police Department,WA0250400,27,13,14,43,21,22,0,0,0,0,0,0,12,6,6,0,0,0,73,18,55,26,1,25,242,81,161,16,8,8,341,100,241,46.556587,-123.782419
Washington,PEND OREILLE,Pend Oreille County Sheriff's Office,WA0260000,145,58,87,186,67,119,19,7,12,0,0,0,21,3,18,5,2,3,499,26,473,166,9,157,1074,49,1025,33,6,27,1739,84,1655,48.543825,-117.232191
Washington,PEND OREILLE,Newport Police Department,WA0260200,9,3,6,15,5,10,2,1,1,0,0,0,3,1,2,2,1,1,16,6,10,15,2,13,165,47,118,3,1,2,196,55,141,48.179996,-117.04403
Washington,PIERCE,Pierce County Sheriff's Office,WA0270000,11191,4098,7093,15225,5316,9909,532,111,421,3,0,3,1049,367,682,199,83,116,18412,1651,16761,12209,577,11632,39190,1498,37692,1653,589,1064,69811,3726,66085,47.254436,-122.44484
Washington,PIERCE,Puyallup Police Department,WA0270100,827,326,501,1601,577,1024,229,52,177,2,1,1,126,45,81,19,7,12,3154,356,2798,2901,130,2771,19793,4482,15311,196,64,132,25848,4968,20880,47.190445,-122.29653
Washington,PIERCE,Sumner Police Department,WA0270200,158,35,123,255,48,207,38,1,37,0,0,0,17,1,16,2,0,2,905,51,854,709,12,697,3099,264,2835,28,2,26,4713,327,4386,47.202183,-122.24049
Washington,PIERCE,Tacoma Police Department,WA0270300,16388,4690,11698,23576,6345,17231,1188,179,1009,9,2,7,1242,376,866,289,119,170,19742,2412,17330,23292,1079,22213,72197,3919,68278,1928,621,1307,115231,7410,107821,47.051437,-122.153228
Washington,PIERCE,Buckley Police Department,WA0270400,110,40,70,138,46,92,13,2,11,0,0,0,15,4,11,2,1,1,144,9,135,66,8,58,359,26,333,22,4,18,569,43,526,47.051437,-122.153228
Washington,PIERCE,Eatonville Police Department,WA0270500,92,33,59,108,36,72,6,1,5,0,0,0,8,1,7,0,0,0,94,13,81,58,4,54,212,22,190,11,2,9,364,39,325,47.051437,-122.153228
Washington,PIERCE,Fife Police Department,WA0270700,837,263,574,1281,345,936,43,8,35,1,0,1,65,6,59,14,5,9,976,76,900,1879,51,1828,4692,447,4245,98,8,90,7547,574,6973,47.243153,-122.37945
Washington,"KING, PIERCE",Milton Police Department,WA0270900,225,91,134,298,110,188,10,3,7,0,0,0,10,2,8,3,1,2,393,44,349,413,20,393,1713,283,1430,12,2,10,2519,347,2172,47.24901,-122.32196
Washington,PIERCE,Roy Police Department,WA0271000,42,16,26,51,18,33,1,0,1,0,0,0,7,2,5,0,0,0,41,4,37,17,2,15,77,3,74,8,2,6,135,9,126,47.051437,-122.153228
Washington,PIERCE,Steilacoom Police Department,WA0271100,93,35,58,131,48,83,3,1,2,0,0,0,12,3,9,4,2,2,140,12,128,75,6,69,458,17,441,26,8,18,673,35,638,47.17053,-122.594536
Washington,PIERCE,Orting Police Department,WA0271300,100,33,67,141,43,98,17,2,15,0,0,0,9,1,8,0,0,0,153,12,141,132,9,123,760,59,701,17,3,14,1045,80,965,47.051437,-122.153228
Washington,PIERCE,Bonney Lake Police Department,WA0271400,318,127,191,456,160,296,21,2,19,1,0,1,40,6,34,2,1,1,836,135,701,401,22,379,4078,935,3143,57,6,51,5315,1092,4223,47.051437,-122.153228
Washington,PIERCE,Dupont Police Department,WA0271600,180,67,113,208,69,139,14,1,13,0,0,0,9,2,7,0,0,0,146,6,140,110,6,104,743,12,731,18,2,16,999,24,975,47.051437,-122.153228
Washington,PIERCE,Fircrest Police Department,WA0271700,108,43,65,145,57,88,8,2,6,0,0,0,7,3,4,0,0,0,273,39,234,138,7,131,859,77,782,12,6,6,1270,123,1147,47.23531,-122.50948
Washington,PIERCE,Gig Harbor Police Department,WA0271800,160,61,99,253,79,174,14,3,11,0,0,0,12,2,10,2,1,1,558,47,511,331,20,311,4128,769,3359,22,3,19,5017,836,4181,47.323265,-122.58553
Washington,PIERCE,Ruston Police Department,WA0271900,12,2,10,17,2,15,5,0,5,0,0,0,1,0,1,0,0,0,62,5,57,57,2,55,224,8,216,1,0,1,343,15,328,47.298378,-122.51296
Washington,PIERCE,Lakewood Police Department,WA0272300,3635,1218,2417,5191,1659,3532,137,35,102,6,1,5,313,107,206,46,16,30,4319,408,3911,4029,228,3801,15851,1108,14743,527,194,333,24199,1744,22455,47.172527,-122.50711
Washington,PIERCE,University Place Police Department,WA0272400,590,204,386,975,325,650,41,9,32,0,0,0,92,31,61,14,7,7,1326,113,1213,876,53,823,4660,216,4444,148,53,95,6862,382,6480,47.224205,-122.53705
Washington,PIERCE,Edgewood Police Department,WA0272500,145,49,96,207,60,147,16,2,14,0,0,0,22,5,17,0,0,0,694,37,657,305,14,291,1407,39,1368,31,8,23,2406,90,2316,47.051437,-122.153228
Washington,SAN JUAN,San Juan County Sheriff's Office,WA0280000,105,46,59,128,52,76,5,0,5,0,0,0,13,3,10,6,3,3,262,39,223,66,10,56,879,76,803,14,3,11,1207,125,1082,48.508861,-123.100616
Washington,SKAGIT,Skagit County Sheriff's Office,WA0290000,862,369,493,1147,469,678,61,15,46,0,0,0,73,27,46,24,12,12,2634,282,2352,743,66,677,5153,347,4806,120,41,79,8530,695,7835,48.41821,-122.33612
Washington,SKAGIT,Anacortes Police Department,WA0290100,172,82,90,265,118,147,15,4,11,1,0,1,26,7,19,4,2,2,627,93,534,237,32,205,3438,566,2872,40,14,26,4302,691,3611,48.502922,-122.61618
Washington,SKAGIT,Mount Vernon Police Department,WA0290200,658,300,358,1096,455,641,98,38,60,0,0,0,110,37,73,15,8,7,1865,436,1429,1048,70,978,9620,2368,7252,159,51,108,12533,2874,9659,48.43675,-122.32585
Washington,SKAGIT,Sedro Woolley Police Department,WA0290300,158,77,81,204,97,107,4,2,2,0,0,0,26,13,13,4,2,2,503,76,427,238,25,213,2102,223,1879,28,14,14,2843,324,2519,48.509216,-122.23854
Washington,SKAGIT,Burlington Police Department,WA0290400,84,39,45,286,124,162,13,5,8,0,0,0,42,19,23,18,8,10,872,194,678,461,33,428,7323,1683,5640,51,23,28,8656,1910,6746,48.468105,-122.33187
Washington,SKAMANIA,Skamania County Sheriff's Office,WA0300000,92,40,52,127,52,75,7,3,4,0,0,0,15,4,11,7,3,4,223,24,199,116,22,94,544,32,512,25,8,17,883,78,805,46.024782,-121.953227
Washington,SNOHOMISH,Snohomish County Sheriff's Office,WA0310000,5230,2302,2928,7038,2754,4284,291,39,252,0,0,0,479,92,387,42,15,27,10626,1185,9441,7621,637,6984,25903,2344,23559,813,177,636,44150,4166,39984,48.054913,-121.766412
Washington,SNOHOMISH,Arlington Police Department,WA0310100,505,223,282,727,293,434,21,3,18,0,0,0,83,28,55,9,4,5,1031,138,893,698,46,652,5671,1380,4291,102,32,70,7400,1564,5836,48.190845,-122.12656
Washington,SNOHOMISH,Edmonds Police Department,WA0310200,656,286,370,1130,448,682,43,7,36,0,0,0,88,24,64,16,8,8,1698,294,1404,736,69,667,7938,1619,6319,141,39,102,10372,1982,8390,47.812107,-122.376144
Washington,SNOHOMISH,Everett Police Department,WA0310300,3188,1170,2018,5086,1672,3414,198,47,151,0,0,0,406,112,294,76,34,42,6803,877,5926,7448,493,6955,30438,4467,25971,575,137,438,44689,5837,38852,47.977795,-122.20719
Washington,SNOHOMISH,Lynnwood Police Department,WA0310400,753,325,428,1519,581,938,47,12,35,2,0,2,171,58,113,10,3,7,1996,306,1690,1780,142,1638,18790,5380,13410,245,80,165,22566,5828,16738,48.054913,-121.766412
Washington,SNOHOMISH,Marysville Police Department,WA0310500,1057,412,645,1765,602,1163,91,16,75,0,0,0,205,51,154,16,5,11,2292,312,1980,2049,155,1894,11496,2933,8563,327,77,250,15837,3400,12437,48.061275,-122.174385
Washington,SNOHOMISH,Mountlake Terrace Police Department,WA0310600,259,113,146,455,173,282,24,4,20,1,0,1,49,13,36,6,2,4,934,101,833,661,41,620,3276,322,2954,75,23,52,4871,464,4407,47.788452,-122.31265
Washington,SNOHOMISH,Snohomish Police Department,WA0310700,200,92,108,308,130,178,16,4,12,0,0,0,19,3,16,0,0,0,540,112,428,291,14,277,2361,594,1767,29,8,21,3192,720,2472,47.91324,-122.08895
Washington,SNOHOMISH,Brier Police Department,WA0310800,39,14,25,50,17,33,3,0,3,0,0,0,3,1,2,0,0,0,123,7,116,51,3,48,356,12,344,6,2,4,530,22,508,47.792034,-122.272064
Washington,SNOHOMISH,Darrington Police Department,WA0310900,80,38,42,93,40,53,3,1,2,0,0,0,9,2,7,0,0,0,81,15,66,25,3,22,117,25,92,13,2,11,223,43,180,48.054913,-121.766412
Washington,SNOHOMISH,Gold Bar Police Department,WA0311000,21,9,12,36,14,22,1,0,1,0,0,0,6,1,5,0,0,0,131,20,111,20,3,17,124,12,112,7,2,5,275,35,240,48.054913,-121.766412
Washington,SNOHOMISH,Granite Falls Police Department,WA0311100,60,27,33,82,33,49,0,0,0,0,0,0,5,0,5,0,0,0,144,18,126,59,4,55,298,40,258,6,0,6,501,62,439,48.054913,-121.766412
Washington,SNOHOMISH,Monroe Police Department,WA0311200,569,249,320,789,316,473,24,3,21,0,0,0,69,20,49,4,2,2,555,137,418,389,37,352,4646,1155,3491,127,33,94,5590,1329,4261,48.054913,-121.766412
Washington,SNOHOMISH,Mukilteo Police Department,WA0311300,289,130,159,417,173,244,13,2,11,0,0,0,55,18,37,8,4,4,742,69,673,335,21,314,2950,220,2730,69,23,46,4027,310,3717,47.90376,-122.296524
Washington,SNOHOMISH,Stanwood Police Department,WA0311400,99,46,53,160,66,94,5,1,4,0,0,0,26,8,18,0,0,0,249,50,199,111,14,97,1148,189,959,37,11,26,1508,253,1255,48.054913,-121.766412
Washington,SNOHOMISH,Sultan Police Department,WA0311500,133,64,69,171,78,93,5,1,4,0,0,0,7,2,5,0,0,0,218,27,191,85,10,75,444,47,397,13,4,9,747,84,663,48.054913,-121.766412
Washington,SNOHOMISH,Woodway Police Department,WA0311600,2,1,1,3,1,2,0,0,0,0,0,0,0,0,0,0,0,0,47,5,42,3,1,2,62,0,62,0,0,0,112,6,106,47.7823,-122.38467
Washington,SNOHOMISH,Index Police Department,WA0311800,2,1,1,2,1,1,0,0,0,0,0,0,0,0,0,0,0,0,2,0,2,4,0,4,7,1,6,0,0,0,13,1,12,48.054913,-121.766412
Washington,SNOHOMISH,Lake Stevens Police Department,WA0311900,487,208,279,758,297,461,39,8,31,2,1,1,118,42,76,4,2,2,702,117,585,470,43,427,2583,424,2159,170,54,116,3755,584,3171,48.054913,-121.766412
Washington,SNOHOMISH,Mill Creek Police Department,WA0312100,207,79,128,334,114,220,17,2,15,0,0,0,33,10,23,5,2,3,551,56,495,345,29,316,2682,307,2375,53,15,38,3578,392,3186,47.859077,-122.22027
Washington,SPOKANE,Spokane County Sheriff's Office,WA0320000,1678,663,1015,2462,816,1646,114,20,94,6,2,4,324,39,285,53,23,30,5904,429,5475,2426,186,2240,18390,739,17651,401,53,348,26720,1354,25366,47.665245,-117.42813
Washington,SPOKANE,Cheney Police Department,WA0320100,208,79,129,367,123,244,4,1,3,2,1,1,91,24,67,0,0,0,407,53,354,211,24,187,1595,203,1392,127,31,96,2213,280,1933,47.48678,-117.57775
Washington,SPOKANE,Spokane Police Department,WA0320400,10270,3034,7236,15316,3830,11486,594,78,516,78,13,65,1557,126,1431,158,61,97,18421,1761,16660,13511,966,12545,88243,5130,83113,1860,153,1707,120175,7857,112318,47.665245,-117.42813
Washington,SPOKANE,Airway Heights Police Department,WA0320600,176,64,112,282,85,197,9,2,7,0,0,0,38,4,34,3,0,3,484,68,416,364,6,358,2609,406,2203,49,5,44,3457,480,2977,47.64488,-117.59315
Washington,SPOKANE,Eastern Washington University,WA0320900,15,4,11,45,7,38,2,0,2,0,0,0,10,0,10,0,0,0,57,7,50,13,0,13,218,8,210,27,2,25,288,15,273,47.620375,-117.403371
Washington,SPOKANE,Liberty Lake Police Department,WA0321300,83,28,55,133,43,90,1,0,1,0,0,0,24,9,15,0,0,0,217,14,203,115,4,111,1182,109,1073,32,10,22,1514,127,1387,47.668156,-117.10452
Washington,SPOKANE,Spokane Valley Police Department,WA0321500,2393,937,1456,3668,1259,2409,118,27,91,2,1,1,315,53,262,44,20,24,5984,819,5165,3668,302,3366,31429,3863,27566,420,68,352,41081,4984,36097,47.620375,-117.403371
Washington,STEVENS,Stevens County Sheriff's Office,WA0330000,249,79,170,363,104,259,18,3,15,0,0,0,43,10,33,24,7,17,1244,65,1179,336,31,305,1676,76,1600,69,11,58,3256,172,3084,48.390648,-117.854897
Washington,STEVENS,Chewelah Police Department,WA0330100,38,17,21,43,19,24,0,0,0,0,0,0,1,0,1,2,1,1,106,16,90,27,6,21,247,35,212,1,0,1,380,57,323,48.390648,-117.854897
Washington,STEVENS,Colville Police Department,WA0330200,22,9,13,30,12,18,0,0,0,0,0,0,1,0,1,0,0,0,54,14,40,22,2,20,556,188,368,4,1,3,632,204,428,48.390648,-117.854897
Washington,STEVENS,Kettle Falls Police Department,WA0330300,34,15,19,49,18,31,0,0,0,0,0,0,8,1,7,0,0,0,72,14,58,17,1,16,142,16,126,8,1,7,231,31,200,48.390648,-117.854897
Washington,THURSTON,Thurston County Sheriff's Office,WA0340000,2679,1109,1570,3264,1244,2020,108,21,87,1,0,1,111,15,96,48,20,28,5367,521,4846,2070,291,1779,8526,268,8258,271,38,233,15963,1080,14883,46.932598,-122.829441
Washington,THURSTON,Olympia Police Department,WA0340100,1952,738,1214,2954,981,1973,95,22,73,0,0,0,210,26,184,11,3,8,3014,362,2652,2000,103,1897,13736,1197,12539,288,40,248,18750,1662,17088,47.04081,-122.89205
Washington,THURSTON,Tumwater Police Department,WA0340200,625,254,371,858,304,554,21,5,16,0,0,0,72,9,63,4,2,2,1170,123,1047,701,33,668,4995,824,4171,106,15,91,6866,980,5886,46.9854,-122.91215
Washington,THURSTON,Lacey Police Department,WA0340400,821,330,491,1307,429,878,67,15,52,0,0,0,140,17,123,10,2,8,1936,281,1655,1297,69,1228,12269,2519,9750,203,29,174,15502,2869,12633,46.932598,-122.829441
Washington,THURSTON,Tenino Police Department,WA0340800,21,7,14,28,8,20,2,0,2,0,0,0,1,0,1,0,0,0,60,3,57,19,1,18,166,19,147,5,0,5,245,23,222,46.932598,-122.829441
Washington,THURSTON,Yelm Police Department,WA0340900,254,107,147,343,135,208,11,2,9,0,0,0,22,3,19,0,0,0,446,46,400,233,27,206,3963,1214,2749,27,4,23,4642,1287,3355,46.94294,-122.60842
Washington,THURSTON,State Gambling Commission Enforcement Unit,WA0341000,0,0,0,0,0,0,0,0,0,0,0,0,0,0,0,0,0,0,8,2,6,0,0,0,116,4,112,0,0,0,124,6,118,46.932598,-122.829441
Washington,THURSTON,Evergreen State College,WA0341900,2,0,2,15,3,12,0,0,0,0,0,0,4,0,4,0,0,0,29,2,27,12,0,12,270,8,262,12,3,9,311,10,301,47.06219,-122.97784
Washington,NOT SPECIFIED,Washington State Parks and Recreation Law Enforcement,WA0342000,17,4,13,21,4,17,7,0,7,0,0,0,1,0,1,0,0,0,271,1,270,16,0,16,377,0,377,1,0,1,664,1,663,,
Washington,THURSTON,State Insurance Commissioner Special Investigations Unit,WA034225Y,0,0,0,0,0,0,0,0,0,0,0,0,0,0,0,0,0,0,0,0,0,0,0,0,14,0,14,0,0,0,14,0,14,47.022686,-122.92076
Washington,WAHKIAKUM,Wahkiakum County Sheriff's Office,WA0350000,48,20,28,70,25,45,5,2,3,0,0,0,13,3,10,0,0,0,114,18,96,27,2,25,232,19,213,19,4,15,373,39,334,46.294638,-123.424458
Washington,WALLA WALLA,Walla Walla County Sheriff's Office,WA0360000,351,138,213,441,159,282,35,6,29,0,0,0,44,9,35,7,3,4,722,57,665,294,32,262,1314,71,1243,65,13,52,2330,160,2170,46.254606,-118.480374
Washington,WALLA WALLA,Walla Walla Police Department,WA0360100,972,317,655,1420,420,1000,122,26,96,0,0,0,154,28,126,22,9,13,1602,228,1374,662,74,588,7909,1153,6756,254,42,212,10173,1455,8718,46.06635,-118.3408
Washington,WALLA WALLA,College Place Police Department,WA0360200,100,41,59,132,50,82,12,4,8,0,0,0,4,0,4,0,0,0,337,99,238,105,6,99,1996,546,1450,20,4,16,2438,651,1787,46.043552,-118.38852
Washington,WHATCOM,Whatcom County Sheriff's Office,WA0370000,1273,528,745,1754,656,1098,79,17,62,0,0,0,203,44,159,47,23,24,2593,250,2343,781,60,721,5307,217,5090,312,64,248,8681,527,8154,48.75403,-122.4796
Washington,WHATCOM,Bellingham Police Department,WA0370100,2107,869,1238,3499,1287,2212,125,27,98,0,0,0,243,43,200,30,15,15,5819,1133,4686,2370,243,2127,33133,5605,27528,405,77,328,41322,6981,34341,48.755722,-122.479614
Washington,WHATCOM,Blaine Police Department,WA0370200,92,40,52,118,47,71,7,3,4,0,0,0,10,2,8,3,1,2,314,49,265,53,8,45,707,87,620,15,3,12,1074,144,930,48.994038,-122.74932
Washington,WHATCOM,Everson Police Department,WA0370300,12,4,8,16,5,11,1,0,1,0,0,0,2,0,2,2,1,1,16,0,16,12,2,10,256,4,252,2,0,2,284,6,278,48.842653,-121.836432
Washington,WHATCOM,Ferndale Police Department,WA0370400,190,80,110,282,106,176,16,4,12,0,0,0,39,11,28,7,3,4,475,61,414,195,25,170,2496,438,2058,48,11,37,3166,524,2642,48.842653,-121.836432
Washington,WHATCOM,Lynden Police Department,WA0370500,109,42,67,190,66,124,14,3,11,0,0,0,47,11,36,0,0,0,266,39,227,68,12,56,1739,273,1466,61,17,44,2073,324,1749,48.939228,-122.481026
Washington,WHATCOM,Sumas Police Department,WA0370700,8,4,4,18,8,10,0,0,0,0,0,0,6,2,4,0,0,0,16,1,15,7,2,5,93,18,75,10,4,6,116,21,95,48.842653,-121.836432
Washington,WHATCOM,Western Washington University,WA0370800,3,1,2,22,5,17,3,0,3,0,0,0,9,2,7,0,0,0,63,5,58,29,0,29,773,18,755,12,3,9,865,23,842,48.842653,-121.836432
Washington,WHITMAN,Whitman County Sheriff's Office,WA0380000,138,66,72,193,92,101,9,4,5,0,0,0,27,13,14,4,2,2,225,64,161,106,32,74,348,87,261,47,22,25,679,183,496,46.903322,-117.522962
Washington,WHITMAN,Colfax Police Department,WA0380100,13,3,10,17,3,14,1,0,1,0,0,0,2,0,2,0,0,0,25,1,24,8,1,7,85,4,81,4,0,4,118,6,112,46.877945,-117.363754
Washington,WHITMAN,Pullman Police Department,WA0380300,233,94,139,450,153,297,21,6,15,0,0,0,128,32,96,2,1,1,891,126,765,115,22,93,2692,563,2129,162,38,124,3698,711,2987,46.728466,-117.18004
Washington,WHITMAN,Washington State University: Pullman,WA0380500,22,5,17,81,15,66,2,0,2,0,0,0,40,6,34,0,0,0,115,10,105,12,1,11,598,40,558,51,7,44,725,51,674,46.903322,-117.522962
Washington,WHITMAN,Colton Police Department,WA0380600,0,0,0,0,0,0,0,0,0,0,0,0,0,0,0,0,0,0,0,0,0,0,0,0,0,0,0,0,0,0,0,0,0,46.903322,-117.522962
Washington,WHITMAN,Garfield Police Department,WA0380700,0,0,0,0,0,0,0,0,0,0,0,0,0,0,0,0,0,0,0,0,0,0,0,0,0,0,0,0,0,0,0,0,0,46.903322,-117.522962
Washington,WHITMAN,Palouse Police Department,WA0380900,0,0,0,0,0,0,0,0,0,0,0,0,0,0,0,0,0,0,0,0,0,0,0,0,0,0,0,0,0,0,0,0,0,46.903322,-117.522962
Washington,WHITMAN,Oakesdale Police Department,WA0381400,0,0,0,0,0,0,0,0,0,0,0,0,0,0,0,0,0,0,0,0,0,0,0,0,0,0,0,0,0,0,0,0,0,46.903322,-117.522962
Washington,YAKIMA,Yakima County Sheriff's Office,WA0390000,1253,484,769,1764,645,1119,98,17,81,0,0,0,192,72,120,72,29,43,3931,327,3604,2289,170,2119,6616,584,6032,245,87,158,12836,1081,11755,46.456558,-120.740145
Washington,YAKIMA,Grandview Police Department,WA0390100,140,44,96,193,54,139,10,1,9,0,0,0,16,0,16,2,1,1,476,31,445,313,8,305,1405,199,1206,26,4,22,2194,238,1956,46.456558,-120.740145
Washington,YAKIMA,Sunnyside Police Department,WA0390200,322,112,210,479,151,328,14,3,11,0,0,0,32,6,26,16,3,13,652,78,574,683,28,655,3619,753,2866,43,9,34,4954,859,4095,46.32872,-120.02305
Washington,YAKIMA,Toppenish Police Department,WA0390300,351,132,219,582,214,368,27,7,20,0,0,0,40,12,28,22,9,13,945,113,832,778,32,746,3130,618,2512,61,22,39,4853,763,4090,46.375114,-120.309715
Washington,YAKIMA,Union Gap Police Department,WA0390400,110,49,61,252,94,158,3,1,2,0,0,0,15,4,11,13,2,11,538,57,481,392,32,360,6069,2309,3760,23,4,19,6999,2398,4601,46.456558,-120.740145
Washington,YAKIMA,Yakima Police Department,WA0390500,4469,1587,2882,6397,2138,4259,224,45,179,1,0,1,346,109,237,134,45,89,6845,701,6144,4717,385,4332,22632,3408,19224,540,166,374,34194,4494,29700,46.456558,-120.740145
Washington,YAKIMA,Zillah Police Department,WA0390600,0,0,0,8,0,8,1,0,1,0,0,0,3,0,3,0,0,0,50,0,50,18,0,18,217,12,205,6,0,6,285,12,273,46.456558,-120.740145
Washington,YAKIMA,Granger Police Department,WA0390700,8,2,6,16,5,11,1,0,1,0,0,0,0,0,0,0,0,0,58,0,58,42,0,42,136,9,127,2,1,1,236,9,227,46.456558,-120.740145
Washington,YAKIMA,Mabton Police Department,WA0390900,13,2,11,18,3,15,0,0,0,0,0,0,1,0,1,0,0,0,47,2,45,15,0,15,78,4,74,1,0,1,140,6,134,46.456558,-120.740145
Washington,YAKIMA,Selah Police Department,WA0391100,33,15,18,81,35,46,3,0,3,0,0,0,21,9,12,2,1,1,194,18,176,115,9,106,1110,208,902,27,12,15,1419,235,1184,46.644024,-120.53037
Washington,YAKIMA,Tieton Police Department,WA0391200,0,0,0,2,0,2,0,0,0,0,0,0,1,0,1,0,0,0,15,2,13,10,0,10,47,3,44,1,0,1,72,5,67,46.456558,-120.740145
Washington,YAKIMA,Wapato Police Department,WA0391300,32,3,29,51,6,45,0,0,0,0,0,0,0,0,0,0,0,0,134,6,128,170,3,167,312,42,270,6,2,4,616,51,565,46.456558,-120.740145
Washington,YAKIMA,Moxee Police Department,WA0391400,58,29,29,80,39,41,1,0,1,0,0,0,5,2,3,2,1,1,73,22,51,47,11,36,171,31,140,16,7,9,291,64,227,46.456558,-120.740145
Washington,YAKIMA,Law Enforcement Against Drugs Task Force,WA0391700,0,0,0,0,0,0,0,0,0,0,0,0,0,0,0,0,0,0,0,0,0,0,0,0,1,0,1,0,0,0,1,0,1,,
Washington,NOT SPECIFIED,Nisqually Tribal,WADI00800,11,0,11,12,0,12,0,0,0,0,0,0,0,0,0,0,0,0,10,0,10,31,1,30,49,0,49,0,0,0,90,1,89,47.001446,-122.66679
Washington,NOT SPECIFIED,Suquamish Tribal,WADI00900,35,17,18,51,22,29,3,0,3,0,0,0,6,0,6,2,1,1,98,37,61,27,9,18,275,77,198,10,2,8,400,123,277,47.72907,-122.558105
Washington,NOT SPECIFIED,Muckleshoot Tribal,WADI01000,53,20,33,62,23,39,4,1,3,0,0,0,9,3,6,0,0,0,52,3,49,28,2,26,122,8,114,9,3,6,202,13,189,,
Washington,NOT SPECIFIED,Skokomish Tribal,WADI01100,26,11,15,26,11,15,0,0,0,0,0,0,0,0,0,0,0,0,27,1,26,15,2,13,88,6,82,0,0,0,130,9,121,47.321728,-123.14601
Washington,NOT SPECIFIED,Shoalwater Bay Tribal,WADI01200,0,0,0,0,0,0,0,0,0,0,0,0,0,0,0,0,0,0,1,0,1,3,0,3,9,2,7,0,0,0,13,2,11,46.556587,-123.782419
Washington,NOT SPECIFIED,Stillaguamish Tribal,WADI01300,13,4,9,16,5,11,0,0,0,0,0,0,0,0,0,0,0,0,11,0,11,26,1,25,128,10,118,0,0,0,165,11,154,48.20435,-122.214554
Washington,NOT SPECIFIED,Nooksack Tribal,WADI01400,32,13,19,36,15,21,0,0,0,0,0,0,0,0,0,0,0,0,47,21,26,0,0,0,146,65,81,2,1,1,193,86,107,48.842653,-121.836432
Washington,NOT SPECIFIED,Spokane Agency,WADI05100,120,15,105,128,16,112,6,1,5,0,0,0,0,0,0,0,0,0,141,8,133,101,4,97,332,4,328,3,0,3,574,16,558,48.390648,-117.854897
Washington,NOT SPECIFIED,Quinault Indian Nation,WADI05400,79,35,44,94,41,53,0,0,0,0,0,0,0,0,0,0,0,0,61,29,32,18,8,10,74,33,41,9,3,6,153,70,83,47.142786,-123.827043
Washington,NOT SPECIFIED,Squaxin Island Tribal,WADI05500,94,21,73,107,23,84,0,0,0,0,0,0,0,0,0,0,0,0,47,5,42,120,7,113,649,43,606,3,0,3,816,55,761,47.121563,-123.07838
Washington,NOT SPECIFIED,Makah Tribal,WADI05600,25,12,13,45,21,24,0,0,0,0,0,0,0,0,0,0,0,0,11,2,9,7,2,5,40,10,30,13,6,7,58,14,44,48.110903,-123.88986
Washington,NOT SPECIFIED,Colville Tribal,WADI05700,338,126,212,409,147,262,69,14,55,0,0,0,6,1,5,6,3,3,625,140,485,362,108,254,1373,359,1014,49,13,36,2360,607,1753,48.550971,-119.691035
Washington,NOT SPECIFIED,Yakama Nation,WADI05800,104,21,83,303,34,269,137,3,134,0,0,0,7,1,6,15,4,11,956,50,906,1215,85,1130,2263,163,2100,158,5,153,4434,298,4136,46.456558,-120.740145
Washington,NOT SPECIFIED,Lummi Tribal,WADI05900,311,130,181,416,152,264,6,1,5,0,0,0,46,8,38,2,0,2,555,54,501,121,16,105,1016,81,935,80,16,64,1692,151,1541,48.793793,-122.62376
Washington,NOT SPECIFIED,Kalispel Tribal,WADI06100,29,13,16,62,26,36,2,1,1,0,0,0,3,0,3,4,2,2,137,56,81,163,28,135,1848,559,1289,8,2,6,2148,643,1505,48.543825,-117.232191
Washington,NOT SPECIFIED,Puyallup Tribal,WADI06200,218,53,165,444,91,353,28,1,27,1,0,1,6,0,6,6,2,4,1111,61,1050,1771,101,1670,2712,265,2447,46,7,39,5594,427,5167,47.23772,-122.409485
Washington,NOT SPECIFIED,Sauk-Suiattle Tribal,WADI06300,4,1,3,4,1,3,0,0,0,0,0,0,0,0,0,0,0,0,6,0,6,0,0,0,0,0,0,0,0,0,6,0,6,48.32123,-121.553085
Washington,NOT SPECIFIED,Swinomish Tribal,WADI06400,7,2,5,12,2,10,0,0,0,0,0,0,4,0,4,0,0,0,46,2,44,13,0,13,204,13,191,5,0,5,263,15,248,48.493292,-121.81577
Washington,NOT SPECIFIED,Upper Skagit Tribal,WADI06500,50,16,34,59,18,41,0,0,0,0,0,0,0,0,0,0,0,0,9,2,7,15,7,8,129,40,89,8,2,6,153,49,104,48.539516,-122.18525
Washington,NOT SPECIFIED,Port Gamble S'Klallam Tribal,WADI06600,9,3,6,11,4,7,0,0,0,0,0,0,0,0,0,0,0,0,11,1,10,16,8,8,120,27,93,2,1,1,147,36,111,47.85288,-122.5703
Washington,NOT SPECIFIED,Chehalis Tribal,WADI06700,274,121,153,300,125,175,8,0,8,0,0,0,2,0,2,0,0,0,140,16,124,162,34,128,525,74,451,15,1,14,827,124,703,47.142786,-123.827043
Washington,NOT SPECIFIED,Tulalip Tribal,WADI06800,110,34,76,149,44,105,8,3,5,0,0,0,5,0,5,1,0,1,140,25,115,306,50,256,2182,211,1971,10,0,10,2628,286,2342,48.08486,-122.27295
Washington,NOT SPECIFIED,La Push Tribal,WADI07000,16,8,8,24,10,14,2,1,1,0,0,0,1,0,1,0,0,0,48,12,36,10,3,7,187,69,118,6,1,5,245,84,161,48.110903,-123.88986
Washington,NOT SPECIFIED,Jamestown S'Klallam Tribal,WADI08200,2,1,1,2,1,1,0,0,0,0,0,0,0,0,0,0,0,0,2,0,2,4,2,2,70,9,61,0,0,0,76,11,65,48.0242,-122.996506
Washington,NOT SPECIFIED,Snoqualmie Tribal,WADI08300,0,0,0,0,0,0,0,0,0,0,0,0,0,0,0,0,0,0,0,0,0,0,0,0,11,5,6,0,0,0,11,5,6,,
Washington,NOT SPECIFIED,Lower Elwha Klallam Tribal,WADI08600,4,2,2,6,3,3,1,0,1,0,0,0,2,1,1,0,0,0,2,0,2,0,0,0,2,1,1,2,1,1,4,1,3,,
Washington,KING,Seattle Police Department,WASPD0000,34884,10361,24523,53882,14060,39822,1379,217,1162,78,18,60,1457,204,1253,392,123,269,73004,5038,67966,38164,1453,36711,217649,13151,204498,2688,391,2297,328817,19642,309175,47.493554,-121.832375
Washington,NOT SPECIFIED,Washington State Patrol,WAWSP0000,0,0,0,0,0,0,0,0,0,0,0,0,0,0,0,0,0,0,0,0,0,0,0,0,0,0,0,0,0,0,0,0,0,47.043022,-122.85893
